21 1    
60 
3.685000e-01 -8.000000e-03 2.450000e-01 3.012000e+00 0.000000e+00 9.000000e+01 2.354832e-12 510 1 
5   												        		 
6.610000e-01 2.007200e+00 3.380000e-01 4.145000e-01 0.000000e+00 9.000000e+01 2.370211e-12 81 2   
5   												        	 
6.610000e-01 -2.007200e+00 3.380000e-01 4.145000e-01 0.000000e+00 9.000000e+01 2.369251e-12 81 3   
5   												        		 
1.383600e+00 2.358200e+00 2.182000e-01 3.463000e-01 0.000000e+00 9.000000e+01 4.917942e-15 35 4    
5   												
1.597900e+00 2.358200e+00 1.985000e-01 3.463000e-01 0.000000e+00 9.000000e+01 4.917942e-15 31 4    
5   												
1.957200e+00 2.358200e+00 1.724000e-01 3.463000e-01 0.000000e+00 9.000000e+01 4.917942e-15 27 4    
5   												
1.381600e+00 -2.358300e+00 2.178000e-01 3.466000e-01 0.000000e+00 9.000000e+01 1.967572e-15 35 5   
5   												
1.595600e+00 -2.358300e+00 1.981000e-01 3.466000e-01 0.000000e+00 9.000000e+01 1.967572e-15 31 5   
5   												
1.956200e+00 -2.358300e+00 1.720000e-01 3.466000e-01 0.000000e+00 9.000000e+01 1.967572e-15 27 5   
5 												        		 
3.011000e+00 1.681500e+00 1.590000e-01 4.310000e-01 0.000000e+00 9.000000e+01 -1.805564e-13 39 6   
5   												
3.246200e+00 1.681500e+00 1.945000e-01 4.310000e-01 0.000000e+00 9.000000e+01 -1.805564e-13 47 6   
5   												
3.012000e+00 -1.681500e+00 1.590000e-01 4.310000e-01 0.000000e+00 9.000000e+01 -1.943486e-13 39 7  
5   												
3.245700e+00 -1.681500e+00 1.945000e-01 4.310000e-01 0.000000e+00 9.000000e+01 -1.943486e-13 47 7  
5 												        		 
3.599500e+00 6.937000e-01 2.479000e-01 1.836000e-01 0.000000e+00 9.000000e+01 -8.283808e-14 28 8   
5   												        		 
3.600100e+00 -6.914000e-01 2.480000e-01 1.836000e-01 0.000000e+00 9.000000e+01 -8.283808e-14 28 8  
5 												        		 
3.011900e+00 2.008100e+00 1.458000e-01 5.280000e-02 0.000000e+00 9.000000e+01 2.354832e-12 5 1    
5   												         
3.011200e+00 -2.008600e+00 1.458000e-01 5.280000e-02 0.000000e+00 9.000000e+01 2.354832e-12 5 1   
7 												        		 
2.510500e+00 7.170000e-01 7.500000e-02 1.900000e-01 0.000000e+00 1.115410e+02 1.471273e-12 5 9    
7   												         
2.508800e+00 -7.170000e-01 7.500000e-02 1.900000e-01 0.000000e+00 6.845900e+01 1.431632e-12 5 10  
7 												        		 
2.111680e+00 7.180000e-01 8.100000e-02 3.120000e-01 0.000000e+00 1.208014e+02 4.157905e-15 1 11   
7  												  
2.019000e+00 -7.180000e-01 8.900000e-02 3.120000e-01 0.000000e+00 5.799460e+01 1.318873e-13 1 12  
