dtt #30000 t=3.4                                                          
 Name ||Time  || Value|| Error
______||______||______||______
NA1              601
AWALL            0.750
AB               0.750
RTOR             2.190
ELONM            2.000
TRICH            0.500
IPL              5.500
BTOR             5.850
AMJ              2.000
ZMJ              1.000
ZRD1             1.000
ZRD2             46
  
POINTS 201 GRIDTYPE 12    NAMEXP NE  NTIMES 1
  0.0
   0.002   0.007   0.012   0.017   0.022   0.027
   0.032   0.037   0.042   0.047   0.052   0.057
   0.062   0.067   0.072   0.077   0.082   0.087
   0.092   0.097   0.102   0.107   0.112   0.117
   0.122   0.127   0.132   0.137   0.142   0.147
   0.152   0.157   0.162   0.167   0.172   0.177
   0.182   0.187   0.192   0.197   0.202   0.207
   0.212   0.217   0.222   0.227   0.232   0.237
   0.242   0.247   0.252   0.257   0.262   0.267
   0.272   0.277   0.282   0.287   0.292   0.297
   0.302   0.307   0.312   0.317   0.322   0.327
   0.332   0.337   0.342   0.347   0.352   0.357
   0.362   0.367   0.372   0.377   0.382   0.387
   0.392   0.397   0.401   0.406   0.411   0.416
   0.421   0.426   0.431   0.436   0.441   0.446
   0.451   0.456   0.461   0.466   0.471   0.476
   0.481   0.486   0.491   0.496   0.501   0.506
   0.511   0.516   0.521   0.526   0.531   0.536
   0.541   0.546   0.551   0.556   0.561   0.566
   0.571   0.576   0.581   0.586   0.591   0.596
   0.601   0.606   0.611   0.616   0.621   0.626
   0.631   0.636   0.641   0.646   0.651   0.656
   0.661   0.666   0.671   0.676   0.681   0.686
   0.691   0.696   0.701   0.706   0.711   0.716
   0.721   0.726   0.731   0.736   0.741   0.746
   0.751   0.756   0.761   0.766   0.771   0.776
   0.781   0.786   0.791   0.796   0.800   0.805
   0.810   0.815   0.820   0.825   0.830   0.835
   0.840   0.845   0.850   0.855   0.860   0.865
   0.870   0.875   0.880   0.885   0.890   0.895
   0.900   0.905   0.910   0.915   0.920   0.925
   0.930   0.935   0.940   0.945   0.950   0.955
   0.960   0.965   0.970   0.975   0.980   0.985
   0.990   0.995   1.000
  23.858  23.851  23.839  23.820  23.796  23.766
  23.730  23.689  23.643  23.593  23.539  23.481
  23.420  23.357  23.291  23.224  23.155  23.084
  23.013  22.940  22.866  22.791  22.715  22.638
  22.559  22.480  22.399  22.317  22.235  22.152
  22.068  21.982  21.895  21.808  21.720  21.633
  21.546  21.460  21.373  21.287  21.201  21.116
  21.031  20.947  20.865  20.786  20.710  20.636
  20.564  20.491  20.419  20.346  20.272  20.199
  20.125  20.050  19.975  19.898  19.821  19.742
  19.662  19.580  19.495  19.408  19.318  19.225
  19.130  19.033  18.935  18.835  18.734  18.633
  18.531  18.428  18.325  18.221  18.116  18.011
  17.904  17.798  17.690  17.583  17.476  17.369
  17.262  17.154  17.046  16.937  16.826  16.715
  16.603  16.491  16.378  16.267  16.157  16.047
  15.938  15.829  15.718  15.605  15.491  15.375
  15.257  15.139  15.019  14.900  14.781  14.664
  14.549  14.437  14.328  14.222  14.120  14.020
  13.921  13.824  13.728  13.631  13.534  13.437
  13.338  13.238  13.139  13.042  12.946  12.853
  12.760  12.669  12.578  12.489  12.400  12.313
  12.227  12.144  12.063  11.984  11.909  11.835
  11.763  11.692  11.624  11.557  11.492  11.428
  11.367  11.308  11.251  11.198  11.148  11.101
  11.057  11.015  10.975  10.935  10.897  10.860
  10.823  10.787  10.750  10.712  10.674  10.635
  10.595  10.554  10.511  10.467  10.421  10.373
  10.322  10.269  10.213  10.155  10.095  10.031
   9.964   9.894   9.818   9.737   9.648   9.552
   9.446   9.329   9.201   9.060   8.906   8.739
   8.557   8.364   8.160   7.948   7.729   7.503
   7.268   7.023   6.768   6.500   6.220   5.925
   5.612   5.272   4.903
  
POINTS 201 GRIDTYPE 12    NAMEXP TE  NTIMES 1
   0.0
   0.002   0.007   0.012   0.017   0.022   0.027
   0.032   0.037   0.042   0.047   0.052   0.057
   0.062   0.067   0.072   0.077   0.082   0.087
   0.092   0.097   0.102   0.107   0.112   0.117
   0.122   0.127   0.132   0.137   0.142   0.147
   0.152   0.157   0.162   0.167   0.172   0.177
   0.182   0.187   0.192   0.197   0.202   0.207
   0.212   0.217   0.222   0.227   0.232   0.237
   0.242   0.247   0.252   0.257   0.262   0.267
   0.272   0.277   0.282   0.287   0.292   0.297
   0.302   0.307   0.312   0.317   0.322   0.327
   0.332   0.337   0.342   0.347   0.352   0.357
   0.362   0.367   0.372   0.377   0.382   0.387
   0.392   0.397   0.401   0.406   0.411   0.416
   0.421   0.426   0.431   0.436   0.441   0.446
   0.451   0.456   0.461   0.466   0.471   0.476
   0.481   0.486   0.491   0.496   0.501   0.506
   0.511   0.516   0.521   0.526   0.531   0.536
   0.541   0.546   0.551   0.556   0.561   0.566
   0.571   0.576   0.581   0.586   0.591   0.596
   0.601   0.606   0.611   0.616   0.621   0.626
   0.631   0.636   0.641   0.646   0.651   0.656
   0.661   0.666   0.671   0.676   0.681   0.686
   0.691   0.696   0.701   0.706   0.711   0.716
   0.721   0.726   0.731   0.736   0.741   0.746
   0.751   0.756   0.761   0.766   0.771   0.776
   0.781   0.786   0.791   0.796   0.800   0.805
   0.810   0.815   0.820   0.825   0.830   0.835
   0.840   0.845   0.850   0.855   0.860   0.865
   0.870   0.875   0.880   0.885   0.890   0.895
   0.900   0.905   0.910   0.915   0.920   0.925
   0.930   0.935   0.940   0.945   0.950   0.955
   0.960   0.965   0.970   0.975   0.980   0.985
   0.990   0.995   1.000
  13.930  13.930  13.928  13.926  13.923  13.920
  13.915  13.908  13.901  13.891  13.880  13.867
  13.851  13.833  13.812  13.788  13.760  13.729
  13.694  13.655  13.611  13.563  13.510  13.453
  13.390  13.322  13.248  13.168  13.080  12.984
  12.882  12.774  12.660  12.542  12.420  12.295
  12.165  12.032  11.895  11.754  11.608  11.457
  11.303  11.148  10.994  10.840  10.689  10.540
  10.392  10.246  10.100   9.955   9.810   9.665
   9.521   9.376   9.232   9.088   8.944   8.802
   8.661   8.521   8.383   8.246   8.111   7.977
   7.846   7.716   7.587   7.460   7.335   7.211
   7.089   6.968   6.849   6.731   6.615   6.501
   6.388   6.277   6.168   6.060   5.954   5.849
   5.745   5.642   5.540   5.440   5.342   5.247
   5.155   5.065   4.979   4.897   4.817   4.739
   4.661   4.584   4.506   4.429   4.351   4.274
   4.196   4.119   4.042   3.965   3.890   3.817
   3.745   3.675   3.607   3.541   3.476   3.413
   3.350   3.288   3.227   3.166   3.106   3.046
   2.987   2.928   2.870   2.813   2.757   2.702
   2.647   2.593   2.539   2.486   2.433   2.381
   2.330   2.279   2.229   2.180   2.132   2.085
   2.039   1.993   1.948   1.903   1.860   1.817
   1.775   1.734   1.694   1.655   1.617   1.580
   1.544   1.508   1.473   1.439   1.405   1.372
   1.339   1.307   1.275   1.244   1.213   1.183
   1.153   1.123   1.094   1.065   1.036   1.007
   0.979   0.950   0.922   0.893   0.865   0.837
   0.809   0.781   0.753   0.725   0.696   0.668
   0.639   0.609   0.580   0.550   0.520   0.489
   0.459   0.429   0.401   0.373   0.348   0.323
   0.300   0.279   0.258   0.238   0.220   0.202
   0.185   0.165   0.143
  
POINTS 201 GRIDTYPE 12    NAMEXP TI  NTIMES 1
   0.0
   0.002   0.007   0.012   0.017   0.022   0.027
   0.032   0.037   0.042   0.047   0.052   0.057
   0.062   0.067   0.072   0.077   0.082   0.087
   0.092   0.097   0.102   0.107   0.112   0.117
   0.122   0.127   0.132   0.137   0.142   0.147
   0.152   0.157   0.162   0.167   0.172   0.177
   0.182   0.187   0.192   0.197   0.202   0.207
   0.212   0.217   0.222   0.227   0.232   0.237
   0.242   0.247   0.252   0.257   0.262   0.267
   0.272   0.277   0.282   0.287   0.292   0.297
   0.302   0.307   0.312   0.317   0.322   0.327
   0.332   0.337   0.342   0.347   0.352   0.357
   0.362   0.367   0.372   0.377   0.382   0.387
   0.392   0.397   0.401   0.406   0.411   0.416
   0.421   0.426   0.431   0.436   0.441   0.446
   0.451   0.456   0.461   0.466   0.471   0.476
   0.481   0.486   0.491   0.496   0.501   0.506
   0.511   0.516   0.521   0.526   0.531   0.536
   0.541   0.546   0.551   0.556   0.561   0.566
   0.571   0.576   0.581   0.586   0.591   0.596
   0.601   0.606   0.611   0.616   0.621   0.626
   0.631   0.636   0.641   0.646   0.651   0.656
   0.661   0.666   0.671   0.676   0.681   0.686
   0.691   0.696   0.701   0.706   0.711   0.716
   0.721   0.726   0.731   0.736   0.741   0.746
   0.751   0.756   0.761   0.766   0.771   0.776
   0.781   0.786   0.791   0.796   0.800   0.805
   0.810   0.815   0.820   0.825   0.830   0.835
   0.840   0.845   0.850   0.855   0.860   0.865
   0.870   0.875   0.880   0.885   0.890   0.895
   0.900   0.905   0.910   0.915   0.920   0.925
   0.930   0.935   0.940   0.945   0.950   0.955
   0.960   0.965   0.970   0.975   0.980   0.985
   0.990   0.995   1.000
   5.836   5.836   5.835   5.835   5.833   5.832
   5.829   5.826   5.822   5.817   5.811   5.804
   5.796   5.788   5.778   5.767   5.756   5.743
   5.728   5.713   5.696   5.677   5.657   5.633
   5.608   5.579   5.548   5.514   5.477   5.439
   5.399   5.358   5.316   5.274   5.232   5.191
   5.149   5.108   5.066   5.023   4.981   4.937
   4.893   4.849   4.806   4.763   4.721   4.679
   4.638   4.597   4.556   4.514   4.472   4.430
   4.387   4.344   4.300   4.256   4.212   4.167
   4.122   4.077   4.032   3.986   3.940   3.894
   3.847   3.801   3.755   3.710   3.664   3.619
   3.575   3.530   3.486   3.442   3.398   3.355
   3.312   3.269   3.227   3.186   3.145   3.104
   3.065   3.025   2.987   2.949   2.912   2.875
   2.840   2.805   2.771   2.738   2.706   2.674
   2.642   2.609   2.577   2.545   2.513   2.481
   2.450   2.419   2.388   2.358   2.328   2.300
   2.271   2.244   2.217   2.190   2.164   2.139
   2.113   2.088   2.062   2.037   2.011   1.985
   1.959   1.933   1.908   1.882   1.858   1.833
   1.809   1.786   1.762   1.738   1.715   1.692
   1.669   1.646   1.625   1.603   1.582   1.561
   1.540   1.519   1.498   1.477   1.456   1.436
   1.415   1.395   1.374   1.354   1.334   1.315
   1.295   1.276   1.257   1.237   1.218   1.199
   1.180   1.161   1.142   1.123   1.104   1.084
   1.065   1.045   1.025   1.004   0.984   0.963
   0.942   0.921   0.900   0.879   0.858   0.837
   0.816   0.795   0.773   0.751   0.728   0.704
   0.679   0.654   0.627   0.599   0.570   0.541
   0.510   0.480   0.450   0.421   0.393   0.367
   0.341   0.317   0.294   0.271   0.249   0.229
   0.208   0.184   0.157
  
 !NNCL source at separatrix
POINTS 2 GRIDTYPE 12    NAMEXP car17  FILTER 1.000000e-06   NTIMES 1
   0.0
   0.000   1.000
   4.046   4.046
  
 !NBI el. source SNEBM
POINTS 201 GRIDTYPE 12    NAMEXP car18  FILTER 1.000000e-06   NTIMES 1
   0.0
   0.002   0.007   0.012   0.017   0.022   0.027
   0.032   0.037   0.042   0.047   0.052   0.057
   0.062   0.067   0.072   0.077   0.082   0.087
   0.092   0.097   0.102   0.107   0.112   0.117
   0.122   0.127   0.132   0.137   0.142   0.147
   0.152   0.157   0.162   0.167   0.172   0.177
   0.182   0.187   0.192   0.197   0.202   0.207
   0.212   0.217   0.222   0.227   0.232   0.237
   0.242   0.247   0.252   0.257   0.262   0.267
   0.272   0.277   0.282   0.287   0.292   0.297
   0.302   0.307   0.312   0.317   0.322   0.327
   0.332   0.337   0.342   0.347   0.352   0.357
   0.362   0.367   0.372   0.377   0.382   0.387
   0.392   0.397   0.401   0.406   0.411   0.416
   0.421   0.426   0.431   0.436   0.441   0.446
   0.451   0.456   0.461   0.466   0.471   0.476
   0.481   0.486   0.491   0.496   0.501   0.506
   0.511   0.516   0.521   0.526   0.531   0.536
   0.541   0.546   0.551   0.556   0.561   0.566
   0.571   0.576   0.581   0.586   0.591   0.596
   0.601   0.606   0.611   0.616   0.621   0.626
   0.631   0.636   0.641   0.646   0.651   0.656
   0.661   0.666   0.671   0.676   0.681   0.686
   0.691   0.696   0.701   0.706   0.711   0.716
   0.721   0.726   0.731   0.736   0.741   0.746
   0.751   0.756   0.761   0.766   0.771   0.776
   0.781   0.786   0.791   0.796   0.800   0.805
   0.810   0.815   0.820   0.825   0.830   0.835
   0.840   0.845   0.850   0.855   0.860   0.865
   0.870   0.875   0.880   0.885   0.890   0.895
   0.900   0.905   0.910   0.915   0.920   0.925
   0.930   0.935   0.940   0.945   0.950   0.955
   0.960   0.965   0.970   0.975   0.980   0.985
   0.990   0.995   1.000
   0.000   0.000   0.000   0.000   0.000   0.000
   0.000   0.000   0.000   0.000   0.000   0.000
   0.000   0.000   0.000   0.000   0.000   0.000
   0.000   0.000   0.000   0.000   0.000   0.000
   0.000   0.000   0.000   0.000   0.000   0.000
   0.000   0.000   0.000   0.000   0.000   0.000
   0.000   0.000   0.000   0.000   0.000   0.000
   0.000   0.000   0.000   0.000   0.000   0.000
   0.000   0.000   0.000   0.000   0.000   0.000
   0.000   0.000   0.000   0.000   0.000   0.000
   0.000   0.000   0.000   0.000   0.000   0.000
   0.000   0.000   0.000   0.000   0.000   0.000
   0.000   0.000   0.000   0.000   0.000   0.000
   0.000   0.000   0.000   0.000   0.000   0.000
   0.000   0.000   0.000   0.000   0.000   0.000
   0.000   0.000   0.000   0.000   0.000   0.000
   0.000   0.000   0.000   0.000   0.000   0.000
   0.000   0.000   0.000   0.000   0.000   0.000
   0.000   0.000   0.000   0.000   0.000   0.000
   0.000   0.000   0.000   0.000   0.000   0.000
   0.000   0.000   0.000   0.000   0.000   0.000
   0.000   0.000   0.000   0.000   0.000   0.000
   0.000   0.000   0.000   0.000   0.000   0.000
   0.000   0.000   0.000   0.000   0.000   0.000
   0.000   0.000   0.000   0.000   0.000   0.000
   0.000   0.000   0.000   0.000   0.000   0.000
   0.000   0.000   0.000   0.000   0.000   0.000
   0.000   0.000   0.000   0.000   0.000   0.000
   0.000   0.000   0.000   0.000   0.000   0.000
   0.000   0.000   0.000   0.000   0.000   0.000
   0.000   0.000   0.000   0.000   0.000   0.000
   0.000   0.000   0.000   0.000   0.000   0.000
   0.000   0.000   0.000   0.000   0.000   0.000
   0.000   0.000   0.000
  
 !NBI fast ions
POINTS 201 GRIDTYPE 12    NAMEXP car19  FILTER 1.000000e-06   NTIMES 1
   0.0
   0.002   0.007   0.012   0.017   0.022   0.027
   0.032   0.037   0.042   0.047   0.052   0.057
   0.062   0.067   0.072   0.077   0.082   0.087
   0.092   0.097   0.102   0.107   0.112   0.117
   0.122   0.127   0.132   0.137   0.142   0.147
   0.152   0.157   0.162   0.167   0.172   0.177
   0.182   0.187   0.192   0.197   0.202   0.207
   0.212   0.217   0.222   0.227   0.232   0.237
   0.242   0.247   0.252   0.257   0.262   0.267
   0.272   0.277   0.282   0.287   0.292   0.297
   0.302   0.307   0.312   0.317   0.322   0.327
   0.332   0.337   0.342   0.347   0.352   0.357
   0.362   0.367   0.372   0.377   0.382   0.387
   0.392   0.397   0.401   0.406   0.411   0.416
   0.421   0.426   0.431   0.436   0.441   0.446
   0.451   0.456   0.461   0.466   0.471   0.476
   0.481   0.486   0.491   0.496   0.501   0.506
   0.511   0.516   0.521   0.526   0.531   0.536
   0.541   0.546   0.551   0.556   0.561   0.566
   0.571   0.576   0.581   0.586   0.591   0.596
   0.601   0.606   0.611   0.616   0.621   0.626
   0.631   0.636   0.641   0.646   0.651   0.656
   0.661   0.666   0.671   0.676   0.681   0.686
   0.691   0.696   0.701   0.706   0.711   0.716
   0.721   0.726   0.731   0.736   0.741   0.746
   0.751   0.756   0.761   0.766   0.771   0.776
   0.781   0.786   0.791   0.796   0.800   0.805
   0.810   0.815   0.820   0.825   0.830   0.835
   0.840   0.845   0.850   0.855   0.860   0.865
   0.870   0.875   0.880   0.885   0.890   0.895
   0.900   0.905   0.910   0.915   0.920   0.925
   0.930   0.935   0.940   0.945   0.950   0.955
   0.960   0.965   0.970   0.975   0.980   0.985
   0.990   0.995   1.000
   0.065   0.065   0.065   0.065   0.065   0.065
   0.065   0.066   0.066   0.067   0.068   0.068
   0.069   0.070   0.071   0.072   0.073   0.074
   0.074   0.075   0.075   0.075   0.075   0.074
   0.073   0.072   0.071   0.070   0.069   0.067
   0.066   0.064   0.062   0.060   0.059   0.057
   0.055   0.054   0.052   0.050   0.049   0.047
   0.046   0.044   0.043   0.042   0.040   0.039
   0.038   0.036   0.035   0.034   0.033   0.031
   0.030   0.029   0.028   0.027   0.026   0.025
   0.024   0.023   0.022   0.021   0.021   0.020
   0.019   0.018   0.018   0.017   0.016   0.016
   0.015   0.015   0.014   0.013   0.013   0.013
   0.012   0.012   0.011   0.011   0.011   0.010
   0.010   0.010   0.009   0.009   0.009   0.009
   0.008   0.008   0.008   0.008   0.007   0.007
   0.007   0.007   0.007   0.007   0.006   0.006
   0.006   0.006   0.006   0.006   0.006   0.005
   0.005   0.005   0.005   0.005   0.005   0.005
   0.005   0.005   0.005   0.004   0.004   0.004
   0.004   0.004   0.004   0.004   0.004   0.004
   0.004   0.004   0.004   0.004   0.004   0.004
   0.004   0.003   0.003   0.003   0.003   0.003
   0.003   0.003   0.003   0.003   0.003   0.003
   0.003   0.003   0.003   0.003   0.003   0.003
   0.003   0.003   0.003   0.003   0.003   0.003
   0.003   0.003   0.003   0.002   0.002   0.002
   0.002   0.002   0.002   0.002   0.002   0.002
   0.002   0.002   0.002   0.002   0.002   0.002
   0.002   0.002   0.002   0.002   0.002   0.002
   0.001   0.001   0.001   0.001   0.001   0.001
   0.001   0.001   0.001   0.001   0.001   0.001
   0.001   0.001   0.001   0.001   0.001   0.001
   0.001   0.001   0.001
  
 !Power on electrons w/o POHM and PEI
POINTS 201 GRIDTYPE 12    NAMEXP car20  FILTER 1.000000e-06   NTIMES 1
   0.0
   0.002   0.007   0.012   0.017   0.022   0.027
   0.032   0.037   0.042   0.047   0.052   0.057
   0.062   0.067   0.072   0.077   0.082   0.087
   0.092   0.097   0.102   0.107   0.112   0.117
   0.122   0.127   0.132   0.137   0.142   0.147
   0.152   0.157   0.162   0.167   0.172   0.177
   0.182   0.187   0.192   0.197   0.202   0.207
   0.212   0.217   0.222   0.227   0.232   0.237
   0.242   0.247   0.252   0.257   0.262   0.267
   0.272   0.277   0.282   0.287   0.292   0.297
   0.302   0.307   0.312   0.317   0.322   0.327
   0.332   0.337   0.342   0.347   0.352   0.357
   0.362   0.367   0.372   0.377   0.382   0.387
   0.392   0.397   0.401   0.406   0.411   0.416
   0.421   0.426   0.431   0.436   0.441   0.446
   0.451   0.456   0.461   0.466   0.471   0.476
   0.481   0.486   0.491   0.496   0.501   0.506
   0.511   0.516   0.521   0.526   0.531   0.536
   0.541   0.546   0.551   0.556   0.561   0.566
   0.571   0.576   0.581   0.586   0.591   0.596
   0.601   0.606   0.611   0.616   0.621   0.626
   0.631   0.636   0.641   0.646   0.651   0.656
   0.661   0.666   0.671   0.676   0.681   0.686
   0.691   0.696   0.701   0.706   0.711   0.716
   0.721   0.726   0.731   0.736   0.741   0.746
   0.751   0.756   0.761   0.766   0.771   0.776
   0.781   0.786   0.791   0.796   0.800   0.805
   0.810   0.815   0.820   0.825   0.830   0.835
   0.840   0.845   0.850   0.855   0.860   0.865
   0.870   0.875   0.880   0.885   0.890   0.895
   0.900   0.905   0.910   0.915   0.920   0.925
   0.930   0.935   0.940   0.945   0.950   0.955
   0.960   0.965   0.970   0.975   0.980   0.985
   0.990   0.995   1.000
   1.307   1.423   1.547   1.678   1.817   1.963
   2.116   2.276   2.443   2.616   2.796   2.982
   3.173   3.369   3.569   3.773   3.979   4.187
   4.397   4.606   4.815   5.022   5.226   5.426
   5.622   5.812   5.995   6.170   6.336   6.492
   6.638   6.772   6.893   7.001   7.095   7.174
   7.239   7.288   7.321   7.338   7.339   7.324
   7.293   7.245   7.183   7.105   7.013   6.906
   6.787   6.654   6.510   6.355   6.190   6.015
   5.833   5.644   5.449   5.249   5.046   4.839
   4.631   4.422   4.213   4.005   3.799   3.595
   3.395   3.199   3.008   2.822   2.641   2.467
   2.299   2.138   1.984   1.837   1.697   1.564
   1.438   1.320   1.208   1.104   1.007   0.916
   0.831   0.753   0.680   0.613   0.552   0.495
   0.444   0.397   0.354   0.315   0.279   0.248
   0.219   0.193   0.170   0.149   0.131   0.114
   0.100   0.087   0.075   0.065   0.056   0.049
   0.042   0.036   0.031   0.026   0.023   0.019
   0.016   0.014   0.012   0.010   0.008   0.007
   0.006   0.005   0.004   0.003   0.003   0.002
   0.002   0.002   0.001   0.001   0.001   0.001
   0.001   0.001   0.001   0.001   0.001   0.001
   0.001   0.001   0.001   0.001   0.001   0.001
   0.001   0.001   0.001   0.001   0.001   0.001
   0.001   0.000   0.000   0.000   0.000   0.000
   0.000   0.000   0.000   0.000  -0.000  -0.000
  -0.000  -0.000  -0.000  -0.000  -0.000  -0.000
  -0.000  -0.001  -0.001  -0.001  -0.001  -0.001
  -0.001  -0.001  -0.001  -0.001  -0.000  -0.000
  -0.000  -0.000  -0.000  -0.000   0.000   0.000
   0.000   0.000   0.000   0.001   0.001   0.001
   0.001   0.001   0.001   0.001   0.001   0.000
   0.000   0.000   0.000
  
 !Power to ions w/o  PEI
POINTS 201 GRIDTYPE 12    NAMEXP car21  FILTER 1.000000e-06   NTIMES 1
   0.0
   0.002   0.007   0.012   0.017   0.022   0.027
   0.032   0.037   0.042   0.047   0.052   0.057
   0.062   0.067   0.072   0.077   0.082   0.087
   0.092   0.097   0.102   0.107   0.112   0.117
   0.122   0.127   0.132   0.137   0.142   0.147
   0.152   0.157   0.162   0.167   0.172   0.177
   0.182   0.187   0.192   0.197   0.202   0.207
   0.212   0.217   0.222   0.227   0.232   0.237
   0.242   0.247   0.252   0.257   0.262   0.267
   0.272   0.277   0.282   0.287   0.292   0.297
   0.302   0.307   0.312   0.317   0.322   0.327
   0.332   0.337   0.342   0.347   0.352   0.357
   0.362   0.367   0.372   0.377   0.382   0.387
   0.392   0.397   0.401   0.406   0.411   0.416
   0.421   0.426   0.431   0.436   0.441   0.446
   0.451   0.456   0.461   0.466   0.471   0.476
   0.481   0.486   0.491   0.496   0.501   0.506
   0.511   0.516   0.521   0.526   0.531   0.536
   0.541   0.546   0.551   0.556   0.561   0.566
   0.571   0.576   0.581   0.586   0.591   0.596
   0.601   0.606   0.611   0.616   0.621   0.626
   0.631   0.636   0.641   0.646   0.651   0.656
   0.661   0.666   0.671   0.676   0.681   0.686
   0.691   0.696   0.701   0.706   0.711   0.716
   0.721   0.726   0.731   0.736   0.741   0.746
   0.751   0.756   0.761   0.766   0.771   0.776
   0.781   0.786   0.791   0.796   0.800   0.805
   0.810   0.815   0.820   0.825   0.830   0.835
   0.840   0.845   0.850   0.855   0.860   0.865
   0.870   0.875   0.880   0.885   0.890   0.895
   0.900   0.905   0.910   0.915   0.920   0.925
   0.930   0.935   0.940   0.945   0.950   0.955
   0.960   0.965   0.970   0.975   0.980   0.985
   0.990   0.995   1.000
   0.044   0.044   0.043   0.043   0.043   0.043
   0.043   0.043   0.043   0.043   0.044   0.044
   0.045   0.046   0.048   0.049   0.051   0.053
   0.055   0.057   0.058   0.059   0.060   0.061
   0.062   0.062   0.062   0.062   0.062   0.062
   0.061   0.060   0.059   0.059   0.058   0.056
   0.055   0.054   0.053   0.052   0.050   0.049
   0.048   0.046   0.045   0.044   0.042   0.041
   0.039   0.038   0.037   0.035   0.034   0.032
   0.031   0.030   0.029   0.027   0.026   0.025
   0.024   0.023   0.022   0.021   0.020   0.019
   0.018   0.017   0.016   0.015   0.014   0.014
   0.013   0.012   0.012   0.011   0.011   0.010
   0.010   0.009   0.009   0.008   0.008   0.007
   0.007   0.007   0.006   0.006   0.006   0.005
   0.005   0.005   0.005   0.004   0.004   0.004
   0.004   0.004   0.003   0.003   0.003   0.003
   0.003   0.003   0.003   0.002   0.002   0.002
   0.002   0.002   0.002   0.002   0.002   0.002
   0.002   0.002   0.001   0.001   0.001   0.001
   0.001   0.001   0.001   0.001   0.001   0.001
   0.001   0.001   0.001   0.001   0.001   0.001
   0.001   0.001   0.001   0.001   0.001   0.001
   0.001   0.001   0.001   0.001   0.001   0.001
   0.001   0.001   0.001   0.001   0.001   0.001
   0.001   0.001   0.001   0.001   0.001   0.001
   0.001   0.001   0.001   0.001   0.001   0.001
   0.001   0.001   0.001   0.001   0.001   0.001
   0.001   0.001   0.001   0.000   0.000   0.000
   0.000   0.000   0.000   0.000   0.000   0.000
   0.000   0.000   0.000   0.000   0.000   0.000
   0.000   0.000   0.000   0.000   0.000   0.000
   0.000   0.000   0.000   0.000   0.000   0.000
   0.000   0.000   0.000
  
 !PRAD
POINTS 201 GRIDTYPE 12    NAMEXP PRAD  FILTER 1.000000e-06   NTIMES 1
   0.0
   0.002   0.007   0.012   0.017   0.022   0.027
   0.032   0.037   0.042   0.047   0.052   0.057
   0.062   0.067   0.072   0.077   0.082   0.087
   0.092   0.097   0.102   0.107   0.112   0.117
   0.122   0.127   0.132   0.137   0.142   0.147
   0.152   0.157   0.162   0.167   0.172   0.177
   0.182   0.187   0.192   0.197   0.202   0.207
   0.212   0.217   0.222   0.227   0.232   0.237
   0.242   0.247   0.252   0.257   0.262   0.267
   0.272   0.277   0.282   0.287   0.292   0.297
   0.302   0.307   0.312   0.317   0.322   0.327
   0.332   0.337   0.342   0.347   0.352   0.357
   0.362   0.367   0.372   0.377   0.382   0.387
   0.392   0.397   0.401   0.406   0.411   0.416
   0.421   0.426   0.431   0.436   0.441   0.446
   0.451   0.456   0.461   0.466   0.471   0.476
   0.481   0.486   0.491   0.496   0.501   0.506
   0.511   0.516   0.521   0.526   0.531   0.536
   0.541   0.546   0.551   0.556   0.561   0.566
   0.571   0.576   0.581   0.586   0.591   0.596
   0.601   0.606   0.611   0.616   0.621   0.626
   0.631   0.636   0.641   0.646   0.651   0.656
   0.661   0.666   0.671   0.676   0.681   0.686
   0.691   0.696   0.701   0.706   0.711   0.716
   0.721   0.726   0.731   0.736   0.741   0.746
   0.751   0.756   0.761   0.766   0.771   0.776
   0.781   0.786   0.791   0.796   0.800   0.805
   0.810   0.815   0.820   0.825   0.830   0.835
   0.840   0.845   0.850   0.855   0.860   0.865
   0.870   0.875   0.880   0.885   0.890   0.895
   0.900   0.905   0.910   0.915   0.920   0.925
   0.930   0.935   0.940   0.945   0.950   0.955
   0.960   0.965   0.970   0.975   0.980   0.985
   0.990   0.995   1.000
   0.000   0.000   0.000   0.000   0.000   0.000
   0.000   0.000   0.000   0.000   0.000   0.000
   0.000   0.000   0.000   0.000   0.000   0.000
   0.000   0.000   0.000   0.000   0.000   0.000
   0.000   0.000   0.000   0.000   0.000   0.000
   0.000   0.000   0.000   0.000   0.000   0.000
   0.000   0.000   0.000   0.000   0.000   0.000
   0.000   0.000   0.000   0.000   0.000   0.000
   0.000   0.000   0.000   0.000   0.000   0.000
   0.000   0.000   0.000   0.000   0.000   0.000
   0.000   0.000   0.000   0.000   0.000   0.000
   0.000   0.000   0.000   0.000   0.000   0.000
   0.000   0.000   0.000   0.000   0.000   0.000
   0.000   0.000   0.000   0.000   0.000   0.000
   0.000   0.000   0.000   0.000   0.000   0.000
   0.000   0.000   0.000   0.000   0.000   0.000
   0.000   0.000   0.000   0.000   0.000   0.000
   0.000   0.000   0.000   0.000   0.000   0.000
   0.000   0.000   0.000   0.000   0.000   0.000
   0.000   0.000   0.000   0.000   0.000   0.000
   0.000   0.000   0.000   0.000   0.000   0.000
   0.000   0.000   0.000   0.000   0.000   0.000
   0.000   0.000   0.000   0.000   0.000   0.000
   0.000   0.000   0.000   0.000   0.000   0.000
   0.000   0.000   0.000   0.000   0.000   0.000
   0.000   0.000   0.000   0.000   0.000   0.000
   0.000   0.000   0.000   0.000   0.000   0.000
   0.000   0.000   0.000   0.000   0.000   0.000
   0.000   0.000   0.000   0.000   0.000   0.000
   0.000   0.000   0.000   0.000   0.000   0.000
   0.000   0.000   0.000   0.000   0.000   0.000
   0.000   0.000   0.000   0.000   0.000   0.000
   0.000   0.000   0.000   0.000   0.000   0.000
   0.000   0.000   0.000
  
POINTS 196 GRIDTYPE 12    NAMEXP MU  FILTER 1.000000e-06   NTIMES 1
  0.0
   0.002   0.007   0.012   0.017   0.022   0.027
   0.032   0.037   0.042   0.047   0.052   0.057
   0.062   0.067   0.072   0.077   0.082   0.087
   0.092   0.097   0.102   0.107   0.112   0.117
   0.122   0.127   0.132   0.137   0.142   0.147
   0.152   0.157   0.162   0.167   0.172   0.177
   0.182   0.187   0.192   0.197   0.202   0.207
   0.212   0.217   0.222   0.227   0.232   0.237
   0.242   0.247   0.252   0.257   0.262   0.267
   0.272   0.277   0.282   0.287   0.292   0.297
   0.302   0.307   0.312   0.317   0.322   0.327
   0.332   0.337   0.342   0.347   0.352   0.357
   0.362   0.367   0.372   0.377   0.382   0.387
   0.392   0.397   0.401   0.406   0.411   0.416
   0.421   0.426   0.431   0.436   0.441   0.446
   0.451   0.456   0.461   0.466   0.471   0.476
   0.481   0.486   0.491   0.496   0.501   0.506
   0.511   0.516   0.521   0.526   0.531   0.536
   0.541   0.546   0.551   0.556   0.561   0.566
   0.571   0.576   0.581   0.586   0.591   0.596
   0.601   0.606   0.611   0.616   0.621   0.626
   0.631   0.636   0.641   0.646   0.651   0.656
   0.661   0.666   0.671   0.676   0.681   0.686
   0.691   0.696   0.701   0.706   0.711   0.716
   0.721   0.726   0.731   0.736   0.741   0.746
   0.751   0.756   0.761   0.766   0.771   0.776
   0.781   0.786   0.791   0.796   0.800   0.805
   0.810   0.815   0.820   0.825   0.830   0.835
   0.840   0.845   0.850   0.855   0.860   0.865
   0.870   0.875   0.880   0.885   0.890   0.895
   0.900   0.905   0.910   0.915   0.920   0.925
   0.930   0.935   0.940   0.945   0.950   0.955
   0.960   0.965   0.970   0.975
   1.000   1.000   1.000   1.000   1.000   1.000
   1.000   1.000   0.999   0.999   0.999   0.999
   0.999   0.998   0.998   0.998   0.998   0.997
   0.997   0.997   0.996   0.996   0.995   0.995
   0.994   0.994   0.994   0.993   0.993   0.992
   0.991   0.991   0.990   0.990   0.989   0.989
   0.988   0.987   0.986   0.986   0.985   0.984
   0.984   0.983   0.982   0.981   0.980   0.979
   0.979   0.978   0.977   0.976   0.975   0.974
   0.973   0.972   0.971   0.970   0.969   0.968
   0.967   0.965   0.964   0.963   0.962   0.961
   0.960   0.958   0.957   0.956   0.955   0.953
   0.952   0.951   0.949   0.948   0.947   0.945
   0.944   0.942   0.941   0.939   0.938   0.936
   0.935   0.933   0.932   0.930   0.928   0.927
   0.925   0.924   0.922   0.920   0.918   0.917
   0.915   0.913   0.911   0.910   0.908   0.906
   0.904   0.902   0.900   0.898   0.897   0.895
   0.893   0.891   0.889   0.887   0.885   0.883
   0.880   0.878   0.876   0.874   0.872   0.870
   0.868   0.866   0.863   0.861   0.859   0.857
   0.854   0.852   0.850   0.848   0.845   0.843
   0.841   0.838   0.836   0.833   0.831   0.828
   0.826   0.823   0.820   0.817   0.813   0.808
   0.802   0.794   0.785   0.773   0.759   0.742
   0.723   0.702   0.679   0.656   0.633   0.610
   0.589   0.569   0.551   0.535   0.521   0.509
   0.498   0.489   0.480   0.473   0.466   0.460
   0.454   0.448   0.442   0.437   0.432   0.426
   0.421   0.416   0.410   0.405   0.400   0.394
   0.389   0.383   0.378   0.372   0.366   0.360
   0.354   0.347   0.341   0.334   0.327   0.319
   0.311   0.303   0.295   0.286
  
POINTS 196 GRIDTYPE 12    NAMEXP CU  FILTER 1.000000e-06   NTIMES 1
  0.0
   0.002   0.007   0.012   0.017   0.022   0.027
   0.032   0.037   0.042   0.047   0.052   0.057
   0.062   0.067   0.072   0.077   0.082   0.087
   0.092   0.097   0.102   0.107   0.112   0.117
   0.122   0.127   0.132   0.137   0.142   0.147
   0.152   0.157   0.162   0.167   0.172   0.177
   0.182   0.187   0.192   0.197   0.202   0.207
   0.212   0.217   0.222   0.227   0.232   0.237
   0.242   0.247   0.252   0.257   0.262   0.267
   0.272   0.277   0.282   0.287   0.292   0.297
   0.302   0.307   0.312   0.317   0.322   0.327
   0.332   0.337   0.342   0.347   0.352   0.357
   0.362   0.367   0.372   0.377   0.382   0.387
   0.392   0.397   0.401   0.406   0.411   0.416
   0.421   0.426   0.431   0.436   0.441   0.446
   0.451   0.456   0.461   0.466   0.471   0.476
   0.481   0.486   0.491   0.496   0.501   0.506
   0.511   0.516   0.521   0.526   0.531   0.536
   0.541   0.546   0.551   0.556   0.561   0.566
   0.571   0.576   0.581   0.586   0.591   0.596
   0.601   0.606   0.611   0.616   0.621   0.626
   0.631   0.636   0.641   0.646   0.651   0.656
   0.661   0.666   0.671   0.676   0.681   0.686
   0.691   0.696   0.701   0.706   0.711   0.716
   0.721   0.726   0.731   0.736   0.741   0.746
   0.751   0.756   0.761   0.766   0.771   0.776
   0.781   0.786   0.791   0.796   0.800   0.805
   0.810   0.815   0.820   0.825   0.830   0.835
   0.840   0.845   0.850   0.855   0.860   0.865
   0.870   0.875   0.880   0.885   0.890   0.895
   0.900   0.905   0.910   0.915   0.920   0.925
   0.930   0.935   0.940   0.945   0.950   0.955
   0.960   0.965   0.970   0.975
   4.586   4.586   4.586   4.585   4.585   4.586
   4.587   4.588   4.588   4.588   4.588   4.588
   4.589   4.589   4.589   4.589   4.589   4.589
   4.589   4.590   4.590   4.591   4.592   4.593
   4.594   4.595   4.597   4.599   4.601   4.603
   4.606   4.609   4.608   4.608   4.608   4.609
   4.610   4.610   4.610   4.611   4.617   4.617
   4.616   4.613   4.610   4.606   4.602   4.601
   4.600   4.599   4.597   4.595   4.593   4.590
   4.588   4.586   4.583   4.580   4.576   4.572
   4.568   4.565   4.561   4.558   4.554   4.550
   4.545   4.540   4.535   4.530   4.524   4.519
   4.513   4.507   4.500   4.494   4.488   4.481
   4.474   4.467   4.459   4.451   4.444   4.437
   4.430   4.423   4.414   4.405   4.396   4.386
   4.376   4.365   4.352   4.340   4.330   4.323
   4.317   4.309   4.301   4.293   4.284   4.275
   4.265   4.255   4.244   4.232   4.218   4.204
   4.191   4.178   4.164   4.150   4.139   4.128
   4.117   4.106   4.095   4.083   4.072   4.061
   4.049   4.036   4.021   4.006   3.992   3.980
   3.968   3.955   3.943   3.930   3.916   3.902
   3.885   3.869   3.852   3.835   3.816   3.791
   3.755   3.699   3.614   3.480   3.278   2.983
   2.573   2.030   1.349   0.546   0.050   0.050
   0.050   0.050   0.050   0.050   0.050   0.050
   0.050   0.050   0.050   0.050   0.050   0.050
   0.050   0.217   0.520   0.749   0.918   1.038
   1.120   1.174   1.207   1.225   1.232   1.230
   1.221   1.205   1.185   1.162   1.135   1.104
   1.069   1.031   0.989   0.944   0.897   0.847
   0.793   0.738   0.679   0.623   0.572   0.526
   0.483   0.442   0.408   0.387
  
POINTS  92   NAMEXP BND  FILTER 1.000000e-06   NTIMES 1
   0.0
   2.891   0.058
   2.888   0.126
   2.880   0.193
   2.868   0.260
   2.852   0.326
   2.832   0.390
   2.809   0.454
   2.782   0.516
   2.751   0.576
   2.718   0.635
   2.681   0.692
   2.640   0.746
   2.597   0.799
   2.551   0.848
   2.503   0.896
   2.452   0.940
   2.398   0.982
   2.343   1.021
   2.286   1.057
   2.226   1.090
   2.165   1.119
   2.103   1.144
   2.038   1.164
   1.972   1.179
   1.904   1.184
   1.837   1.178
   1.773   1.157
   1.717   1.118
   1.671   1.068
   1.636   1.010
   1.607   0.949
   1.585   0.885
   1.566   0.820
   1.552   0.754
   1.540   0.687
   1.530   0.620
   1.522   0.553
   1.515   0.485
   1.510   0.418
   1.506   0.350
   1.503   0.282
   1.501   0.215
   1.500   0.147
   1.500   0.079
   1.502   0.012
   1.505  -0.056
   1.509  -0.124
   1.515  -0.191
   1.522  -0.259
   1.530  -0.326
   1.540  -0.393
   1.551  -0.460
   1.564  -0.526
   1.578  -0.592
   1.594  -0.658
   1.611  -0.724
   1.630  -0.789
   1.650  -0.854
   1.671  -0.918
   1.694  -0.982
   1.718  -1.045
   1.743  -1.108
   1.770  -1.170
   1.797  -1.232
   1.834  -1.289
   1.900  -1.274
   1.960  -1.243
   2.020  -1.211
   2.079  -1.179
   2.137  -1.144
   2.195  -1.108
   2.251  -1.071
   2.306  -1.031
   2.360  -0.990
   2.412  -0.947
   2.463  -0.902
   2.511  -0.854
   2.558  -0.805
   2.602  -0.754
   2.643  -0.700
   2.682  -0.645
   2.718  -0.588
   2.751  -0.528
   2.781  -0.468
   2.808  -0.405
   2.831  -0.342
   2.851  -0.277
   2.867  -0.211
   2.879  -0.144
   2.887  -0.077
   2.891  -0.010
   2.891   0.058
