           2          31
    1.9150         0
    1.9300    0.2500
    1.9700    0.5000
    2.0200    0.7000
    2.1150    0.9650
    2.2200    1.1000
    2.3100    1.1500
    2.3850    1.1900
    2.5100    1.1500
    2.6500    1.0850
    2.8500    0.7800
    2.9900    0.5400
    3.0500    0.3900
    3.0850    0.2100
    3.0900         0
    3.0550   -0.1500
    3.0100   -0.2800
    2.8900   -0.5000
    2.7700   -0.6800
    2.5850   -0.8600
    2.5250   -0.9660
    2.4600   -1.2080
    2.3380   -1.0600
    2.2050   -1.0600
    2.1150   -1.1260
    2.1660   -0.9760
    2.1600   -0.8920
    2.1250   -0.8200
    2.0050   -0.6340
    1.9400   -0.3000
    1.9150         0
