           2         151
      1.9870     -0.9540
      1.9840     -0.9130
      1.9800     -0.8720
      1.9760     -0.8310
      1.9730     -0.7910
      1.9690     -0.7500
      1.9660     -0.7090
      1.9620     -0.6680
      1.9590     -0.6270
      1.9550     -0.5860
      1.9510     -0.5450
      1.9480     -0.5040
      1.9440     -0.4640
      1.9410     -0.4230
      1.9370     -0.3820
      1.9340     -0.3410
      1.9300     -0.2610
      1.9300     -0.2220
      1.9300     -0.1830
      1.9300     -0.1440
      1.9300     -0.1060
      1.9300     -0.0670
      1.9300     -0.0280
      1.9300      0.0110
      1.9300      0.0500
      1.9300      0.0890
      1.9300      0.1280
      1.9300      0.1670
      1.9300      0.2060
      1.9300      0.2440
      1.9300      0.2830
      1.9300      0.3220
      1.9300      0.3610
      1.9320      0.4410
      1.9370      0.4820
      1.9460      0.5220
      1.9580      0.5610
      1.9740      0.5990
      1.9930      0.6360
      2.0150      0.6700
      2.0400      0.7030
      2.0680      0.7330
      2.0980      0.7610
      2.1310      0.7860
      2.1650      0.8080
      2.2020      0.8270
      2.2780      0.8560
      2.3160      0.8660
      2.3560      0.8740
      2.3950      0.8800
      2.4350      0.8840
      2.4760      0.8850
      2.5160      0.8840
      2.5560      0.8800
      2.5950      0.8740
      2.6730      0.8560
      2.7100      0.8440
      2.7470      0.8290
      2.7830      0.8130
      2.8180      0.7940
      2.8520      0.7740
      2.8850      0.7520
      2.9160      0.7280
      2.9460      0.7020
      2.9750      0.6750
      3.0020      0.6460
      3.0270      0.6150
      3.0510      0.5840
      3.0730      0.5510
      3.0930      0.5160
      3.1110      0.4810
      3.1270      0.4450
      3.1410      0.4080
      3.1530      0.3700
      3.1620      0.3320
      3.1700      0.2930
      3.1760      0.2540
      3.1790      0.2150
      3.1790      0.1360
      3.1770      0.0980
      3.1730      0.0590
      3.1670      0.0210
      3.1600     -0.0170
      3.1520     -0.0550
      3.1420     -0.0920
      3.1300     -0.1290
      3.1020     -0.2030
      3.0880     -0.2410
      3.0740     -0.2780
      3.0590     -0.3160
      3.0450     -0.3530
      3.0300     -0.3910
      3.0160     -0.4280
      3.0020     -0.4660
      2.9870     -0.5030
      2.9730     -0.5410
      2.9580     -0.5780
      2.9440     -0.6160
      2.9300     -0.6540
      2.9150     -0.6910
      2.9010     -0.7290
      2.8860     -0.7660
      2.8720     -0.8040
      2.8570     -0.8410
      2.8430     -0.8790
      2.8630     -0.9360

      2.8260     -0.9670
      2.7880     -0.9840
      2.7560     -1.0110
      2.7320     -1.0460
      2.7190     -1.0860
      2.7180     -1.1270
      2.7430     -1.2060
      2.7590     -1.2440
      2.7740     -1.2820
      2.7900     -1.3200
      2.8050     -1.3580
      2.8200     -1.3970
      2.8360     -1.4350
      2.8510     -1.4730
      2.8670     -1.5110
      2.8420     -1.5420
      2.8010     -1.5340
      2.7610     -1.5270
      2.7210     -1.5200
      2.6810     -1.5120
      2.6400     -1.5050
      2.6000     -1.4980
      2.5600     -1.4910
      2.5200     -1.4830
      2.4790     -1.4760
      2.4390     -1.4690
      2.3990     -1.4610
      2.3590     -1.4540
      2.3180     -1.4470
      2.2780     -1.4390
      2.2380     -1.4320
      2.1980     -1.4250
      2.1570     -1.4180
      2.1170     -1.4100
      2.0750     -1.3640
      2.0730     -1.3250
      2.0710     -1.2850
      2.0690     -1.2460
      2.0660     -1.2070
      2.0640     -1.1680
      2.0550     -1.0930
      2.0370     -1.0610
      2.0110     -1.0360
      1.9780     -1.0200
