           2          31
      1.03500      0.00000
      1.05000     0.250000
      1.09000     0.500000
      1.14000     0.700000
      1.23500     0.965000
      1.34000      1.10000
      1.43000      1.15000
      1.50500      1.19000
      1.63000      1.15000
      1.77000      1.08500
      1.97000     0.780000
      2.11000     0.540000
      2.17000     0.390000
      2.20500     0.210000
      2.21000      0.00000
      2.17500    -0.150000
      2.13000    -0.280000
      2.01000    -0.500000
      1.89000    -0.680000
      1.70500    -0.860000
      1.64500    -0.966000
      1.58000     -1.20800
      1.45800     -1.06000
      1.32500     -1.06000
      1.23500     -1.12600
      1.28600    -0.976000
      1.28000    -0.892000
      1.24500    -0.820000
      1.12500    -0.634000
      1.06000    -0.300000
      1.03500      0.00000
