           2          31
    5.08e-01    0.00e+00
    5.17e-01    2.00e-01
    5.44e-01    3.99e-01
    5.77e-01    5.60e-01
    6.41e-01    7.71e-01
    7.10e-01    8.79e-01
    7.70e-01    9.20e-01
    8.21e-01    9.51e-01
    9.04e-01    9.20e-01
    9.97e-01    8.67e-01
    1.12e+00    6.23e-01
    1.22e+00    4.31e-01
    1.25e+00    3.11e-01
    1.28e+00    1.68e-01
    1.29e+00    0.00e+00
    1.27e+00   -1.20e-02
    1.23e+00   -2.24e-01
    1.16e+00   -3.99e-01
    1.07e+00   -5.43e-01
    9.54e-01   -6.87e-01
    9.14e-01   -7.72e-01
    8.71e-01   -9.65e-01
    7.90e-01   -8.48e-01
    7.01e-01   -8.48e-01
    6.41e-01   -9.01e-01
    6.74e-01   -7.81e-01
    6.71e-01   -7.13e-01
    6.48e-01   -6.56e-01
    5.68e-01   -5.07e-01
    5.24e-01   -2.39e-01
    5.08e-01    0.00e+00
