100  
7.7277       -7.6271      832.9904     0.2104757             0 
8.4366       -7.5726      909.4047     0.2104757             0 
9.0654       -7.2214      977.1848     0.2104757             0 
9.5607        -6.6769      1023.6425     0.21118712              0 
10.0011        -6.0791      1070.7951     0.21118712              0 
10.4417        -5.4814      1117.9691     0.21118712              0 
10.8821        -4.8836      1165.1218     0.21118712              0 
11.3225        -4.2857      1212.2744     0.21118712              0 
11.7624        -3.6875      1259.3735     0.21118712              0 
12.1782        -3.0733      1306.8223     0.21095023              0 
12.5282        -2.4207      1344.3803     0.21095023              0 
12.7926        -1.7288      1372.7526     0.21095023              0 
12.967        -1.0091      1391.4672     0.21095023              0 
13.0488         -0.273       1400.245     0.21095023              0 
13.0407         0.4679      1399.3758     0.21095023             -0 
12.9485         1.2032       1389.482     0.21095023             -0 
12.7761         1.9239       1370.982     0.21095023             -0 
12.5257         2.6214       1344.112     0.21095023             -0 
12.2002         3.2872      1309.1831     0.21095023             -0 
11.8034         3.9132      1266.6032     0.21095023             -0 
11.3403         4.4918      1216.9087     0.21095023             -0 
10.8201         5.0201      1161.0869     0.21095023             -0 
10.255         5.5005       1100.447     0.21095023             -0 
9.6526         5.9333      1035.8044     0.21095023             -0 
9.0167        6.3151       967.567     0.2109502            -0 
8.3487        6.6361      895.8851     0.2109502            -0 
6.9093        6.7924      743.0953     0.2107131            -0 
6.2257        6.5345      669.5742     0.2107131            -0 
5.6573        6.0752      608.4427     0.2107131            -0 
5.2614        5.4611      565.8637     0.2107131            -0 
5.0754         4.754      545.8594     0.2107131            -0 
5.038        4.0145      540.6194     0.2109502            -0 
5.038         3.272      540.6194     0.2109502            -0 
5.038        2.5295      539.4072     0.2111871            -0 
5.038        1.7869      539.4072     0.2111871            -0 
5.038        1.0442      539.4072     0.2111871             0 
5.038        0.3016      539.4072     0.2111871             0 
5.038       -0.4411      539.4072     0.2111871             0 
5.038       -1.1838      539.4072     0.2111871             0 
5.038       -1.9264      539.4072     0.2111871             0 
5.038        -2.669      539.4072     0.2111871             0 
5.038       -3.4115      540.6194     0.2109502             0 
5.038       -4.1539      540.6194     0.2109502             0 
5.038       -4.8962      540.6194     0.2109502             0 
5.0379       -5.6382      540.6087     0.2109502             0 
5.1948       -6.3465      556.1955     0.2111871             0 
5.6432       -6.9083       611.055          0.21             0 
6.997       -7.4675      750.8364     0.2109502             0 
6.2884       -7.2459      673.2847     0.2111871             0 
7.6392        6.8227      821.5961     0.2107131            -0 
13.0465         3.2849      1256.0467     0.22271057             -0 
12.622         3.9919      1215.1782     0.22271057             -0 
12.1183         4.6448      1166.6846     0.22271057             -0 
11.5478         5.2412        1111.76     0.22271057             -0 
10.9272         5.7856       1052.012     0.22271057             -0 
10.2653        6.2791      988.2878     0.2227106            -0 
9.5664        6.7186      921.0015     0.2227106            -0 
8.8337        7.0986      850.4611     0.2227106            -0 
6.4414        7.2868       622.654     0.2222611            -0 
5.7126        6.9197      551.0894      0.222486            -0 
5.115        6.3642      494.4384     0.2222611            -0 
4.6956        5.6643      453.8973     0.2222611            -0 
4.4867        4.8755      433.7041     0.2222611            -0 
4.438         4.053      427.2667     0.2227106            -0 
4.438        3.2265      427.2667     0.2227106            -0 
4.438        2.4001      427.2667     0.2227106            -0 
4.438        1.5738      427.2667     0.2227106            -0 
4.438        0.7475      427.2667     0.2227106            -0 
4.438       -0.0787      427.2667     0.2227106             0 
4.438        -0.905      427.2667     0.2227106             0 
4.438       -1.7312      427.2667     0.2227106             0 
4.438       -2.5576      427.2667     0.2227106             0 
4.438        -3.384      427.2667     0.2227106             0 
4.438       -4.2105      427.2667     0.2227106             0 
4.438       -5.0373      427.2667     0.2227106             0 
4.4685       -5.8617      431.0722      0.222486             0 
4.6752        -6.644       452.842      0.222036             0 
5.1568       -7.2901        499.49      0.222036             0 
5.8468       -7.7129      565.1774     0.2222611             0 
6.6267       -7.9811       637.983     0.2227106             0 
7.4195        -8.214      714.3095     0.2227106             0 
8.228       -8.3216      796.9679      0.222036             0 
9.0196       -8.1612      873.6426      0.222036             0 
9.6975       -7.7216      939.3043      0.222036             0 
10.2396       -7.1046      985.8135     0.2227106             0 
10.7295         -6.439      1032.9785     0.22271057              0 
11.2196        -5.7736      1080.1627     0.22271057              0 
11.7097        -5.1081      1127.3468     0.22271057              0 
12.2        -4.4428      1174.5503     0.22271057              0 
12.6787        -3.7696      1220.6369     0.22271057              0 
13.1034        -3.0628      1261.5248     0.22271057              0 
13.6771        -1.5205      1316.7575     0.22271057              0 
13.8161        -0.7079      1330.1397     0.22271057              0 
13.8536         0.1156        1333.75     0.22271057              0 
13.7924         0.9379       1327.858     0.22271057              0 
13.3861         2.5334      1288.7416     0.22271057             -0 
13.636         1.7476      1312.8006     0.22271057             -0 
8.0572        7.3642      777.2709      0.222486            -0 
13.4383        -2.3095      1293.7671     0.22271057              0 
7.2435        7.4371       698.774      0.222486            -0 
