15 1 
51 
2.766        7.0664           0.8         2.986             0            90      0.010194586781208          860             1 
51 
2.766        4.0804           0.8         2.986             0            90    0.030392922109131         860             2 
51 
2.766        -0.3985            0.8          5.972              0             90     -0.004256569659392        1720              3 
51 
2.766       -4.8775           0.8         2.986             0            90   0.023563427575675          860             4 
51 
2.766       -7.8635           0.8         2.986             0            90   0.027480588003405            860             5 
51 
5.4          9.26          1.15          1.15             0            90    0.044999999984193           370             6 
51 
14           7.9          0.85          0.85             0            90   -0.016583422450871            202             7 
51 
17.87           2.5           1.1           1.1             0            90    -0.011325383849442          309             8 
51 
17.88          -2.5           1.1           1.1             0            90    -0.045000000000000           309             9 
51 
14.8          -6.9           1.2           1.2             0            90    0.001296100419129          403            10 
51 
7         -10.2           1.4           1.4             0            90     0.022465017543708      549            11 
51 
12.5          1.8         0.25         0.25            0           90 -6.33783e-29            9           12 
51 
12.5         -1.8         0.25         0.25            0           90  6.33783e-29            9           13 
51 
8.7553      -7.1373         0.25         0.25            0           90 -1.24503e-28            9           14 
51 
5.58        -6.35         0.25         0.25            0           90 -2.71643e-29            9           15 
