  34.6486   11.6931    3.8205    0.4593    0.2438    7.2418    1.8941    2.2646    1.6991    1.3620    0.5358
   11.6931   34.6489   14.5037    1.0099    0.4593    3.2144    1.7039    2.4654    2.0542    1.8370    0.8573
    3.8205   14.5037   92.6841   14.5036    3.8205    2.1516    2.4073    4.7522    4.8384    5.4607    4.1256
    0.4593    1.0099   14.5036   34.6490   11.6931    0.3973    0.7554    1.9618    2.4288    3.4888    5.0716
    0.2438    0.4593    3.8205   11.6931   34.6488    0.2396    0.5485    1.6042    2.1864    3.5666    8.8945
    7.2418    3.2144    2.1516    0.3973    0.2396   22.6628    3.2166    3.3528    2.3319    1.7230    0.5981
    1.8941    1.7039    2.4073    0.7554    0.5485    3.2166   26.4658   14.0564    8.4831    5.5502    1.6309
    2.2646    2.4654    4.7522    1.9618    1.6042    3.3528   14.0564   94.7912   36.0675   20.3818    5.3135
    1.6991    2.0542    4.8384    2.4288    2.1864    2.3319    8.4831   36.0675   94.7908   34.8210    7.8861
    1.3620    1.8370    5.4607    3.4888    3.5666    1.7230    5.5502   20.3818   34.8210  102.6528   14.3604
    0.5358    0.8573    4.1256    5.0716    8.8945    0.5981    1.6309    5.3135    7.8861   14.3604   66.3214
