293  
8.743      -6.063 
8.8295     -5.9445 
8.916      -5.826 
8.9646     -5.7587 
9.0132     -5.6915 
9.0506     -5.6397 
9.088      -5.588 
9.174     -5.4695 
9.26      -5.351 
9.3033     -5.2918 
9.3465     -5.2325 
9.3897     -5.1732 
9.433      -5.114 
9.519     -4.9955 
9.605      -4.877 
9.691     -4.7585 
9.777       -4.64 
9.8202     -4.5805 
9.8635      -4.521 
9.9067     -4.4615 
9.95      -4.402 
10.036      -4.2835 
10.122       -4.165 
10.208      -4.0465 
10.294       -3.928 
10.3373     -3.86875 
10.3805      -3.8095 
10.4238     -3.75025 
10.467       -3.691 
10.553      -3.5725 
10.639       -3.454 
10.6764     -3.40226 
10.7138     -3.35052 
10.7624     -3.28326 
10.811       -3.216 
10.8975      -3.0975 
10.984       -2.979 
11.07      -2.8605 
11.156       -2.742 
11.2385       -2.621 
11.321         -2.5 
11.3573     -2.43837 
11.3936     -2.37674 
11.4318     -2.31187 
11.47       -2.247 
11.5365      -2.1165 
11.603       -1.986 
11.6358     -1.90998 
11.6686     -1.83396 
11.6938     -1.77548 
11.719       -1.717 
11.769      -1.5795 
11.819       -1.442 
11.8595       -1.301 
11.9        -1.16 
11.9268     -1.07917 
11.9537    -0.998348 
11.9743    -0.936174 
11.995       -0.874 
11.995     -0.80175 
11.995      -0.7295 
11.995     -0.65725 
11.995       -0.585 
11.995       -0.439 
11.995       -0.293 
11.995      -0.1465 
11.995            0 
11.995        0.153 
11.995        0.306 
11.995        0.459 
11.995        0.612 
11.985       0.7635 
11.975        0.915 
11.963     0.980652 
11.9511       1.0463 
11.9355      1.13165 
11.92        1.217 
11.884        1.366 
11.848        1.515 
11.8045       1.6615 
11.761        1.808 
11.7105       1.9525 
11.66        2.097 
11.6281      2.17434 
11.5963      2.25169 
11.5696      2.31634 
11.543        2.381 
11.477        2.519 
11.411        2.657 
11.3697       2.7333 
11.3285      2.80961 
11.2967       2.8683 
11.265        2.927 
11.1855       3.0575 
11.106        3.188 
11.0684        3.243 
11.0308        3.298 
10.9819       3.3695 
10.933        3.441 
10.84       3.5625 
10.747        3.684 
10.7037      3.73487 
10.6605      3.78574 
10.6042      3.85187 
10.548        3.918 
10.443       4.0295 
10.338        4.141 
10.227       4.2465 
10.116        4.352 
10.001        4.452 
9.886       4.552 
9.7675       4.647 
9.649       4.742 
9.5957      4.7816 
9.5425      4.8211 
9.4732      4.8726 
9.404       4.924 
9.278      5.0095 
9.152       5.095 
9.023      5.1755 
8.894       5.256 
8.8287      5.2932 
8.7634      5.3304 
8.6962      5.3687 
8.629       5.407 
8.494       5.477 
8.359       5.547 
8.2974      5.5758 
8.2357      5.6046 
8.1594      5.6403 
8.083       5.676 
7.943      5.7355 
7.803       5.795 
7.6675       5.831 
7.532       5.867 
7.392      5.8695 
7.252       5.872 
7.1155      5.8415 
6.979       5.811 
6.9244      5.7838 
6.8699      5.7567 
6.7989      5.7213 
6.728       5.686 
6.621      5.5955 
6.514       5.505 
6.4315      5.3915 
6.349       5.278 
6.3125       5.199 
6.276        5.12 
6.2395       5.041 
6.203       4.962 
6.178      4.8785 
6.153       4.795 
6.103       4.628 
6.0892      4.5302 
6.0753      4.4324 
6.0647      4.3572 
6.054       4.282 
6.0435      4.1375 
6.033       3.993 
6.023      3.8485 
6.013       3.704 
6.008      3.6315 
6.003       3.559 
5.998      3.4865 
5.993       3.414 
5.983      3.2695 
5.973       3.125 
5.9678      3.0528 
5.9625      2.9805 
5.9573      2.9082 
5.952       2.836 
5.942      2.6915 
5.932       2.547 
5.927      2.4745 
5.922       2.402 
5.917      2.3295 
5.912       2.257 
5.902      2.1125 
5.892       1.968 
5.8815      1.8235 
5.871       1.679 
5.8658      1.6038 
5.8606      1.5287 
5.8558      1.4588 
5.851       1.389 
5.841      1.2445 
5.831         1.1 
5.831       0.956 
5.831       0.812 
5.831      0.6685 
5.831       0.525 
5.831      0.3815 
5.831       0.238 
5.831       0.094 
5.831       -0.05 
5.831      -0.194 
5.831      -0.338 
5.831     -0.4815 
5.831      -0.625 
5.831     -0.7685 
5.831      -0.912 
5.831      -1.056 
5.831        -1.2 
5.8377     -1.2652 
5.8445     -1.3304 
5.8532     -1.4152 
5.862        -1.5 
5.878     -1.6495 
5.894      -1.799 
5.9095      -1.949 
5.925      -2.099 
5.934     -2.1838 
5.9431     -2.2686 
5.95     -2.3338 
5.957      -2.399 
5.9725     -2.5485 
5.988      -2.698 
5.996      -2.773 
6.004      -2.848 
6.012      -2.923 
6.02      -2.998 
6.0355     -3.1475 
6.051      -3.297 
6.058     -3.3622 
6.0649     -3.4274 
6.074     -3.5122 
6.083      -3.597 
6.0985      -3.747 
6.114      -3.897 
6.13     -4.0465 
6.146      -4.196 
6.1615      -4.346 
6.177      -4.496 
6.193      -4.646 
6.209      -4.796 
6.2223     -4.9229 
6.2357     -5.0497 
6.2459     -5.1473 
6.2562     -5.2449 
6.2641     -5.3199 
6.272      -5.395 
6.3545     -5.4495 
6.437      -5.504 
6.461       -5.61 
6.485      -5.716 
6.4661     -5.7899 
6.4472     -5.8638 
6.4226     -5.9599 
6.398      -6.056 
6.3734     -6.1518 
6.3488     -6.2476 
6.3299     -6.3213 
6.311      -6.395 
6.3753      -6.418 
6.4397     -6.4411 
6.5233      -6.471 
6.607      -6.501 
6.6907      -6.531 
6.7743     -6.5609 
6.8387      -6.584 
6.903      -6.607 
6.9673     -6.6303 
7.0317     -6.6535 
7.1153     -6.6838 
7.199      -6.714 
7.2827      -6.744 
7.3663     -6.7739 
7.4307      -6.797 
7.495       -6.82 
7.5627     -6.8442 
7.6303     -6.8685 
7.7107     -6.8972 
7.791      -6.926 
7.8747     -6.9562 
7.9583     -6.9865 
8.0227     -7.0097 
8.087      -7.033 
8.1707      -7.063 
8.2543     -7.0929 
8.3187      -7.116 
8.383      -7.139 
8.3726     -7.0636 
8.3621     -6.9881 
8.3486     -6.8901 
8.335      -6.792 
8.3238     -6.7094 
8.3126     -6.6268 
8.3003     -6.5359 
8.288      -6.445 
8.4295     -6.3725 
8.571        -6.3 
8.657     -6.1815 
12. 5.831 5.872 -7.2
