    14.79d0    <=== RCEVV - ResistanCE of VV-outer, January 2001
    0         <=== NP - number of "basic segments" on VV-outer curve
  2 3.26400e+000 0.00000e+000   3.26400e+000 5.84410e-001   0.0  0.0
  2 3.26400e+000 5.84410e-001   3.26400e+000 1.16882e+000   0.0  0.0
  2 3.26400e+000 1.16882e+000   3.26400e+000 1.75323e+000   0.0  0.0
  2 3.26400e+000 1.75323e+000   3.26400e+000 2.33764e+000   0.0  0.0
  2 3.26400e+000 2.33764e+000   3.26400e+000 2.92205e+000   0.0  0.0
  2 3.26400e+000 2.92205e+000   3.26400e+000 3.50646e+000   0.0  0.0
  2 3.26400e+000 3.50646e+000   3.30012e+000 4.08856e+000   0.0  0.0
  2 3.30012e+000 4.08856e+000   3.47277e+000 4.64254e+000   0.0  0.0
  2 3.47277e+000 4.64254e+000   3.81397e+000 5.11245e+000   0.0  0.0
  2 3.81397e+000 5.11245e+000   4.29166e+000 5.44260e+000   0.0  0.0
  2 4.29166e+000 5.44260e+000   4.84363e+000 5.62439e+000   0.0  0.0
  2 4.84363e+000 5.62439e+000   5.42347e+000 5.65379e+000   0.0  0.0
  2 5.42347e+000 5.65379e+000   5.99650e+000 5.55247e+000   0.0  0.0
  2 5.99650e+000 5.55247e+000   6.53441e+000 5.32748e+000   0.0  0.0
  2 6.53441e+000 5.32748e+000   7.04532e+000 5.04500e+000   0.0  0.0
  2 7.04532e+000 5.04500e+000   7.52352e+000 4.70967e+000   0.0  0.0
  2 7.52352e+000 4.70967e+000   7.96465e+000 4.32658e+000   0.0  0.0
  2 7.96465e+000 4.32658e+000   8.36383e+000 3.89980e+000   0.0  0.0
  2 8.36383e+000 3.89980e+000   8.71439e+000 3.43278e+000   0.0  0.0
  2 8.71439e+000 3.43278e+000   9.01714e+000 2.93352e+000   0.0  0.0
  2 9.01714e+000 2.93352e+000   9.26879e+000 2.40663e+000   0.0  0.0
  2 9.26879e+000 2.40663e+000   9.46675e+000 1.85725e+000   0.0  0.0
  2 9.46675e+000 1.85725e+000   9.60165e+000 1.28898e+000   0.0  0.0
  2 9.60165e+000 1.28898e+000   9.67817e+000 7.10565e-001   0.0  0.0
  2 9.67817e+000 7.10565e-001   9.65618e+000 1.27288e-001   0.0  0.0
  2 9.65618e+000 1.27288e-001   9.55314e+000 -4.46751e-001  0.0  0.0
  2 9.55314e+000 -4.46751e-001  9.35962e+000 -9.97479e-001  0.0  0.0
  2 9.35962e+000 -9.97479e-001  9.12348e+000 -1.53206e+000  0.0  0.0
  2 9.12348e+000 -1.53206e+000  8.88808e+000 -2.06696e+000  0.0  0.0
  2 8.88808e+000 -2.06696e+000  8.65184e+000 -2.60150e+000  0.0  0.0
  2 8.65184e+000 -2.60150e+000  8.41579e+000 -3.13611e+000  0.0  0.0
  2 8.41579e+000 -3.13611e+000  8.17972e+000 -3.67072e+000  0.0  0.0
  2 8.17972e+000 -3.67072e+000  7.88864e+000 -4.17702e+000  0.0  0.0
  2 7.88864e+000 -4.17702e+000  7.54137e+000 -4.64441e+000  0.0  0.0
  2 7.54137e+000 -4.64441e+000  7.09983e+000 -5.02667e+000  0.0  0.0
  2 7.09983e+000 -5.02667e+000  6.59486e+000 -5.32086e+000  0.0  0.0
  2 6.59486e+000 -5.32086e+000  6.04618e+000 -5.51776e+000  0.0  0.0
  2 6.04618e+000 -5.51776e+000  5.47051e+000 -5.61116e+000  0.0  0.0
  2 5.47051e+000 -5.61116e+000  4.88855e+000 -5.59315e+000  0.0  0.0
  2 4.88855e+000 -5.59315e+000  4.33445e+000 -5.42124e+000  0.0  0.0
  2 4.33445e+000 -5.42124e+000  3.85544e+000 -5.09420e+000  0.0  0.0
  2 3.85544e+000 -5.09420e+000  3.49320e+000 -4.63927e+000  0.0  0.0
  2 3.49320e+000 -4.63927e+000  3.30764e+000 -4.08816e+000  0.0  0.0
  2 3.30764e+000 -4.08816e+000  3.26400e+000 -3.50646e+000  0.0  0.0
  2 3.26400e+000 -3.50646e+000  3.26400e+000 -2.92205e+000  0.0  0.0
  2 3.26400e+000 -2.92205e+000  3.26400e+000 -2.33764e+000  0.0  0.0
  2 3.26400e+000 -2.33764e+000  3.26400e+000 -1.75323e+000  0.0  0.0
  2 3.26400e+000 -1.75323e+000  3.26400e+000 -1.16882e+000  0.0  0.0
  2 3.26400e+000 -1.16882e+000  3.26400e+000 -5.84410e-001  0.0  0.0
  2 3.26400e+000 -5.84410e-001  3.26400e+000  0.00000e+000  0.0  0.0

!!!!!!!!!!!!!!!!!!!!!!!!!!!!!!!!!!!!!!!!!!!!!!!!!!!!!!!!!!!!!!!!!!!!!!!!!!!!

 NDsegm  Rsegm(1)  Zsegm(1)     Rsegm(2)      Zsegm(2)     RES_SEG   CUR_SEG

          (m)       (m)          (m)           (m)        (micro*Om) (Mega*Am)