aug #36982 3.4s
 Name ||Time  || Value|| Error
______||______||______||______
NA1             161
AWALL           0.700
ELONM           1.700
TRICH           0.150
AB              0.600
ZMJ             1.000
AMJ             2.000
RTOR    3.4     1.598
BTOR    3.4     2.484
IPL     3.4     0.828

!AUG #36982, from 3.25s to 3.55s
!from DB: DB diag (fitted in DB data)
POINTS 101     GRIDTYPE 12     NAMEXP  TEX     NTIMES 1
3.40000e+00
    0.0000e+00    1.0867e-02    2.1734e-02    3.1661e-02    4.0680e-02    4.9278e-02
    5.7676e-02    6.5987e-02    7.4271e-02    8.2558e-02    9.0873e-02    9.9249e-02
    1.0771e-01    1.1628e-01    1.2493e-01    1.3360e-01    1.4225e-01    1.5090e-01
    1.5955e-01    1.6870e-01    1.7783e-01    1.8690e-01    1.9592e-01    2.0492e-01
    2.1388e-01    2.2281e-01    2.3174e-01    2.4072e-01    2.4965e-01    2.5846e-01
    2.6659e-01    2.7470e-01    2.8306e-01    2.9277e-01    3.0240e-01    3.1145e-01
    3.1990e-01    3.2831e-01    3.3845e-01    3.4864e-01    3.5742e-01    3.6497e-01
    3.7324e-01    3.8419e-01    3.9501e-01    4.0314e-01    4.1119e-01    4.1992e-01
    4.2871e-01    4.3913e-01    4.4997e-01    4.5849e-01    4.6612e-01    4.7571e-01
    4.8593e-01    4.9510e-01    5.0394e-01    5.1265e-01    5.2139e-01    5.3235e-01
    5.4296e-01    5.5124e-01    5.6017e-01    5.7068e-01    5.8080e-01    5.9053e-01
    5.9969e-01    6.0855e-01    6.1893e-01    6.2938e-01    6.3934e-01    6.4903e-01
    6.5829e-01    6.6826e-01    6.7889e-01    6.8880e-01    6.9833e-01    7.0873e-01
    7.1921e-01    7.3054e-01    7.4139e-01    7.5122e-01    7.6162e-01    7.7292e-01
    7.8421e-01    7.9549e-01    8.0649e-01    8.1722e-01    8.2919e-01    8.4167e-01
    8.5395e-01    8.6598e-01    8.7908e-01    8.9273e-01    9.0553e-01    9.1861e-01
    9.3290e-01    9.4834e-01    9.6481e-01    9.8182e-01    1.0000e+00
    6.1921e+00    6.1829e+00    6.1557e+00    6.1114e+00    6.0514e+00    5.9773e+00
    5.8910e+00    5.7945e+00    5.6899e+00    5.5794e+00    5.4650e+00    5.3484e+00
    5.2314e+00    5.1153e+00    5.0012e+00    4.8899e+00    4.7820e+00    4.6777e+00
    4.5771e+00    4.4802e+00    4.3865e+00    4.2957e+00    4.2075e+00    4.1213e+00
    4.0367e+00    3.9534e+00    3.8710e+00    3.7893e+00    3.7079e+00    3.6267e+00
    3.5454e+00    3.4639e+00    3.3820e+00    3.2998e+00    3.2172e+00    3.1342e+00
    3.0510e+00    2.9676e+00    2.8843e+00    2.8013e+00    2.7188e+00    2.6372e+00
    2.5566e+00    2.4774e+00    2.3998e+00    2.3239e+00    2.2499e+00    2.1780e+00
    2.1080e+00    2.0402e+00    1.9743e+00    1.9103e+00    1.8482e+00    1.7877e+00
    1.7288e+00    1.6714e+00    1.6153e+00    1.5605e+00    1.5069e+00    1.4544e+00
    1.4031e+00    1.3529e+00    1.3040e+00    1.2563e+00    1.2099e+00    1.1650e+00
    1.1215e+00    1.0797e+00    1.0395e+00    1.0009e+00    9.6407e-01    9.2889e-01
    8.9534e-01    8.6336e-01    8.3284e-01    8.0366e-01    7.7569e-01    7.4879e-01
    7.2281e-01    6.9758e-01    6.7296e-01    6.4881e-01    6.2497e-01    6.0133e-01
    5.7775e-01    5.5412e-01    5.3033e-01    5.0629e-01    4.8192e-01    4.5712e-01
    4.3186e-01    4.0608e-01    3.7975e-01    3.5288e-01    3.2547e-01    2.9759e-01
    2.6930e-01    2.4073e-01    2.1200e-01    1.8328e-01    1.5470e-01

!AUG #36982, from 3.25s to 3.55s
!from DB: DB diag (fitted in DB data)
POINTS 101     GRIDTYPE 12     NAMEXP  TIX     NTIMES 1
3.40000e+00
    0.0000e+00    1.0867e-02    2.1734e-02    3.1661e-02    4.0680e-02    4.9278e-02
    5.7676e-02    6.5987e-02    7.4271e-02    8.2558e-02    9.0873e-02    9.9249e-02
    1.0771e-01    1.1628e-01    1.2493e-01    1.3360e-01    1.4225e-01    1.5090e-01
    1.5955e-01    1.6870e-01    1.7783e-01    1.8690e-01    1.9592e-01    2.0492e-01
    2.1388e-01    2.2281e-01    2.3174e-01    2.4072e-01    2.4965e-01    2.5846e-01
    2.6659e-01    2.7470e-01    2.8306e-01    2.9277e-01    3.0240e-01    3.1145e-01
    3.1990e-01    3.2831e-01    3.3845e-01    3.4864e-01    3.5742e-01    3.6497e-01
    3.7324e-01    3.8419e-01    3.9501e-01    4.0314e-01    4.1119e-01    4.1992e-01
    4.2871e-01    4.3913e-01    4.4997e-01    4.5849e-01    4.6612e-01    4.7571e-01
    4.8593e-01    4.9510e-01    5.0394e-01    5.1265e-01    5.2139e-01    5.3235e-01
    5.4296e-01    5.5124e-01    5.6017e-01    5.7068e-01    5.8080e-01    5.9053e-01
    5.9969e-01    6.0855e-01    6.1893e-01    6.2938e-01    6.3934e-01    6.4903e-01
    6.5829e-01    6.6826e-01    6.7889e-01    6.8880e-01    6.9833e-01    7.0873e-01
    7.1921e-01    7.3054e-01    7.4139e-01    7.5122e-01    7.6162e-01    7.7292e-01
    7.8421e-01    7.9549e-01    8.0649e-01    8.1722e-01    8.2919e-01    8.4167e-01
    8.5395e-01    8.6598e-01    8.7908e-01    8.9273e-01    9.0553e-01    9.1861e-01
    9.3290e-01    9.4834e-01    9.6481e-01    9.8182e-01    1.0000e+00
    1.0489e+00    1.0483e+00    1.0467e+00    1.0441e+00    1.0407e+00    1.0365e+00
    1.0316e+00    1.0262e+00    1.0204e+00    1.0142e+00    1.0076e+00    1.0008e+00
    9.9368e-01    9.8630e-01    9.7865e-01    9.7074e-01    9.6261e-01    9.5430e-01
    9.4587e-01    9.3734e-01    9.2877e-01    9.2015e-01    9.1149e-01    9.0276e-01
    8.9396e-01    8.8508e-01    8.7610e-01    8.6702e-01    8.5783e-01    8.4853e-01
    8.3912e-01    8.2960e-01    8.1996e-01    8.1019e-01    8.0029e-01    7.9023e-01
    7.8001e-01    7.6968e-01    7.5934e-01    7.4908e-01    7.3897e-01    7.2907e-01
    7.1943e-01    7.1007e-01    7.0097e-01    6.9211e-01    6.8345e-01    6.7487e-01
    6.6626e-01    6.5751e-01    6.4853e-01    6.3924e-01    6.2960e-01    6.1967e-01
    6.0950e-01    5.9916e-01    5.8872e-01    5.7824e-01    5.6779e-01    5.5746e-01
    5.4734e-01    5.3753e-01    5.2801e-01    5.1878e-01    5.0982e-01    5.0109e-01
    4.9259e-01    4.8427e-01    4.7602e-01    4.6764e-01    4.5896e-01    4.4991e-01
    4.4051e-01    4.3078e-01    4.2076e-01    4.1053e-01    4.0018e-01    3.8979e-01
    3.7943e-01    3.6920e-01    3.5915e-01    3.4936e-01    3.3986e-01    3.3070e-01
    3.2195e-01    3.1372e-01    3.0610e-01    2.9917e-01    2.9292e-01    2.8733e-01
    2.8238e-01    2.7797e-01    2.7366e-01    2.6901e-01    2.6337e-01    2.5555e-01
    2.4485e-01    2.3242e-01    2.1958e-01    2.0647e-01    1.9196e-01

!AUG #36982, from 3.25s to 3.55s
!from DB: DB diag (fitted in DB data)
POINTS 101     GRIDTYPE 12     NAMEXP  NEX     NTIMES 1  FILTER 0.0000001
3.40000e+00
    0.0000e+00    1.0867e-02    2.1734e-02    3.1661e-02    4.0680e-02    4.9278e-02
    5.7676e-02    6.5987e-02    7.4271e-02    8.2558e-02    9.0873e-02    9.9249e-02
    1.0771e-01    1.1628e-01    1.2493e-01    1.3360e-01    1.4225e-01    1.5090e-01
    1.5955e-01    1.6870e-01    1.7783e-01    1.8690e-01    1.9592e-01    2.0492e-01
    2.1388e-01    2.2281e-01    2.3174e-01    2.4072e-01    2.4965e-01    2.5846e-01
    2.6659e-01    2.7470e-01    2.8306e-01    2.9277e-01    3.0240e-01    3.1145e-01
    3.1990e-01    3.2831e-01    3.3845e-01    3.4864e-01    3.5742e-01    3.6497e-01
    3.7324e-01    3.8419e-01    3.9501e-01    4.0314e-01    4.1119e-01    4.1992e-01
    4.2871e-01    4.3913e-01    4.4997e-01    4.5849e-01    4.6612e-01    4.7571e-01
    4.8593e-01    4.9510e-01    5.0394e-01    5.1265e-01    5.2139e-01    5.3235e-01
    5.4296e-01    5.5124e-01    5.6017e-01    5.7068e-01    5.8080e-01    5.9053e-01
    5.9969e-01    6.0855e-01    6.1893e-01    6.2938e-01    6.3934e-01    6.4903e-01
    6.5829e-01    6.6826e-01    6.7889e-01    6.8880e-01    6.9833e-01    7.0873e-01
    7.1921e-01    7.3054e-01    7.4139e-01    7.5122e-01    7.6162e-01    7.7292e-01
    7.8421e-01    7.9549e-01    8.0649e-01    8.1722e-01    8.2919e-01    8.4167e-01
    8.5395e-01    8.6598e-01    8.7908e-01    8.9273e-01    9.0553e-01    9.1861e-01
    9.3290e-01    9.4834e-01    9.6481e-01    9.8182e-01    1.0000e+00
    2.0962e+00    2.0954e+00    2.0933e+00    2.0907e+00    2.0877e+00    2.0843e+00
    2.0807e+00    2.0769e+00    2.0729e+00    2.0688e+00    2.0647e+00    2.0606e+00
    2.0566e+00    2.0528e+00    2.0493e+00    2.0462e+00    2.0436e+00    2.0415e+00
    2.0401e+00    2.0393e+00    2.0394e+00    2.0403e+00    2.0421e+00    2.0449e+00
    2.0488e+00    2.0537e+00    2.0598e+00    2.0667e+00    2.0743e+00    2.0824e+00
    2.0908e+00    2.0994e+00    2.1080e+00    2.1164e+00    2.1245e+00    2.1321e+00
    2.1389e+00    2.1450e+00    2.1500e+00    2.1538e+00    2.1564e+00    2.1575e+00
    2.1570e+00    2.1548e+00    2.1508e+00    2.1448e+00    2.1368e+00    2.1267e+00
    2.1145e+00    2.1000e+00    2.0832e+00    2.0641e+00    2.0429e+00    2.0197e+00
    1.9951e+00    1.9695e+00    1.9431e+00    1.9165e+00    1.8898e+00    1.8633e+00
    1.8375e+00    1.8124e+00    1.7883e+00    1.7653e+00    1.7438e+00    1.7236e+00
    1.7052e+00    1.6884e+00    1.6735e+00    1.6605e+00    1.6495e+00    1.6406e+00
    1.6338e+00    1.6290e+00    1.6259e+00    1.6242e+00    1.6235e+00    1.6235e+00
    1.6238e+00    1.6243e+00    1.6246e+00    1.6246e+00    1.6240e+00    1.6226e+00
    1.6204e+00    1.6172e+00    1.6128e+00    1.6071e+00    1.6001e+00    1.5917e+00
    1.5819e+00    1.5700e+00    1.5547e+00    1.5330e+00    1.5002e+00    1.4495e+00
    1.3741e+00    1.2705e+00    1.1412e+00    9.9372e-01    8.3709e-01

!AUG #36982, from 3.25s to 3.55s
!from DB: DB diag (fitted in DB data)
POINTS 101     GRIDTYPE 12     NAMEXP  VTORX     NTIMES 1
3.40000e+00
    0.0000e+00    1.0867e-02    2.1734e-02    3.1661e-02    4.0680e-02    4.9278e-02
    5.7676e-02    6.5987e-02    7.4271e-02    8.2558e-02    9.0873e-02    9.9249e-02
    1.0771e-01    1.1628e-01    1.2493e-01    1.3360e-01    1.4225e-01    1.5090e-01
    1.5955e-01    1.6870e-01    1.7783e-01    1.8690e-01    1.9592e-01    2.0492e-01
    2.1388e-01    2.2281e-01    2.3174e-01    2.4072e-01    2.4965e-01    2.5846e-01
    2.6659e-01    2.7470e-01    2.8306e-01    2.9277e-01    3.0240e-01    3.1145e-01
    3.1990e-01    3.2831e-01    3.3845e-01    3.4864e-01    3.5742e-01    3.6497e-01
    3.7324e-01    3.8419e-01    3.9501e-01    4.0314e-01    4.1119e-01    4.1992e-01
    4.2871e-01    4.3913e-01    4.4997e-01    4.5849e-01    4.6612e-01    4.7571e-01
    4.8593e-01    4.9510e-01    5.0394e-01    5.1265e-01    5.2139e-01    5.3235e-01
    5.4296e-01    5.5124e-01    5.6017e-01    5.7068e-01    5.8080e-01    5.9053e-01
    5.9969e-01    6.0855e-01    6.1893e-01    6.2938e-01    6.3934e-01    6.4903e-01
    6.5829e-01    6.6826e-01    6.7889e-01    6.8880e-01    6.9833e-01    7.0873e-01
    7.1921e-01    7.3054e-01    7.4139e-01    7.5122e-01    7.6162e-01    7.7292e-01
    7.8421e-01    7.9549e-01    8.0649e-01    8.1722e-01    8.2919e-01    8.4167e-01
    8.5395e-01    8.6598e-01    8.7908e-01    8.9273e-01    9.0553e-01    9.1861e-01
    9.3290e-01    9.4834e-01    9.6481e-01    9.8182e-01    1.0000e+00
    3.0576e+04    3.0554e+04    3.0486e+04    3.0377e+04    3.0228e+04    3.0041e+04
    2.9819e+04    2.9563e+04    2.9276e+04    2.8957e+04    2.8604e+04    2.8214e+04
    2.7785e+04    2.7319e+04    2.6816e+04    2.6277e+04    2.5707e+04    2.5109e+04
    2.4485e+04    2.3841e+04    2.3179e+04    2.2502e+04    2.1814e+04    2.1120e+04
    2.0425e+04    1.9739e+04    1.9072e+04    1.8430e+04    1.7819e+04    1.7245e+04
    1.6712e+04    1.6227e+04    1.5794e+04    1.5419e+04    1.5103e+04    1.4844e+04
    1.4641e+04    1.4495e+04    1.4403e+04    1.4364e+04    1.4374e+04    1.4428e+04
    1.4520e+04    1.4645e+04    1.4793e+04    1.4954e+04    1.5124e+04    1.5297e+04
    1.5469e+04    1.5639e+04    1.5807e+04    1.5975e+04    1.6144e+04    1.6315e+04
    1.6489e+04    1.6668e+04    1.6853e+04    1.7044e+04    1.7240e+04    1.7430e+04
    1.7601e+04    1.7746e+04    1.7862e+04    1.7952e+04    1.8015e+04    1.8043e+04
    1.8022e+04    1.7937e+04    1.7793e+04    1.7600e+04    1.7374e+04    1.7132e+04
    1.6892e+04    1.6675e+04    1.6487e+04    1.6325e+04    1.6184e+04    1.6062e+04
    1.5956e+04    1.5861e+04    1.5771e+04    1.5658e+04    1.5490e+04    1.5236e+04
    1.4871e+04    1.4382e+04    1.3757e+04    1.2984e+04    1.2055e+04    1.0963e+04
    9.6991e+03    8.2926e+03    6.8831e+03    5.6305e+03    4.6556e+03    3.9390e+03
    3.4300e+03    3.0780e+03    2.8321e+03    2.6321e+03    2.4042e+03

!AUG #36982, from 3.25s to 3.55s
!Qprofile (From Database data)
POINTS 80    GRIDTYPE 12     NAMEXP  CAR2     NTIMES 1
3.40000e+00
    0.0000e+00    7.4182e-02    1.0528e-01    1.2935e-01    1.4973e-01    1.6775e-01
    1.8407e-01    1.9910e-01    2.1314e-01    2.2637e-01    2.3894e-01    2.5095e-01
    2.6251e-01    2.7367e-01    2.8449e-01    2.9502e-01    3.0529e-01    3.1536e-01
    3.2523e-01    3.3494e-01    3.4450e-01    3.5395e-01    3.6328e-01    3.7252e-01
    3.8168e-01    3.9078e-01    3.9981e-01    4.0880e-01    4.1775e-01    4.2667e-01
    4.3556e-01    4.4445e-01    4.5332e-01    4.6219e-01    4.7105e-01    4.7994e-01
    4.8882e-01    4.9774e-01    5.0667e-01    5.1564e-01    5.2463e-01    5.3368e-01
    5.4276e-01    5.5189e-01    5.6108e-01    5.7034e-01    5.7965e-01    5.8905e-01
    5.9852e-01    6.0809e-01    6.1775e-01    6.2751e-01    6.3738e-01    6.4737e-01
    6.5747e-01    6.6771e-01    6.7808e-01    6.8860e-01    6.9926e-01    7.1009e-01
    7.2107e-01    7.3224e-01    7.4357e-01    7.5512e-01    7.6685e-01    7.7881e-01
    7.9098e-01    8.0341e-01    8.1608e-01    8.2904e-01    8.4227e-01    8.5584e-01
    8.6972e-01    8.8399e-01    8.9863e-01    9.1376e-01    9.2937e-01    9.4565e-01
    9.6262e-01    9.8063e-01    1.0000e+00
    0.9282e+00    0.9429e+00    0.9553e+00    0.9639e+00    0.9699e+00    0.9742e+00
    0.9775e+00    0.9813e+00    0.9858e+00    0.9911e+00    0.9970e+00    1.0042e+00
    1.0124e+00    1.0215e+00    1.0316e+00    1.0427e+00    1.0548e+00    1.0678e+00
    1.0818e+00    1.0967e+00    1.1125e+00    1.1291e+00    1.1466e+00    1.1649e+00
    1.1840e+00    1.2038e+00    1.2246e+00    1.2461e+00    1.2685e+00    1.2917e+00
    1.3158e+00    1.3407e+00    1.3664e+00    1.3931e+00    1.4208e+00    1.4494e+00
    1.4789e+00    1.5095e+00    1.5411e+00    1.5739e+00    1.6081e+00    1.6434e+00
    1.6802e+00    1.7185e+00    1.7584e+00    1.8001e+00    1.8436e+00    1.8891e+00
    1.9367e+00    1.9864e+00    2.0385e+00    2.0931e+00    2.1503e+00    2.2102e+00
    2.2728e+00    2.3382e+00    2.4067e+00    2.4784e+00    2.5534e+00    2.6319e+00
    2.7141e+00    2.8003e+00    2.8911e+00    2.9865e+00    3.0872e+00    3.1937e+00
    3.3064e+00    3.4262e+00    3.5537e+00    3.6898e+00    3.8349e+00    3.9907e+00
    4.1589e+00    4.3418e+00    4.5430e+00    4.7692e+00    5.0320e+00    5.3359e+00
    5.7026e+00    6.2004e+00    6.9066e+00

POINTS 221     NAMEXP BND  NTIMES 1
0.00000e+00
  1.09842e+00  1.18362e-01
  1.10040e+00  1.37258e-01
  1.10327e+00  1.60621e-01
  1.10583e+00  1.78708e-01
  1.10943e+00  2.01507e-01
  1.11324e+00  2.22831e-01
  1.11706e+00  2.42392e-01
  1.12079e+00  2.59915e-01
  1.12616e+00  2.83278e-01
  1.13055e+00  3.00800e-01
  1.13548e+00  3.18990e-01
  1.14226e+00  3.41685e-01
  1.14795e+00  3.59208e-01
  1.15402e+00  3.76730e-01
  1.16047e+00  3.94252e-01
  1.16727e+00  4.11775e-01
  1.17443e+00  4.29297e-01
  1.18196e+00  4.46819e-01
  1.18986e+00  4.64342e-01
  1.19817e+00  4.81864e-01
  1.20690e+00  4.99386e-01
  1.21607e+00  5.16909e-01
  1.22444e+00  5.32156e-01
  1.23245e+00  5.46113e-01
  1.24296e+00  5.63635e-01
  1.25403e+00  5.81157e-01
  1.26176e+00  5.92839e-01
  1.27389e+00  6.10361e-01
  1.28375e+00  6.23919e-01
  1.29575e+00  6.39565e-01
  1.30598e+00  6.52337e-01
  1.31997e+00  6.68769e-01
  1.33048e+00  6.80450e-01
  1.34305e+00  6.93756e-01
  1.35788e+00  7.08383e-01
  1.37193e+00  7.21336e-01
  1.38558e+00  7.33017e-01
  1.40026e+00  7.44699e-01
  1.41631e+00  7.56381e-01
  1.43201e+00  7.66776e-01
  1.44683e+00  7.75600e-01
  1.46585e+00  7.85584e-01
  1.48390e+00  7.93732e-01
  1.50614e+00  8.01951e-01
  1.52838e+00  8.08218e-01
  1.55062e+00  8.12572e-01
  1.57286e+00  8.15022e-01
  1.60251e+00  8.15493e-01
  1.62475e+00  8.13790e-01
  1.65402e+00  8.08948e-01
  1.67664e+00  8.03280e-01
  1.69550e+00  7.97266e-01
  1.71371e+00  7.90468e-01
  1.73595e+00  7.80767e-01
  1.75077e+00  7.73475e-01
  1.77143e+00  7.62221e-01
  1.78784e+00  7.52432e-01
  1.80266e+00  7.42892e-01
  1.81749e+00  7.32682e-01
  1.83298e+00  7.21336e-01
  1.84794e+00  7.09654e-01
  1.86213e+00  6.97973e-01
  1.87680e+00  6.85169e-01
  1.89162e+00  6.71518e-01
  1.90639e+00  6.57087e-01
  1.91778e+00  6.45406e-01
  1.92873e+00  6.33724e-01
  1.94351e+00  6.17084e-01
  1.95414e+00  6.04520e-01
  1.96575e+00  5.90135e-01
  1.97717e+00  5.75317e-01
  1.98799e+00  5.60604e-01
  1.99810e+00  5.46113e-01
  2.00977e+00  5.28590e-01
  2.01764e+00  5.16175e-01
  2.02776e+00  4.99386e-01
  2.03779e+00  4.81864e-01
  2.04725e+00  4.64342e-01
  2.05471e+00  4.49768e-01
  2.06212e+00  4.34471e-01
  2.06989e+00  4.17616e-01
  2.07747e+00  4.00093e-01
  2.08457e+00  3.82571e-01
  2.09178e+00  3.63428e-01
  2.09919e+00  3.42163e-01
  2.10495e+00  3.24163e-01
  2.11012e+00  3.06641e-01
  2.11486e+00  2.89118e-01
  2.12053e+00  2.65755e-01
  2.12432e+00  2.48233e-01
  2.12873e+00  2.24870e-01
  2.13159e+00  2.07348e-01
  2.13476e+00  1.83984e-01
  2.13668e+00  1.66462e-01
  2.13866e+00  1.43099e-01
  2.13995e+00  1.19736e-01
  2.14057e+00  9.63728e-02
  2.14052e+00  7.30097e-02
  2.13980e+00  4.96466e-02
  2.13841e+00  2.62835e-02
  2.13634e+00  2.92039e-03
  2.13437e+00  -1.46019e-02
  2.13113e+00  -3.79650e-02
  2.12825e+00  -5.54874e-02
  2.12383e+00  -7.88505e-02
  2.12004e+00  -9.63728e-02
  2.11440e+00  -1.19736e-01
  2.10974e+00  -1.37258e-01
  2.10467e+00  -1.54781e-01
  2.09919e+00  -1.72322e-01
  2.09178e+00  -1.94190e-01
  2.08484e+00  -2.13188e-01
  2.07802e+00  -2.30711e-01
  2.07077e+00  -2.48233e-01
  2.06309e+00  -2.65755e-01
  2.05499e+00  -2.83278e-01
  2.04730e+00  -2.99123e-01
  2.03988e+00  -3.13730e-01
  2.03124e+00  -3.30004e-01
  2.02150e+00  -3.47526e-01
  2.01132e+00  -3.65049e-01
  2.00282e+00  -3.79067e-01
  1.99325e+00  -3.94252e-01
  1.98180e+00  -4.11775e-01
  1.97317e+00  -4.24486e-01
  1.96156e+00  -4.40979e-01
  1.95093e+00  -4.55609e-01
  1.93992e+00  -4.70183e-01
  1.92869e+00  -4.84662e-01
  1.91683e+00  -4.99386e-01
  1.90645e+00  -5.11930e-01
  1.89225e+00  -5.28590e-01
  1.88197e+00  -5.40272e-01
  1.86938e+00  -5.54294e-01
  1.85527e+00  -5.69476e-01
  1.84414e+00  -5.81157e-01
  1.83232e+00  -5.93355e-01
  1.81749e+00  -6.08233e-01
  1.80339e+00  -6.22043e-01
  1.79120e+00  -6.33724e-01
  1.77884e+00  -6.45406e-01
  1.76560e+00  -6.57699e-01
  1.75077e+00  -6.71234e-01
  1.73595e+00  -6.84535e-01
  1.72112e+00  -6.97658e-01
  1.70739e+00  -7.09654e-01
  1.69391e+00  -7.21336e-01
  1.68035e+00  -7.33017e-01
  1.66673e+00  -7.44699e-01
  1.65306e+00  -7.56381e-01
  1.63940e+00  -7.68062e-01
  1.62475e+00  -7.80553e-01
  1.60992e+00  -7.93232e-01
  1.59510e+00  -8.05917e-01
  1.58027e+00  -8.18677e-01
  1.56544e+00  -8.31462e-01
  1.55101e+00  -8.43992e-01
  1.53756e+00  -8.55674e-01
  1.52425e+00  -8.67355e-01
  1.51095e+00  -8.79037e-01
  1.49784e+00  -8.90718e-01
  1.48390e+00  -9.03021e-01
  1.46907e+00  -9.16080e-01
  1.45425e+00  -9.26812e-01
  1.43201e+00  -9.32234e-01
  1.41903e+00  -9.19922e-01
  1.40977e+00  -9.04354e-01
  1.40236e+00  -8.90608e-01
  1.39321e+00  -8.73196e-01
  1.38392e+00  -8.55674e-01
  1.37460e+00  -8.38151e-01
  1.36529e+00  -8.20659e-01
  1.35788e+00  -8.06613e-01
  1.34986e+00  -7.91425e-01
  1.34060e+00  -7.73903e-01
  1.33135e+00  -7.56381e-01
  1.32209e+00  -7.38858e-01
  1.31340e+00  -7.22410e-01
  1.30598e+00  -7.08277e-01
  1.29762e+00  -6.92132e-01
  1.28854e+00  -6.74610e-01
  1.27953e+00  -6.57087e-01
  1.27066e+00  -6.39565e-01
  1.26186e+00  -6.22043e-01
  1.25409e+00  -6.06360e-01
  1.24668e+00  -5.91145e-01
  1.23915e+00  -5.75317e-01
  1.23091e+00  -5.57794e-01
  1.22285e+00  -5.40272e-01
  1.21501e+00  -5.22750e-01
  1.20738e+00  -5.05227e-01
  1.19994e+00  -4.87705e-01
  1.19273e+00  -4.70183e-01
  1.18575e+00  -4.52660e-01
  1.17903e+00  -4.35138e-01
  1.17251e+00  -4.17616e-01
  1.16514e+00  -3.96939e-01
  1.15827e+00  -3.76730e-01
  1.15259e+00  -3.59208e-01
  1.14715e+00  -3.41685e-01
  1.14195e+00  -3.24163e-01
  1.13548e+00  -3.01094e-01
  1.13077e+00  -2.83278e-01
  1.12638e+00  -2.65755e-01
  1.12088e+00  -2.42392e-01
  1.11703e+00  -2.24870e-01
  1.11324e+00  -2.06471e-01
  1.10906e+00  -1.83984e-01
  1.10583e+00  -1.63876e-01
  1.10294e+00  -1.43099e-01
  1.10021e+00  -1.19736e-01
  1.09842e+00  -1.01787e-01
  1.09639e+00  -7.88505e-02
  1.09467e+00  -5.54874e-02
  1.09337e+00  -3.21243e-02
  1.09262e+00  -8.76117e-03
  1.09251e+00  1.46019e-02
  1.09303e+00  3.79650e-02
  1.09407e+00  6.13282e-02
  1.09556e+00  8.46913e-02
  1.09745e+00  1.08054e-01
