aug #34954 Name  Time     Value   Error
|____|--|____|--|____|--|____|----------------
NA1             200
AB              0.7
AWALL           0.72
ZMJ             1.0                Majority Z
AMJ             2.0                Majority mass/m_p

NAMEXP NE NTIMES 1  POINTS 91  GRIDTYPE 12
0.10000000000E+01
0.00552486       0.01657458       0.02762431       0.03867403       0.04972376       0.06077348       0.07182320       0.08287293       0.09392265       0.10497237      
0.11602210       0.12707182       0.13812155       0.14917127       0.16022099       0.17127072       0.18232044       0.19337016       0.20441989       0.21546961      
0.22651934       0.23756906       0.24861878       0.25966851       0.27071823       0.28176795       0.29281768       0.30386740       0.31491713       0.32596685      
0.33701657       0.34806630       0.35911602       0.37016574       0.38121547       0.39226519       0.40331492       0.41436464       0.42541436       0.43646409      
0.44751381       0.45856353       0.46961326       0.48066298       0.49171271       0.50276243       0.51381215       0.52486188       0.53591160       0.54696133      
0.55801105       0.56906077       0.58011050       0.59116022       0.60220994       0.61325967       0.62430939       0.63535912       0.64640884       0.65745856      
0.66850829       0.67955801       0.69060773       0.70165746       0.71270718       0.72375691       0.73480663       0.74585635       0.75690608       0.76795580      
0.77900552       0.79005525       0.80110497       0.81215470       0.82320442       0.83425414       0.84530387       0.85635359       0.86740331       0.87845304      
0.88950276       0.90055249       0.91160221       0.92265193       0.93370166       0.94475138       0.95580110       0.96685083       0.97790055       0.98895028      
1.00000000      
7.99942769E+00   7.99485012E+00   7.98570002E+00   7.97198744E+00   7.95372746E+00   7.93094017E+00   7.90365066E+00   7.87188901E+00   7.83569025E+00   7.79509438E+00  
7.75014629E+00   7.70089578E+00   7.64739751E+00   7.58971095E+00   7.52790037E+00   7.46203480E+00   7.39218794E+00   7.31843818E+00   7.24086848E+00   7.15956639E+00  
7.07462391E+00   6.98613751E+00   6.89420799E+00   6.79894046E+00   6.70044426E+00   6.59883288E+00   6.49422385E+00   6.38673872E+00   6.27650290E+00   6.16364562E+00  
6.04829980E+00   5.93060199E+00   5.81069220E+00   5.68871385E+00   5.56481362E+00   5.43914135E+00   5.31184989E+00   5.18309499E+00   5.05303515E+00   4.92183150E+00  
4.78964763E+00   4.65664942E+00   4.52300493E+00   4.38888418E+00   4.25445903E+00   4.11990292E+00   3.98539078E+00   3.85109873E+00   3.71720397E+00   3.58388447E+00  
3.45131883E+00   3.31968600E+00   3.18916502E+00   3.05993483E+00   2.93217392E+00   2.80606009E+00   2.68177016E+00   2.55947966E+00   2.43936246E+00   2.32159049E+00  
2.20633333E+00   2.09375784E+00   1.98402776E+00   1.87730328E+00   1.77374058E+00   1.67349133E+00   1.57670221E+00   1.48351429E+00   1.39406251E+00   1.30847494E+00  
1.22687218E+00   1.14936654E+00   1.07606122E+00   1.00704942E+00   9.42413312E-01   8.82222930E-01   8.26534923E-01   7.75391134E-01   7.28816978E-01   6.86819578E-01  
6.49385569E-01   6.16478498E-01   5.88035654E-01   5.63964144E-01   5.44135862E-01   5.28380827E-01   5.16477887E-01   5.08140883E-01   5.02995891E-01   5.00537031E-01  
5.00000000E-01  
 
NAMEXP TE NTIMES 1  POINTS 91  GRIDTYPE 12
0.10000000000E+01
0.00552486       0.01657458       0.02762431       0.03867403       0.04972376       0.06077348       0.07182320       0.08287293       0.09392265       0.10497237      
0.11602210       0.12707182       0.13812155       0.14917127       0.16022099       0.17127072       0.18232044       0.19337016       0.20441989       0.21546961      
0.22651934       0.23756906       0.24861878       0.25966851       0.27071823       0.28176795       0.29281768       0.30386740       0.31491713       0.32596685      
0.33701657       0.34806630       0.35911602       0.37016574       0.38121547       0.39226519       0.40331492       0.41436464       0.42541436       0.43646409      
0.44751381       0.45856353       0.46961326       0.48066298       0.49171271       0.50276243       0.51381215       0.52486188       0.53591160       0.54696133      
0.55801105       0.56906077       0.58011050       0.59116022       0.60220994       0.61325967       0.62430939       0.63535912       0.64640884       0.65745856      
0.66850829       0.67955801       0.69060773       0.70165746       0.71270718       0.72375691       0.73480663       0.74585635       0.75690608       0.76795580      
0.77900552       0.79005525       0.80110497       0.81215470       0.82320442       0.83425414       0.84530387       0.85635359       0.86740331       0.87845304      
0.88950276       0.90055249       0.91160221       0.92265193       0.93370166       0.94475138       0.95580110       0.96685083       0.97790055       0.98895028      
1.00000000      
2.79982449E+00   2.79842070E+00   2.79561467E+00   2.79140948E+00   2.78580975E+00   2.77882165E+00   2.77045287E+00   2.76071263E+00   2.74961168E+00   2.73716228E+00  
2.72337820E+00   2.70827471E+00   2.69186857E+00   2.67417802E+00   2.65522278E+00   2.63502400E+00   2.61360430E+00   2.59098771E+00   2.56719967E+00   2.54226703E+00  
2.51621800E+00   2.48908217E+00   2.46089045E+00   2.43167507E+00   2.40146957E+00   2.37030875E+00   2.33822865E+00   2.30526654E+00   2.27146089E+00   2.23685132E+00  
2.20147861E+00   2.16538461E+00   2.12861227E+00   2.09120558E+00   2.05320951E+00   2.01467001E+00   1.97563397E+00   1.93614913E+00   1.89626411E+00   1.85602833E+00  
1.81549194E+00   1.77470582E+00   1.73372151E+00   1.69259115E+00   1.65136743E+00   1.61010356E+00   1.56885317E+00   1.52767028E+00   1.48660922E+00   1.44572457E+00  
1.40507111E+00   1.36470371E+00   1.32467727E+00   1.28504668E+00   1.24586667E+00   1.20719176E+00   1.16907618E+00   1.13157376E+00   1.09473782E+00   1.05862108E+00  
1.02327555E+00   9.88752404E-01   9.55101846E-01   9.22373006E-01   8.90613777E-01   8.59870676E-01   8.30188678E-01   8.01611050E-01   7.74179168E-01   7.47932315E-01  
7.22907469E-01   6.99139073E-01   6.76658775E-01   6.55495156E-01   6.35673416E-01   6.17215032E-01   6.00137376E-01   5.84453281E-01   5.70170540E-01   5.57291337E-01  
5.45811574E-01   5.35720073E-01   5.26997601E-01   5.19615671E-01   5.13534998E-01   5.08703454E-01   5.05053219E-01   5.02496537E-01   5.00918740E-01   5.00164690E-01  
5.00000000E-01  
 
NAMEXP TI NTIMES 1  POINTS 91  GRIDTYPE 12
0.10000000000E+01
0.00552486       0.01657458       0.02762431       0.03867403       0.04972376       0.06077348       0.07182320       0.08287293       0.09392265       0.10497237      
0.11602210       0.12707182       0.13812155       0.14917127       0.16022099       0.17127072       0.18232044       0.19337016       0.20441989       0.21546961      
0.22651934       0.23756906       0.24861878       0.25966851       0.27071823       0.28176795       0.29281768       0.30386740       0.31491713       0.32596685      
0.33701657       0.34806630       0.35911602       0.37016574       0.38121547       0.39226519       0.40331492       0.41436464       0.42541436       0.43646409      
0.44751381       0.45856353       0.46961326       0.48066298       0.49171271       0.50276243       0.51381215       0.52486188       0.53591160       0.54696133      
0.55801105       0.56906077       0.58011050       0.59116022       0.60220994       0.61325967       0.62430939       0.63535912       0.64640884       0.65745856      
0.66850829       0.67955801       0.69060773       0.70165746       0.71270718       0.72375691       0.73480663       0.74585635       0.75690608       0.76795580      
0.77900552       0.79005525       0.80110497       0.81215470       0.82320442       0.83425414       0.84530387       0.85635359       0.86740331       0.87845304      
0.88950276       0.90055249       0.91160221       0.92265193       0.93370166       0.94475138       0.95580110       0.96685083       0.97790055       0.98895028      
1.00000000      
1.69990843E+00   1.69917602E+00   1.69771200E+00   1.69551799E+00   1.69259639E+00   1.68895043E+00   1.68458411E+00   1.67950224E+00   1.67371044E+00   1.66721510E+00  
1.66002341E+00   1.65214333E+00   1.64358360E+00   1.63435375E+00   1.62446406E+00   1.61392557E+00   1.60275007E+00   1.59095011E+00   1.57853896E+00   1.56553062E+00  
1.55193983E+00   1.53778200E+00   1.52307328E+00   1.50783047E+00   1.49207108E+00   1.47581326E+00   1.45907582E+00   1.44187820E+00   1.42424046E+00   1.40618330E+00  
1.38772797E+00   1.36889632E+00   1.34971075E+00   1.33019422E+00   1.31037018E+00   1.29026262E+00   1.26989598E+00   1.24929520E+00   1.22848562E+00   1.20749304E+00  
1.18634362E+00   1.16506391E+00   1.14368079E+00   1.12222147E+00   1.10071344E+00   1.07918447E+00   1.05766252E+00   1.03617580E+00   1.01475263E+00   9.93421515E-01  
9.72211013E-01   9.51149759E-01   9.30266404E-01   9.09589573E-01   8.89147826E-01   8.68969614E-01   8.49083226E-01   8.29516746E-01   8.10297994E-01   7.91454479E-01  
7.73013333E-01   7.55001254E-01   7.37444441E-01   7.20368525E-01   7.03798492E-01   6.87758613E-01   6.72272354E-01   6.57362287E-01   6.43050001E-01   6.29355990E-01  
6.16299549E-01   6.03898647E-01   5.92169796E-01   5.81127908E-01   5.70786130E-01   5.61155669E-01   5.52245588E-01   5.44062581E-01   5.36610717E-01   5.29891132E-01  
5.23901691E-01   5.18636560E-01   5.14085705E-01   5.10234263E-01   5.07061738E-01   5.04540932E-01   5.02636462E-01   5.01302541E-01   5.00479342E-01   5.00085925E-01  
5.00000000E-01 

POINTS  221   NAMEXP BND  FILTER 1.000000e-06   NTIMES 1
   0.0
  1.09842e+00  1.18362e-01
  1.10040e+00  1.37258e-01
  1.10327e+00  1.60621e-01
  1.10583e+00  1.78708e-01
  1.10943e+00  2.01507e-01
  1.11324e+00  2.22831e-01
  1.11706e+00  2.42392e-01
  1.12079e+00  2.59915e-01
  1.12616e+00  2.83278e-01
  1.13055e+00  3.00800e-01
  1.13548e+00  3.18990e-01
  1.14226e+00  3.41685e-01
  1.14795e+00  3.59208e-01
  1.15402e+00  3.76730e-01
  1.16047e+00  3.94252e-01
  1.16727e+00  4.11775e-01
  1.17443e+00  4.29297e-01
  1.18196e+00  4.46819e-01
  1.18986e+00  4.64342e-01
  1.19817e+00  4.81864e-01
  1.20690e+00  4.99386e-01
  1.21607e+00  5.16909e-01
  1.22444e+00  5.32156e-01
  1.23245e+00  5.46113e-01
  1.24296e+00  5.63635e-01
  1.25403e+00  5.81157e-01
  1.26176e+00  5.92839e-01
  1.27389e+00  6.10361e-01
  1.28375e+00  6.23919e-01
  1.29575e+00  6.39565e-01
  1.30598e+00  6.52337e-01
  1.31997e+00  6.68769e-01
  1.33048e+00  6.80450e-01
  1.34305e+00  6.93756e-01
  1.35788e+00  7.08383e-01
  1.37193e+00  7.21336e-01
  1.38558e+00  7.33017e-01
  1.40026e+00  7.44699e-01
  1.41631e+00  7.56381e-01
  1.43201e+00  7.66776e-01
  1.44683e+00  7.75600e-01
  1.46585e+00  7.85584e-01
  1.48390e+00  7.93732e-01
  1.50614e+00  8.01951e-01
  1.52838e+00  8.08218e-01
  1.55062e+00  8.12572e-01
  1.57286e+00  8.15022e-01
  1.60251e+00  8.15493e-01
  1.62475e+00  8.13790e-01
  1.65402e+00  8.08948e-01
  1.67664e+00  8.03280e-01
  1.69550e+00  7.97266e-01
  1.71371e+00  7.90468e-01
  1.73595e+00  7.80767e-01
  1.75077e+00  7.73475e-01
  1.77143e+00  7.62221e-01
  1.78784e+00  7.52432e-01
  1.80266e+00  7.42892e-01
  1.81749e+00  7.32682e-01
  1.83298e+00  7.21336e-01
  1.84794e+00  7.09654e-01
  1.86213e+00  6.97973e-01
  1.87680e+00  6.85169e-01
  1.89162e+00  6.71518e-01
  1.90639e+00  6.57087e-01
  1.91778e+00  6.45406e-01
  1.92873e+00  6.33724e-01
  1.94351e+00  6.17084e-01
  1.95414e+00  6.04520e-01
  1.96575e+00  5.90135e-01
  1.97717e+00  5.75317e-01
  1.98799e+00  5.60604e-01
  1.99810e+00  5.46113e-01
  2.00977e+00  5.28590e-01
  2.01764e+00  5.16175e-01
  2.02776e+00  4.99386e-01
  2.03779e+00  4.81864e-01
  2.04725e+00  4.64342e-01
  2.05471e+00  4.49768e-01
  2.06212e+00  4.34471e-01
  2.06989e+00  4.17616e-01
  2.07747e+00  4.00093e-01
  2.08457e+00  3.82571e-01
  2.09178e+00  3.63428e-01
  2.09919e+00  3.42163e-01
  2.10495e+00  3.24163e-01
  2.11012e+00  3.06641e-01
  2.11486e+00  2.89118e-01
  2.12053e+00  2.65755e-01
  2.12432e+00  2.48233e-01
  2.12873e+00  2.24870e-01
  2.13159e+00  2.07348e-01
  2.13476e+00  1.83984e-01
  2.13668e+00  1.66462e-01
  2.13866e+00  1.43099e-01
  2.13995e+00  1.19736e-01
  2.14057e+00  9.63728e-02
  2.14052e+00  7.30097e-02
  2.13980e+00  4.96466e-02
  2.13841e+00  2.62835e-02
  2.13634e+00  2.92039e-03
  2.13437e+00  -1.46019e-02
  2.13113e+00  -3.79650e-02
  2.12825e+00  -5.54874e-02
  2.12383e+00  -7.88505e-02
  2.12004e+00  -9.63728e-02
  2.11440e+00  -1.19736e-01
  2.10974e+00  -1.37258e-01
  2.10467e+00  -1.54781e-01
  2.09919e+00  -1.72322e-01
  2.09178e+00  -1.94190e-01
  2.08484e+00  -2.13188e-01
  2.07802e+00  -2.30711e-01
  2.07077e+00  -2.48233e-01
  2.06309e+00  -2.65755e-01
  2.05499e+00  -2.83278e-01
  2.04730e+00  -2.99123e-01
  2.03988e+00  -3.13730e-01
  2.03124e+00  -3.30004e-01
  2.02150e+00  -3.47526e-01
  2.01132e+00  -3.65049e-01
  2.00282e+00  -3.79067e-01
  1.99325e+00  -3.94252e-01
  1.98180e+00  -4.11775e-01
  1.97317e+00  -4.24486e-01
  1.96156e+00  -4.40979e-01
  1.95093e+00  -4.55609e-01
  1.93992e+00  -4.70183e-01
  1.92869e+00  -4.84662e-01
  1.91683e+00  -4.99386e-01
  1.90645e+00  -5.11930e-01
  1.89225e+00  -5.28590e-01
  1.88197e+00  -5.40272e-01
  1.86938e+00  -5.54294e-01
  1.85527e+00  -5.69476e-01
  1.84414e+00  -5.81157e-01
  1.83232e+00  -5.93355e-01
  1.81749e+00  -6.08233e-01
  1.80339e+00  -6.22043e-01
  1.79120e+00  -6.33724e-01
  1.77884e+00  -6.45406e-01
  1.76560e+00  -6.57699e-01
  1.75077e+00  -6.71234e-01
  1.73595e+00  -6.84535e-01
  1.72112e+00  -6.97658e-01
  1.70739e+00  -7.09654e-01
  1.69391e+00  -7.21336e-01
  1.68035e+00  -7.33017e-01
  1.66673e+00  -7.44699e-01
  1.65306e+00  -7.56381e-01
  1.63940e+00  -7.68062e-01
  1.62475e+00  -7.80553e-01
  1.60992e+00  -7.93232e-01
  1.59510e+00  -8.05917e-01
  1.58027e+00  -8.18677e-01
  1.56544e+00  -8.31462e-01
  1.55101e+00  -8.43992e-01
  1.53756e+00  -8.55674e-01
  1.52425e+00  -8.67355e-01
  1.51095e+00  -8.79037e-01
  1.49784e+00  -8.90718e-01
  1.48390e+00  -9.03021e-01
  1.46907e+00  -9.16080e-01
  1.45425e+00  -9.26812e-01
  1.43201e+00  -9.32234e-01
  1.41903e+00  -9.19922e-01
  1.40977e+00  -9.04354e-01
  1.40236e+00  -8.90608e-01
  1.39321e+00  -8.73196e-01
  1.38392e+00  -8.55674e-01
  1.37460e+00  -8.38151e-01
  1.36529e+00  -8.20659e-01
  1.35788e+00  -8.06613e-01
  1.34986e+00  -7.91425e-01
  1.34060e+00  -7.73903e-01
  1.33135e+00  -7.56381e-01
  1.32209e+00  -7.38858e-01
  1.31340e+00  -7.22410e-01
  1.30598e+00  -7.08277e-01
  1.29762e+00  -6.92132e-01
  1.28854e+00  -6.74610e-01
  1.27953e+00  -6.57087e-01
  1.27066e+00  -6.39565e-01
  1.26186e+00  -6.22043e-01
  1.25409e+00  -6.06360e-01
  1.24668e+00  -5.91145e-01
  1.23915e+00  -5.75317e-01
  1.23091e+00  -5.57794e-01
  1.22285e+00  -5.40272e-01
  1.21501e+00  -5.22750e-01
  1.20738e+00  -5.05227e-01
  1.19994e+00  -4.87705e-01
  1.19273e+00  -4.70183e-01
  1.18575e+00  -4.52660e-01
  1.17903e+00  -4.35138e-01
  1.17251e+00  -4.17616e-01
  1.16514e+00  -3.96939e-01
  1.15827e+00  -3.76730e-01
  1.15259e+00  -3.59208e-01
  1.14715e+00  -3.41685e-01
  1.14195e+00  -3.24163e-01
  1.13548e+00  -3.01094e-01
  1.13077e+00  -2.83278e-01
  1.12638e+00  -2.65755e-01
  1.12088e+00  -2.42392e-01
  1.11703e+00  -2.24870e-01
  1.11324e+00  -2.06471e-01
  1.10906e+00  -1.83984e-01
  1.10583e+00  -1.63876e-01
  1.10294e+00  -1.43099e-01
  1.10021e+00  -1.19736e-01
  1.09842e+00  -1.01787e-01
  1.09639e+00  -7.88505e-02
  1.09467e+00  -5.54874e-02
  1.09337e+00  -3.21243e-02
  1.09262e+00  -8.76117e-03
  1.09251e+00  1.46019e-02
  1.09303e+00  3.79650e-02
  1.09407e+00  6.13282e-02
  1.09556e+00  8.46913e-02
  1.09745e+00  1.08054e-01



