   18    5   35    1   18     /ARGON          / ARNAUD-ROSEN(NE SCALED) 22/07/9
================================================================================
  11.00000  12.00000  13.00000  14.00000  15.00000
   0.00000   0.13535   0.27071   0.40606   0.54142   0.67677   0.81213   0.94748
   1.08284   1.21819   1.35355   1.48890   1.62426   1.75961   1.89497   2.03032
   2.16568   2.30103   2.43638   2.57174   2.70709   2.84245   2.97780   3.11316
   3.24851   3.38387   3.51922   3.65458   3.78993   3.92529   4.06064   4.19600
   4.33135   4.46671   4.60206
 ---------------------------------------------------/ Z1= 1   / DATE= 22/07/91  
 -12.34307 -12.13890 -12.00125 -11.82764 -11.47799
 -13.02457 -13.06491 -13.12273 -13.08194 -12.79722
 -13.50824 -13.78574 -14.08005 -14.23920 -14.08070
 -13.69057 -14.08581 -14.56765 -14.92905 -14.91622
 -13.61414 -14.04983 -14.67233 -15.21565 -15.34447
 -13.28559 -13.74386 -14.47280 -15.16001 -15.40522
 -12.93435 -13.42446 -14.22748 -15.00607 -15.32596
 -12.68821 -13.19334 -14.02160 -14.82900 -15.17256
 -12.53773 -13.04236 -13.86988 -14.67649 -15.01940
 -12.48155 -12.98636 -13.81413 -14.62100 -14.96414
 -12.49171 -12.99650 -13.82425 -14.63111 -14.97423
 -12.55257 -13.05737 -13.88510 -14.69195 -15.03507
 -12.65194 -13.15673 -13.98448 -14.79133 -15.13445
 -12.77745 -13.28225 -14.11000 -14.91684 -15.25997
 -12.92288 -13.42767 -14.25542 -15.06227 -15.40538
 -13.08344 -13.58823 -14.41597 -15.22283 -15.56594
 -13.25332 -13.75811 -14.58587 -15.39271 -15.73584
 -13.43134 -13.93613 -14.76388 -15.57073 -15.91385
 -13.61415 -14.11895 -14.94669 -15.75354 -16.09665
 -13.79935 -14.30415 -15.13189 -15.93874 -16.28185
 -13.98516 -14.48996 -15.31771 -16.12455 -16.46769
 -14.17169 -14.67648 -15.50423 -16.31107 -16.65416
 -14.35764 -14.86243 -15.69017 -16.49702 -16.84013
 -14.54177 -15.04656 -15.87431 -16.68115 -17.02428
 -14.72062 -15.22541 -16.05315 -16.86000 -17.20313
 -14.89755 -15.40235 -16.23009 -17.03694 -17.38006
 -15.06888 -15.57368 -16.40143 -17.20828 -17.55138
 -15.23388 -15.73867 -16.56640 -17.37326 -17.71638
 -15.39350 -15.89829 -16.72603 -17.53289 -17.87599
 -15.54451 -16.04931 -16.87705 -17.68389 -18.02701
 -15.68761 -16.19238 -17.02014 -17.82700 -18.17010
 -15.82492 -16.32970 -17.15745 -17.96430 -18.30743
 -15.95468 -16.45947 -17.28721 -18.09406 -18.43719
 -16.07730 -16.58210 -17.40985 -18.21669 -18.55981
 -16.19414 -16.69893 -17.52667 -18.33353 -18.67665
 ---------------------------------------------------/ Z1= 2   / DATE= 22/07/91  
 -11.61008 -11.37770 -11.08408 -10.82602 -10.67386
 -11.78269 -11.60058 -11.37731 -11.20259 -11.13588
 -12.05277 -11.95798 -11.83887 -11.75828 -11.75152
 -12.36557 -12.38906 -12.40511 -12.44078 -12.50108
 -12.34510 -12.47531 -12.61795 -12.77235 -12.91934
 -11.96193 -12.15303 -12.38035 -12.63626 -12.89254
 -11.57878 -11.79563 -12.07106 -12.40440 -12.76925
 -11.33540 -11.56242 -11.86288 -12.24680 -12.69343
 -11.22152 -11.45170 -11.76309 -12.17623 -12.67680
 -11.19715 -11.42720 -11.74247 -12.17255 -12.70916
 -11.22479 -11.45468 -11.77284 -12.21536 -12.77830
 -11.29541 -11.52550 -11.84572 -12.29536 -12.87261
 -11.40300 -11.63312 -11.95360 -12.40403 -12.98279
 -11.53366 -11.76378 -12.08425 -12.53465 -13.11338
 -11.68357 -11.91369 -12.23416 -12.68455 -13.26325
 -11.84714 -12.07727 -12.39773 -12.84813 -13.42683
 -12.02105 -12.25117 -12.57164 -13.02203 -13.60074
 -12.20236 -12.43248 -12.75295 -13.20335 -13.78205
 -12.38826 -12.61838 -12.93885 -13.38925 -13.96795
 -12.57900 -12.80912 -13.12959 -13.58000 -14.15869
 -12.77162 -13.00174 -13.32221 -13.77260 -14.35131
 -12.96709 -13.19721 -13.51768 -13.96807 -14.54678
 -13.16252 -13.39264 -13.71311 -14.16350 -14.74221
 -13.35913 -13.58925 -13.90972 -14.36011 -14.93882
 -13.55610 -13.78622 -14.10669 -14.55708 -15.13579
 -13.75031 -13.98043 -14.30090 -14.75130 -15.33000
 -13.94581 -14.17593 -14.49640 -14.94680 -15.52550
 -14.13937 -14.36949 -14.68996 -15.14036 -15.71906
 -14.33222 -14.56234 -14.88281 -15.33320 -15.91191
 -14.52000 -14.75013 -15.07060 -15.52099 -16.09968
 -14.70780 -14.93793 -15.25839 -15.70879 -16.28749
 -14.89144 -15.12156 -15.44203 -15.89242 -16.47113
 -15.07142 -15.30154 -15.62201 -16.07240 -16.65109
 -15.24663 -15.47675 -15.79722 -16.24760 -16.82631
 -15.41832 -15.64844 -15.96891 -16.41930 -16.99800
 ---------------------------------------------------/ Z1= 3   / DATE= 22/07/91  
 -11.42850 -11.28152 -10.97231 -10.51308  -9.96445
 -11.60972 -11.49663 -11.23195 -10.84538 -10.42533
 -11.82472 -11.76222 -11.57092 -11.28639 -11.00205
 -11.75764 -11.76109 -11.67379 -11.52256 -11.37735
 -11.36735 -11.43475 -11.45683 -11.44581 -11.43614
 -10.98600 -11.09906 -11.21177 -11.32427 -11.43934
 -10.68662 -10.82544 -11.00145 -11.20823 -11.42791
 -10.50416 -10.65764 -10.87201 -11.13933 -11.43294
 -10.43698 -10.59977 -10.83358 -11.13222 -11.46942
 -10.44407 -10.61321 -10.85792 -11.17417 -11.53821
 -10.50263 -10.67666 -10.93087 -11.26192 -11.64609
 -10.59393 -10.77166 -11.03399 -11.37730 -11.77642
 -10.71144 -10.89184 -11.15989 -11.51162 -11.92072
 -10.84931 -11.03136 -11.30229 -11.65820 -12.07271
 -11.00589 -11.18848 -11.46016 -11.81711 -12.23318
 -11.17550 -11.35810 -11.62977 -11.98672 -12.40279
 -11.35393 -11.53652 -11.80819 -12.16515 -12.58120
 -11.53948 -11.72206 -11.99373 -12.35070 -12.76676
 -11.72928 -11.91188 -12.18356 -12.54050 -12.95657
 -11.92168 -12.10427 -12.37594 -12.73290 -13.14897
 -12.11833 -12.30092 -12.57259 -12.92955 -13.34561
 -12.31526 -12.49785 -12.76952 -13.12648 -13.54254
 -12.51450 -12.69709 -12.96876 -13.32571 -13.74178
 -12.71298 -12.89557 -13.16724 -13.52420 -13.94026
 -12.91311 -13.09570 -13.36737 -13.72433 -14.14039
 -13.11398 -13.29658 -13.56825 -13.92521 -14.34128
 -13.31296 -13.49557 -13.76724 -14.12418 -14.54025
 -13.51389 -13.69648 -13.96815 -14.32511 -14.74118
 -13.71556 -13.89815 -14.16982 -14.52679 -14.94284
 -13.91606 -14.09864 -14.37031 -14.72727 -15.14333
 -14.11534 -14.29794 -14.56961 -14.92656 -15.34263
 -14.31605 -14.49864 -14.77031 -15.12727 -15.54332
 -14.51438 -14.69697 -14.96864 -15.32560 -15.74167
 -14.71245 -14.89505 -15.16672 -15.52367 -15.93974
 -14.90912 -15.09171 -15.36338 -15.72034 -16.13641
 ---------------------------------------------------/ Z1= 4   / DATE= 22/07/91  
 -11.13539 -11.02238 -10.76509 -10.29605  -9.62950
 -11.29610 -11.21990 -11.02105 -10.63743 -10.07833
 -11.43976 -11.40159 -11.26541 -10.97718 -10.55113
 -11.38978 -11.39137 -11.32233 -11.13822 -10.85982
 -10.96904 -11.00953 -11.00939 -10.93482 -10.80427
 -10.54046 -10.61508 -10.67926 -10.71029 -10.71613
 -10.25117 -10.35060 -10.46637 -10.58655 -10.70704
 -10.07952 -10.19093 -10.33886 -10.52122 -10.72598
  -9.99212 -10.10689 -10.27215 -10.49378 -10.75591
  -9.97788 -10.09465 -10.27156 -10.51984 -10.82109
 -10.01976 -10.13944 -10.32615 -10.59428 -10.92291
 -10.10348 -10.22519 -10.41938 -10.70277 -11.05183
 -10.21640 -10.33846 -10.53762 -10.83301 -11.19830
 -10.35070 -10.47210 -10.67430 -10.97848 -11.35585
 -10.50258 -10.62314 -10.82700 -11.13677 -11.52186
 -10.66712 -10.78704 -10.99151 -11.30377 -11.69237
 -10.83857 -10.95786 -11.16185 -11.47379 -11.86224
 -11.01606 -11.13470 -11.33750 -11.64724 -12.03322
 -11.20158 -11.31989 -11.52198 -11.83030 -12.21464
 -11.39402 -11.51233 -11.71443 -12.02276 -12.40712
 -11.58817 -11.70648 -11.90856 -12.21687 -12.60122
 -11.78581 -11.90412 -12.10621 -12.41452 -12.79888
 -11.98176 -12.10007 -12.30215 -12.61048 -12.99482
 -12.18157 -12.29988 -12.50197 -12.81029 -13.19463
 -12.38009 -12.49840 -12.70049 -13.00880 -13.39315
 -12.57997 -12.69828 -12.90037 -13.20869 -13.59303
 -12.77944 -12.89775 -13.09984 -13.40816 -13.79250
 -12.97750 -13.09581 -13.29790 -13.60620 -13.99056
 -13.17484 -13.29315 -13.49524 -13.80355 -14.18790
 -13.37351 -13.49182 -13.69390 -14.00222 -14.38657
 -13.56959 -13.68790 -13.88999 -14.19831 -14.58265
 -13.76563 -13.88394 -14.08603 -14.39434 -14.77869
 -13.95857 -14.07688 -14.27897 -14.58728 -14.97163
 -14.15053 -14.26884 -14.47093 -14.77925 -15.16359
 -14.33953 -14.45784 -14.65993 -14.96825 -15.35259
 ---------------------------------------------------/ Z1= 5   / DATE= 22/07/91  
 -10.93174 -10.82325 -10.59898 -10.17861  -9.51758
 -11.09624 -11.03740 -10.88429 -10.55556 -10.00011
 -11.23762 -11.21613 -11.12407 -10.88836 -10.45735
 -11.16443 -11.17788 -11.14421 -11.00230 -10.70522
 -10.74319 -10.79030 -10.81229 -10.76123 -10.59882
 -10.34106 -10.41400 -10.48201 -10.51243 -10.47708
 -10.07037 -10.15828 -10.25920 -10.35742 -10.43435
  -9.91619 -10.01147 -10.13471 -10.28619 -10.45568
  -9.85100  -9.94983 -10.08785 -10.27766 -10.51527
  -9.85039  -9.95123 -10.09888 -10.31388 -10.59620
  -9.90051 -10.00200 -10.15565 -10.38753 -10.70030
  -9.98550 -10.08643 -10.24370 -10.48811 -10.82437
 -10.09878 -10.19849 -10.35773 -10.61130 -10.96544
 -10.23338 -10.33172 -10.49193 -10.75178 -11.11863
 -10.38656 -10.48367 -10.64428 -10.90813 -11.28326
 -10.54986 -10.64603 -10.80686 -11.07304 -11.45287
 -10.72115 -10.81681 -10.97790 -11.24511 -11.62661
 -10.89986 -10.99522 -11.15618 -11.42249 -11.80198
 -11.08134 -11.17640 -11.33634 -11.59930 -11.97272
 -11.27137 -11.36619 -11.52502 -11.78461 -12.15217
 -11.46578 -11.56057 -11.71917 -11.97814 -12.34461
 -11.66221 -11.75701 -11.91563 -12.17464 -12.54118
 -11.86017 -11.95496 -12.11358 -12.37260 -12.73914
 -12.05959 -12.15438 -12.31300 -12.57201 -12.93855
 -12.25845 -12.35324 -12.51186 -12.77087 -13.13741
 -12.45733 -12.55212 -12.71074 -12.96975 -13.33629
 -12.65724 -12.75203 -12.91065 -13.16966 -13.53620
 -12.85668 -12.95147 -13.11009 -13.36910 -13.73564
 -13.05399 -13.14878 -13.30740 -13.56641 -13.93295
 -13.25200 -13.34679 -13.50541 -13.76443 -14.13097
 -13.44810 -13.54289 -13.70151 -13.96052 -14.32706
 -13.64339 -13.73818 -13.89680 -14.15581 -14.52235
 -13.83789 -13.93268 -14.09130 -14.35031 -14.71685
 -14.02843 -14.12322 -14.28184 -14.54085 -14.90739
 -14.21831 -14.31310 -14.47172 -14.73073 -15.09727
 ---------------------------------------------------/ Z1= 6   / DATE= 22/07/91  
 -10.66379 -10.52731 -10.29267  -9.89266  -9.26376
 -10.83323 -10.75630 -10.60793 -10.30507  -9.76819
 -10.96068 -10.93200 -10.85375 -10.63953 -10.20578
 -10.81559 -10.82528 -10.80278 -10.67087 -10.35398
 -10.47121 -10.51523 -10.54201 -10.49239 -10.30747
 -10.21745 -10.29311 -10.36473 -10.39568 -10.34830
 -10.07677 -10.17648 -10.28217 -10.37889 -10.44972
 -10.01068 -10.12385 -10.24906 -10.38858 -10.54203
  -9.99511 -10.11360 -10.24744 -10.41189 -10.61918
 -10.02596 -10.14517 -10.28180 -10.46092 -10.70434
 -10.09488 -10.21277 -10.34992 -10.53889 -10.80877
 -10.19248 -10.30772 -10.44372 -10.63862 -10.92697
 -10.30904 -10.42079 -10.55426 -10.75169 -11.05165
 -10.44268 -10.55077 -10.68121 -10.87916 -11.18603
 -10.58767 -10.69255 -10.82041 -11.01839 -11.32983
 -10.74704 -10.84937 -10.97536 -11.17334 -11.48777
 -10.91580 -11.01616 -11.14089 -11.33872 -11.65449
 -11.09163 -11.19054 -11.31448 -11.51184 -11.82717
 -11.27454 -11.37245 -11.49584 -11.69197 -12.00433
 -11.45667 -11.55396 -11.67676 -11.87037 -12.17655
 -11.64374 -11.74071 -11.86296 -12.05389 -12.35349
 -11.83740 -11.93431 -12.05645 -12.24673 -12.54477
 -12.03457 -12.13149 -12.25362 -12.44391 -12.74193
 -12.23054 -12.32746 -12.44959 -12.63987 -12.93790
 -12.42942 -12.52633 -12.64847 -12.83875 -13.13678
 -12.62622 -12.72314 -12.84527 -13.03555 -13.33358
 -12.82154 -12.91846 -13.04059 -13.23087 -13.52890
 -13.01830 -13.11523 -13.23735 -13.42763 -13.72566
 -13.21028 -13.30720 -13.42934 -13.61961 -13.91764
 -13.40210 -13.49901 -13.62114 -13.81143 -14.10946
 -13.59198 -13.68890 -13.81103 -14.00132 -14.29934
 -13.77882 -13.87573 -13.99787 -14.18815 -14.48618
 -13.96216 -14.05908 -14.18121 -14.37149 -14.66952
 -14.14275 -14.23967 -14.36180 -14.55208 -14.85011
 -14.31809 -14.41501 -14.53714 -14.72742 -15.02545
 ---------------------------------------------------/ Z1= 7   / DATE= 22/07/91  
 -10.45204 -10.30387 -10.04906  -9.64271  -9.03794
 -10.59512 -10.49917 -10.33530 -10.03768  -9.53300
 -10.71075 -10.66497 -10.58431 -10.38923  -9.98879
 -10.67433 -10.67535 -10.66543 -10.56286 -10.27293
 -10.50279 -10.54589 -10.59354 -10.57148 -10.39294
 -10.35441 -10.43354 -10.52797 -10.57394 -10.49649
 -10.27408 -10.38162 -10.51232 -10.61253 -10.61886
 -10.25257 -10.37904 -10.53278 -10.67093 -10.74265
 -10.28140 -10.41655 -10.57900 -10.73813 -10.85735
 -10.34056 -10.47633 -10.63679 -10.80398 -10.95635
 -10.42453 -10.55557 -10.70759 -10.87475 -11.04989
 -10.52104 -10.64444 -10.78536 -10.94860 -11.13952
 -10.63492 -10.74991 -10.87978 -11.03791 -11.23980
 -10.76326 -10.87081 -10.99175 -11.14570 -11.35548
 -10.90614 -11.00770 -11.12202 -11.27291 -11.48812
 -11.06099 -11.15807 -11.26774 -11.41642 -11.63493
 -11.22418 -11.31808 -11.42465 -11.57172 -11.79172
 -11.39627 -11.48788 -11.59246 -11.73830 -11.95831
 -11.57217 -11.66196 -11.76525 -11.91001 -12.12879
 -11.75004 -11.83831 -11.94070 -12.08415 -12.29990
 -11.92897 -12.01590 -12.11760 -12.25913 -12.46948
 -12.10649 -12.19243 -12.29368 -12.43337 -12.63830
 -12.29220 -12.37794 -12.47908 -12.61831 -12.82185
 -12.47516 -12.56091 -12.66206 -12.80131 -13.00494
 -12.65542 -12.74117 -12.84232 -12.98157 -13.18519
 -12.83182 -12.91757 -13.01872 -13.15797 -13.36159
 -13.00335 -13.08910 -13.19025 -13.32950 -13.53312
 -13.17196 -13.25771 -13.35886 -13.49811 -13.70173
 -13.33228 -13.41803 -13.51918 -13.65843 -13.86205
 -13.48816 -13.57391 -13.67505 -13.81431 -14.01793
 -13.63818 -13.72393 -13.82508 -13.96433 -14.16795
 -13.78183 -13.86758 -13.96873 -14.10798 -14.31160
 -13.92075 -14.00650 -14.10765 -14.24690 -14.45052
 -14.05419 -14.13994 -14.24109 -14.38034 -14.58396
 -14.17987 -14.26562 -14.36677 -14.50602 -14.70964
 ---------------------------------------------------/ Z1= 8   / DATE= 22/07/91  
 -10.38254 -10.28544 -10.12636  -9.83421  -9.30649
 -10.52253 -10.43933 -10.30539 -10.05526  -9.59310
 -10.66063 -10.59134 -10.48255 -10.27445  -9.87786
 -10.79754 -10.74213 -10.65849 -10.49242 -10.16139
 -10.93817 -10.89653 -10.83774 -10.71330 -10.44749
 -11.07612 -11.04685 -11.00966 -10.92251 -10.71814
 -11.21180 -11.19169 -11.16870 -11.10893 -10.95727
 -11.34514 -11.33069 -11.31432 -11.27113 -11.16062
 -11.47613 -11.46496 -11.45113 -11.41726 -11.33543
 -11.60379 -11.59475 -11.58218 -11.55411 -11.49168
 -11.73140 -11.72459 -11.71347 -11.69150 -11.64898
 -11.84464 -11.84143 -11.83320 -11.82139 -11.80959
 -11.89074 -11.89240 -11.88842 -11.89053 -11.91944
 -11.82828 -11.83409 -11.83362 -11.84731 -11.91031
 -11.71636 -11.72425 -11.72531 -11.74428 -11.82354
 -11.63684 -11.64553 -11.64746 -11.66848 -11.75284
 -11.61143 -11.62065 -11.62426 -11.64776 -11.73458
 -11.63699 -11.64671 -11.65255 -11.67907 -11.76767
 -11.70592 -11.71600 -11.72382 -11.75289 -11.84239
 -11.80708 -11.81738 -11.82635 -11.85675 -11.94624
 -11.93029 -11.94064 -11.95024 -11.98122 -12.07021
 -12.07488 -12.08518 -12.09530 -12.12687 -12.21544
 -12.23058 -12.24076 -12.25156 -12.28383 -12.37157
 -12.39654 -12.40662 -12.41831 -12.45115 -12.53679
 -12.56948 -12.57947 -12.59211 -12.62534 -12.70799
 -12.74652 -12.75649 -12.76972 -12.80313 -12.88364
 -12.92829 -12.93826 -12.95158 -12.98500 -13.06520
 -13.10912 -13.11909 -13.13240 -13.16582 -13.24604
 -13.29151 -13.30147 -13.31478 -13.34821 -13.42844
 -13.47198 -13.48195 -13.49526 -13.52869 -13.60891
 -13.65365 -13.66361 -13.67693 -13.71035 -13.79057
 -13.83019 -13.84016 -13.85347 -13.88690 -13.96712
 -14.00482 -14.01478 -14.02810 -14.06152 -14.14174
 -14.17911 -14.18908 -14.20239 -14.23581 -14.31603
 -14.34879 -14.35876 -14.37207 -14.40549 -14.48571
 ---------------------------------------------------/ Z1= 9   / DATE= 22/07/91  
 -10.28595 -10.20169 -10.01749  -9.68120  -9.12820
 -10.40182 -10.32840 -10.17114  -9.88334  -9.40231
 -10.51862 -10.45602 -10.32569 -10.08640  -9.67732
 -10.63500 -10.58323 -10.47985 -10.28905  -9.95193
 -10.75173 -10.71080 -10.63434 -10.49205 -10.22689
 -10.86762 -10.83727 -10.78691 -10.69163 -10.49680
 -10.98371 -10.96254 -10.93306 -10.87576 -10.74144
 -11.08870 -11.07426 -11.05633 -11.02053 -10.92857
 -11.14593 -11.13858 -11.12817 -11.10463 -11.04255
 -11.11450 -11.11892 -11.12154 -11.11490 -11.08225
 -11.03226 -11.05166 -11.07255 -11.08875 -11.08719
 -10.96459 -10.99539 -11.03100 -11.06636 -11.09089
 -10.93333 -10.96553 -11.00380 -11.04528 -11.08436
 -10.93318 -10.95848 -10.98959 -11.02654 -11.07001
 -10.96974 -10.98750 -11.01185 -11.04478 -11.08975
 -11.03209 -11.04572 -11.06854 -11.10303 -11.15049
 -11.10713 -11.11893 -11.14270 -11.18076 -11.23102
 -11.19390 -11.20487 -11.22957 -11.27021 -11.32270
 -11.29440 -11.30505 -11.33031 -11.37240 -11.42648
 -11.41075 -11.42118 -11.44663 -11.48945 -11.54448
 -11.54312 -11.55321 -11.57858 -11.62167 -11.67713
 -11.68841 -11.69820 -11.72341 -11.76653 -11.82212
 -11.84340 -11.85310 -11.87821 -11.92123 -11.97679
 -12.00569 -12.01526 -12.04018 -12.08289 -12.13807
 -12.17405 -12.18320 -12.20761 -12.24966 -12.30390
 -12.34672 -12.35528 -12.37905 -12.42036 -12.47344
 -12.52103 -12.52925 -12.55265 -12.59354 -12.64595
 -12.69423 -12.70244 -12.72582 -12.76670 -12.81909
 -12.86726 -12.87547 -12.89885 -12.93972 -12.99210
 -13.03698 -13.04519 -13.06856 -13.10944 -13.16182
 -13.20380 -13.21201 -13.23539 -13.27626 -13.32866
 -13.36662 -13.37483 -13.39821 -13.43908 -13.49146
 -13.52391 -13.53212 -13.55550 -13.59637 -13.64876
 -13.67772 -13.68593 -13.70931 -13.75018 -13.80257
 -13.82576 -13.83397 -13.85734 -13.89822 -13.95060
 ---------------------------------------------------/ Z1=10   / DATE= 22/07/91  
 -10.15214 -10.08244  -9.91314  -9.59188  -9.06035
 -10.26658 -10.20418 -10.05629  -9.77709  -9.31012
 -10.38050 -10.32541 -10.19891  -9.96179  -9.55936
 -10.49476 -10.44697 -10.34187 -10.14682  -9.80896
 -10.60833 -10.56785 -10.48415 -10.33115 -10.05786
 -10.72285 -10.68968 -10.62737 -10.51642 -10.30764
 -10.83508 -10.80979 -10.76847 -10.69776 -10.55109
 -10.91243 -10.89711 -10.87535 -10.83841 -10.74521
 -10.89695 -10.89468 -10.89065 -10.87863 -10.82669
 -10.79174 -10.80478 -10.81854 -10.82787 -10.81049
 -10.69499 -10.72408 -10.75700 -10.78924 -10.80546
 -10.64551 -10.68746 -10.73646 -10.78857 -10.83328
 -10.64415 -10.69097 -10.74632 -10.80708 -10.86741
 -10.67502 -10.71568 -10.76341 -10.81637 -10.87464
 -10.72777 -10.75673 -10.79064 -10.82916 -10.87729
 -10.80041 -10.81978 -10.84426 -10.87506 -10.91799
 -10.88612 -10.89991 -10.92102 -10.95196 -10.99623
 -10.98268 -10.99346 -11.01364 -11.04674 -11.09386
 -11.09283 -11.10211 -11.12185 -11.15615 -11.20509
 -11.21663 -11.22529 -11.24483 -11.27960 -11.32951
 -11.35504 -11.36340 -11.38281 -11.41771 -11.46803
 -11.50422 -11.51226 -11.53144 -11.56631 -11.61676
 -11.66373 -11.67119 -11.68989 -11.72458 -11.77509
 -11.83019 -11.83685 -11.85484 -11.88922 -11.93973
 -12.00299 -12.00900 -12.02639 -12.06039 -12.11051
 -12.17732 -12.18308 -12.20022 -12.23385 -12.28307
 -12.35287 -12.35865 -12.37576 -12.40911 -12.45741
 -12.52888 -12.53470 -12.55184 -12.58509 -12.63303
 -12.70545 -12.71127 -12.72841 -12.76166 -12.80963
 -12.87833 -12.88415 -12.90129 -12.93454 -12.98250
 -13.04941 -13.05523 -13.07237 -13.10562 -13.15358
 -13.21594 -13.22177 -13.23891 -13.27215 -13.32012
 -13.37906 -13.38487 -13.40201 -13.43527 -13.48322
 -13.53738 -13.54321 -13.56033 -13.59359 -13.64154
 -13.69134 -13.69715 -13.71429 -13.74755 -13.79550
 ---------------------------------------------------/ Z1=11   / DATE= 22/07/91  
  -9.99468  -9.93731  -9.78923  -9.49513  -8.99470
 -10.11084 -10.05938  -9.92929  -9.67264  -9.23226
 -10.22720 -10.18166 -10.06952  -9.85034  -9.47000
 -10.34340 -10.30377 -10.20962 -10.02789  -9.70759
 -10.45972 -10.42600 -10.34982 -10.20555  -9.94530
 -10.57511 -10.54729 -10.48908 -10.38227 -10.18207
 -10.67755 -10.65587 -10.61575 -10.54630 -10.40588
 -10.71947 -10.70656 -10.68590 -10.65266 -10.56908
 -10.66032 -10.66235 -10.66434 -10.66446 -10.63064
 -10.56090 -10.58268 -10.60887 -10.63769 -10.64423
 -10.49372 -10.53338 -10.57995 -10.63064 -10.66781
 -10.47224 -10.52298 -10.58205 -10.64594 -10.70339
 -10.49282 -10.54663 -10.60896 -10.67601 -10.74214
 -10.54291 -10.59109 -10.64638 -10.70530 -10.76730
 -10.61048 -10.64626 -10.68676 -10.72941 -10.77790
 -10.69064 -10.71372 -10.74021 -10.76899 -10.80592
 -10.78073 -10.79576 -10.81515 -10.83977 -10.87498
 -10.88245 -10.89321 -10.91026 -10.93631 -10.97516
 -10.99268 -11.00116 -11.01730 -11.04491 -11.08677
 -11.11794 -11.12532 -11.14088 -11.16901 -11.21217
 -11.25555 -11.26241 -11.27764 -11.30578 -11.34932
 -11.40392 -11.41047 -11.42546 -11.45354 -11.49720
 -11.56198 -11.56810 -11.58277 -11.61075 -11.65453
 -11.72797 -11.73340 -11.74751 -11.77531 -11.81921
 -11.89828 -11.90293 -11.91638 -11.94392 -11.98784
 -12.06901 -12.07312 -12.08610 -12.11339 -12.15698
 -12.23955 -12.24348 -12.25627 -12.28339 -12.32636
 -12.41107 -12.41501 -12.42778 -12.45480 -12.49729
 -12.58167 -12.58562 -12.59839 -12.62540 -12.66780
 -12.74791 -12.75186 -12.76462 -12.79163 -12.83405
 -12.91233 -12.91627 -12.92905 -12.95606 -12.99847
 -13.07211 -13.07606 -13.08883 -13.11584 -13.15825
 -13.22660 -13.23055 -13.24332 -13.27033 -13.31274
 -13.37742 -13.38136 -13.39413 -13.42114 -13.46355
 -13.52211 -13.52606 -13.53883 -13.56584 -13.60825
 ---------------------------------------------------/ Z1=12   / DATE= 22/07/91  
  -9.93145  -9.88405  -9.74254  -9.46018  -8.97520
 -10.02789  -9.98552  -9.86164  -9.61536  -9.18934
 -10.12297 -10.08562  -9.97938  -9.76916  -9.40210
 -10.21794 -10.18562 -10.09701  -9.92287  -9.61476
 -10.31314 -10.28585 -10.21487 -10.07681  -9.82766
 -10.40713 -10.38486 -10.33152 -10.22951 -10.03931
 -10.49651 -10.47930 -10.44359 -10.37767 -10.24646
 -10.55259 -10.54177 -10.52315 -10.49204 -10.41794
 -10.51278 -10.50867 -10.50470 -10.50254 -10.47711
 -10.38919 -10.39030 -10.39699 -10.41426 -10.42353
 -10.27546 -10.28081 -10.29532 -10.32487 -10.35751
 -10.21897 -10.22872 -10.25010 -10.28894 -10.33861
 -10.22300 -10.23682 -10.26359 -10.30873 -10.36945
 -10.27008 -10.28608 -10.31473 -10.36055 -10.42357
 -10.34250 -10.35751 -10.38300 -10.42208 -10.47701
 -10.42595 -10.43767 -10.45698 -10.48580 -10.52799
 -10.52051 -10.52863 -10.54268 -10.56453 -10.59882
 -10.62618 -10.63140 -10.64245 -10.66239 -10.69580
 -10.74332 -10.74648 -10.75590 -10.77587 -10.81080
 -10.87438 -10.87628 -10.88473 -10.90472 -10.94066
 -11.01805 -11.01926 -11.02718 -11.04714 -11.08361
 -11.16984 -11.17067 -11.17832 -11.19834 -11.23520
 -11.32818 -11.32877 -11.33626 -11.35638 -11.39357
 -11.49069 -11.49107 -11.49834 -11.51835 -11.55555
 -11.65463 -11.65476 -11.66168 -11.68126 -11.71800
 -11.81842 -11.81829 -11.82482 -11.84390 -11.87997
 -11.97715 -11.97676 -11.98297 -12.00173 -12.03719
 -12.13535 -12.13476 -12.14077 -12.15938 -12.19446
 -12.28760 -12.28693 -12.29286 -12.31145 -12.34638
 -12.43430 -12.43362 -12.43954 -12.45813 -12.49307
 -12.57594 -12.57526 -12.58120 -12.59979 -12.63471
 -12.71164 -12.71096 -12.71689 -12.73548 -12.77041
 -12.84093 -12.84025 -12.84618 -12.86477 -12.89970
 -12.96742 -12.96674 -12.97267 -12.99126 -13.02619
 -13.08524 -13.08456 -13.09049 -13.10908 -13.14401
 ---------------------------------------------------/ Z1=13   / DATE= 22/07/91  
  -9.83507  -9.82204  -9.67810  -9.39974  -8.93806
  -9.94193  -9.92890  -9.80312  -9.56000  -9.15413
 -10.04988 -10.03686  -9.92922  -9.72132  -9.37129
 -10.15667 -10.14364 -10.05416  -9.88150  -9.58728
 -10.26384 -10.25081 -10.17948 -10.04205  -9.80365
 -10.36990 -10.35688 -10.30371 -10.20151 -10.01893
 -10.46652 -10.45343 -10.41839 -10.35141 -10.22464
 -10.50719 -10.49688 -10.48022 -10.44823 -10.37695
 -10.43799 -10.43840 -10.43902 -10.43822 -10.41742
 -10.29641 -10.30494 -10.31701 -10.33777 -10.35468
 -10.17403 -10.18429 -10.20139 -10.23321 -10.27298
 -10.11379 -10.12470 -10.14498 -10.18259 -10.23532
 -10.11893 -10.13290 -10.15729 -10.19901 -10.25851
 -10.17300 -10.19047 -10.21806 -10.26103 -10.32122
 -10.25476 -10.27320 -10.30041 -10.33984 -10.39405
 -10.34902 -10.36481 -10.38740 -10.41879 -10.46213
 -10.45072 -10.46239 -10.47921 -10.50252 -10.53598
 -10.56041 -10.56862 -10.58130 -10.60019 -10.62938
 -10.67976 -10.68549 -10.69566 -10.71293 -10.74180
 -10.81068 -10.81471 -10.82329 -10.83986 -10.86922
 -10.95262 -10.95559 -10.96316 -10.97926 -11.00895
 -11.10690 -11.10927 -11.11625 -11.13203 -11.16184
 -11.26893 -11.27098 -11.27762 -11.29314 -11.32282
 -11.43776 -11.43961 -11.44600 -11.46131 -11.49079
 -11.61060 -11.61217 -11.61833 -11.63348 -11.66286
 -11.78469 -11.78587 -11.79168 -11.80665 -11.83597
 -11.96122 -11.96192 -11.96720 -11.98180 -12.01085
 -12.13559 -12.13582 -12.14047 -12.15455 -12.18312
 -12.30879 -12.30870 -12.31290 -12.32656 -12.35471
 -12.47926 -12.47913 -12.48323 -12.49684 -12.52491
 -12.64551 -12.64538 -12.64948 -12.66308 -12.69116
 -12.80843 -12.80829 -12.81240 -12.82600 -12.85407
 -12.96564 -12.96550 -12.96961 -12.98321 -13.01128
 -13.11917 -13.11903 -13.12314 -13.13674 -13.16482
 -13.26656 -13.26642 -13.27053 -13.28413 -13.31220
 ---------------------------------------------------/ Z1=14   / DATE= 22/07/91  
  -9.71648  -9.71131  -9.69510  -9.65711  -9.24033
  -9.82048  -9.81532  -9.79911  -9.76111  -9.39359
  -9.92665  -9.92149  -9.90527  -9.86727  -9.54900
 -10.03020 -10.02503 -10.00883  -9.97083  -9.70180
 -10.13493 -10.12978 -10.11357 -10.07557  -9.85579
 -10.23664 -10.23147 -10.21522 -10.17717 -10.00663
 -10.31175 -10.30665 -10.29055 -10.25276 -10.13154
 -10.29733 -10.29244 -10.27672 -10.23966 -10.16792
 -10.20481 -10.20820 -10.20703 -10.19713 -10.18124
 -10.11485 -10.13302 -10.15628 -10.18895 -10.22515
 -10.06665 -10.09850 -10.14136 -10.20171 -10.27103
 -10.06755 -10.11014 -10.16609 -10.23923 -10.32489
 -10.11318 -10.16336 -10.22784 -10.30726 -10.39954
 -10.19085 -10.24494 -10.31350 -10.39481 -10.48659
 -10.28562 -10.33924 -10.40637 -10.48367 -10.56773
 -10.38640 -10.43475 -10.49433 -10.56071 -10.63029
 -10.49089 -10.53092 -10.57934 -10.63131 -10.68413
 -10.60295 -10.63439 -10.67202 -10.71160 -10.75163
 -10.72689 -10.75102 -10.78017 -10.81140 -10.84449
 -10.86131 -10.87991 -10.90286 -10.92880 -10.95855
 -11.00936 -11.02426 -11.04315 -11.06586 -11.09414
 -11.16495 -11.17756 -11.19396 -11.21484 -11.24257
 -11.32762 -11.33885 -11.35384 -11.37362 -11.40085
 -11.49343 -11.50380 -11.51800 -11.53703 -11.56352
 -11.66073 -11.67050 -11.68418 -11.70273 -11.72866
 -11.82781 -11.83700 -11.85019 -11.86843 -11.89428
 -11.99351 -12.00205 -12.01461 -12.03254 -12.05846
 -12.15518 -12.16294 -12.17468 -12.19213 -12.21801
 -12.31419 -12.32124 -12.33222 -12.34919 -12.37494
 -12.46869 -12.47545 -12.48610 -12.50285 -12.52853
 -12.61930 -12.62605 -12.63670 -12.65346 -12.67914
 -12.76367 -12.77042 -12.78106 -12.79781 -12.82349
 -12.90370 -12.91045 -12.92110 -12.93785 -12.96352
 -13.03841 -13.04516 -13.05581 -13.07256 -13.09823
 -13.17045 -13.17720 -13.18785 -13.20460 -13.23027
 ---------------------------------------------------/ Z1=15   / DATE= 22/07/91  
  -9.59685  -9.60535  -9.49679  -9.26190  -8.85378
  -9.70623  -9.71472  -9.62085  -9.41478  -9.05366
  -9.81947  -9.82797  -9.74878  -9.57153  -9.25742
  -9.92792  -9.93642  -9.87192  -9.72349  -9.45639
 -10.03845 -10.04695  -9.99712  -9.87751  -9.65742
 -10.13849 -10.14699 -10.11185 -10.02107  -9.84798
 -10.21025 -10.21873 -10.19829 -10.13632 -10.01025
 -10.23915 -10.24762 -10.24186 -10.20871 -10.12966
 -10.25549 -10.26792 -10.27751 -10.27292 -10.24035
 -10.30490 -10.33089 -10.35667 -10.37774 -10.38591
 -10.37283 -10.41146 -10.45089 -10.49070 -10.52596
 -10.45003 -10.49558 -10.54425 -10.59464 -10.64198
 -10.54157 -10.59000 -10.64329 -10.69766 -10.74762
 -10.64826 -10.69667 -10.75000 -10.80316 -10.85051
 -10.76406 -10.80930 -10.85846 -10.90624 -10.94736
 -10.88102 -10.91952 -10.96075 -10.99984 -11.03248
 -11.00071 -11.02990 -11.06101 -11.09000 -11.11376
 -11.12514 -11.14570 -11.16785 -11.18852 -11.20587
 -11.25897 -11.27385 -11.29049 -11.30677 -11.32183
 -11.39868 -11.41020 -11.42390 -11.43844 -11.45369
 -11.54073 -11.55012 -11.56200 -11.57570 -11.59162
 -11.68308 -11.69110 -11.70175 -11.71487 -11.73130
 -11.82615 -11.83327 -11.84307 -11.85577 -11.87255
 -11.96315 -11.96963 -11.97876 -11.99106 -12.00798
 -12.09894 -12.10489 -12.11335 -12.12523 -12.14224
 -12.23194 -12.23730 -12.24499 -12.25640 -12.27364
 -12.36075 -12.36549 -12.37241 -12.38341 -12.40098
 -12.48801 -12.49224 -12.49863 -12.50942 -12.52728
 -12.61195 -12.61583 -12.62202 -12.63282 -12.65086
 -12.73346 -12.73716 -12.74330 -12.75417 -12.77231
 -12.85379 -12.85748 -12.86362 -12.87450 -12.89265
 -12.97394 -12.97763 -12.98377 -12.99465 -13.01280
 -13.09096 -13.09465 -13.10079 -13.11168 -13.12982
 -13.20732 -13.21100 -13.21714 -13.22802 -13.24617
 -13.32283 -13.32652 -13.33266 -13.34355 -13.36169
 ---------------------------------------------------/ Z1=16   / DATE= 22/07/91  
  -9.40516  -9.38006  -9.34142  -9.29429  -9.23996
  -9.52157  -9.49818  -9.46208  -9.41777  -9.36622
  -9.63654  -9.61486  -9.58131  -9.53982  -9.49105
  -9.75360  -9.73364  -9.70264  -9.66396  -9.61798
  -9.86977  -9.85152  -9.82306  -9.78721  -9.74400
  -9.98628  -9.96973  -9.94383  -9.91079  -9.87037
 -10.10207 -10.08724 -10.06388 -10.03366  -9.99602
 -10.21855 -10.20543 -10.18462 -10.15722 -10.12236
 -10.33449 -10.32309 -10.30483 -10.28024 -10.24817
 -10.45105 -10.44136 -10.42566 -10.40388 -10.37460
 -10.56687 -10.55889 -10.54573 -10.52678 -10.50026
 -10.68266 -10.67639 -10.66579 -10.64965 -10.62593
 -10.79941 -10.79485 -10.78679 -10.77347 -10.75253
 -10.91401 -10.91113 -10.90559 -10.89507 -10.87691
 -11.03178 -11.03040 -11.02713 -11.01922 -11.00380
 -11.14744 -11.14715 -11.14563 -11.13993 -11.12716
 -11.26405 -11.26429 -11.26376 -11.25970 -11.24945
 -11.37961 -11.37996 -11.37987 -11.37695 -11.36892
 -11.49462 -11.49496 -11.49505 -11.49288 -11.48659
 -11.60454 -11.60484 -11.60499 -11.60337 -11.59851
 -11.69314 -11.69339 -11.69354 -11.69242 -11.68895
 -11.74604 -11.74624 -11.74641 -11.74583 -11.74384
 -11.76698 -11.76716 -11.76742 -11.76743 -11.76693
 -11.78784 -11.78807 -11.78852 -11.78919 -11.79008
 -11.83213 -11.83236 -11.83299 -11.83427 -11.83647
 -11.89966 -11.89968 -11.90016 -11.90180 -11.90528
 -11.99265 -11.99222 -11.99216 -11.99385 -11.99859
 -12.10678 -12.10589 -12.10524 -12.10691 -12.11277
 -12.23596 -12.23480 -12.23381 -12.23554 -12.24224
 -12.37492 -12.37358 -12.37237 -12.37418 -12.38156
 -12.52148 -12.51991 -12.51840 -12.52019 -12.52817
 -12.67107 -12.66917 -12.66722 -12.66885 -12.67738
 -12.82043 -12.81835 -12.81614 -12.81767 -12.82644
 -12.97140 -12.96932 -12.96709 -12.96862 -12.97741
 -13.12018 -13.11810 -13.11587 -13.11740 -13.12619
 ---------------------------------------------------/ Z1=17   / DATE= 22/07/91  
  -9.27214  -9.26687  -9.26332  -9.24741  -9.20438
  -9.38127  -9.37632  -9.37293  -9.35780  -9.31689
  -9.49117  -9.48653  -9.48333  -9.46897  -9.43018
  -9.60075  -9.59641  -9.59339  -9.57981  -9.54313
  -9.71090  -9.70688  -9.70405  -9.69124  -9.65667
  -9.82010  -9.81638  -9.81374  -9.80170  -9.76926
  -9.92906  -9.92564  -9.92318  -9.91191  -9.88159
 -10.03911 -10.03601 -10.03373 -10.02324  -9.99503
 -10.14845 -10.14565 -10.14355 -10.13384 -10.10775
 -10.25844 -10.25596 -10.25405 -10.24510 -10.22114
 -10.36763 -10.36545 -10.36372 -10.35555 -10.33369
 -10.47758 -10.47572 -10.47417 -10.46677 -10.44704
 -10.58740 -10.58584 -10.58448 -10.57784 -10.56023
 -10.69654 -10.69529 -10.69411 -10.68826 -10.67276
 -10.80515 -10.80422 -10.80322 -10.79814 -10.78476
 -10.91731 -10.91668 -10.91588 -10.91157 -10.90031
 -11.02505 -11.02473 -11.02409 -11.02055 -11.01141
 -11.13480 -11.13472 -11.13426 -11.13150 -11.12447
 -11.24398 -11.24399 -11.24367 -11.24169 -11.23676
 -11.35107 -11.35100 -11.35072 -11.34951 -11.34658
 -11.45298 -11.45271 -11.45237 -11.45172 -11.45056
 -11.54288 -11.54240 -11.54180 -11.54145 -11.54169
 -11.61633 -11.61566 -11.61473 -11.61445 -11.61578
 -11.68194 -11.68110 -11.67982 -11.67956 -11.68175
 -11.75277 -11.75182 -11.75036 -11.75015 -11.75304
 -11.83560 -11.83474 -11.83344 -11.83355 -11.83692
 -11.93124 -11.93071 -11.93009 -11.93085 -11.93443
 -12.03615 -12.03593 -12.03593 -12.03725 -12.04096
 -12.15284 -12.15259 -12.15248 -12.15373 -12.15761
 -12.27551 -12.27502 -12.27431 -12.27503 -12.27880
 -12.40120 -12.40073 -12.39985 -12.40008 -12.40290
 -12.52715 -12.52726 -12.52734 -12.52759 -12.52823
 -12.65352 -12.65436 -12.65570 -12.65626 -12.65477
 -12.77806 -12.77902 -12.78058 -12.78120 -12.77937
 -12.90122 -12.90218 -12.90374 -12.90436 -12.90253
 ---------------------------------------------------/ Z1=18   / DATE= 22/07/91  
  -9.54637  -9.54418  -9.53290  -9.50723  -9.46173
  -9.62830  -9.62622  -9.61556  -9.59123  -9.54799
  -9.71041  -9.70846  -9.69842  -9.67542  -9.63445
  -9.79246  -9.79062  -9.78119  -9.75953  -9.72083
  -9.87560  -9.87388  -9.86507  -9.84475  -9.80831
  -9.95908  -9.95748  -9.94929  -9.93030  -9.89613
 -10.04442 -10.04292 -10.03535 -10.01770  -9.98579
 -10.12921 -10.12783 -10.12089 -10.10457 -10.07492
 -10.21501 -10.21374 -10.20741 -10.19242 -10.16505
 -10.30105 -10.29990 -10.29419 -10.28054 -10.25544
 -10.38823 -10.38720 -10.38211 -10.36979 -10.34695
 -10.47631 -10.47538 -10.47092 -10.45993 -10.43936
 -10.56469 -10.56389 -10.56004 -10.55040 -10.53208
 -10.65616 -10.65547 -10.65223 -10.64393 -10.62789
 -10.74594 -10.74537 -10.74275 -10.73578 -10.72201
 -10.83868 -10.83823 -10.83622 -10.83060 -10.81908
 -10.93079 -10.93045 -10.92907 -10.92477 -10.91552
 -11.02556 -11.02532 -11.02451 -11.02149 -11.01446
 -11.12234 -11.12216 -11.12170 -11.11969 -11.11471
 -11.22075 -11.22056 -11.22010 -11.21865 -11.21543
 -11.32101 -11.32077 -11.32014 -11.31902 -11.31726
 -11.42246 -11.42217 -11.42148 -11.42068 -11.42016
 -11.52704 -11.52675 -11.52611 -11.52567 -11.52613
 -11.63253 -11.63222 -11.63164 -11.63150 -11.63259
 -11.74141 -11.74109 -11.74049 -11.74044 -11.74178
 -11.85343 -11.85308 -11.85244 -11.85233 -11.85368
 -11.96539 -11.96503 -11.96435 -11.96420 -11.96552
 -12.08554 -12.08517 -12.08451 -12.08438 -12.08569
 -12.20718 -12.20684 -12.20623 -12.20612 -12.20739
 -12.33270 -12.33241 -12.33187 -12.33178 -12.33289
 -12.46242 -12.46220 -12.46178 -12.46171 -12.46256
 -12.59802 -12.59788 -12.59763 -12.59759 -12.59811
 -12.73589 -12.73584 -12.73575 -12.73575 -12.73596
 -12.87908 -12.87906 -12.87904 -12.87905 -12.87915
 -13.02522 -13.02520 -13.02518 -13.02519 -13.02529
