   36    5   35    1   36     /KRYPTON            /ABELS-VAN MAANEN 1985   ADF1
================================================================================
  11.00000  12.00000  13.00000  14.00000  15.00000
   0.00000   0.13535   0.27071   0.40606   0.54142   0.67677   0.81213   0.94748
   1.08284   1.21819   1.35355   1.48890   1.62426   1.75961   1.89497   2.03032
   2.16568   2.30103   2.43638   2.57174   2.70709   2.84245   2.97780   3.11316
   3.24851   3.38387   3.51922   3.65458   3.78993   3.92529   4.06064   4.19600
   4.33135   4.46671   4.60206
 --------------------/ IPRT= 1  / IGRD= 1  /RECOM   / Z1= 1   / DATE= 17.01.97  
 -13.17733 -13.27230 -13.45473 -13.45473 -13.45473
 -13.27666 -13.36440 -13.53087 -13.53107 -13.53125
 -13.37209 -13.45332 -13.60355 -13.60563 -13.60704
 -13.36786 -13.45566 -13.59245 -13.61863 -13.63873
 -13.19047 -13.29850 -13.42991 -13.50104 -13.56139
 -12.92204 -13.04853 -13.18176 -13.28981 -13.38946
 -12.72375 -12.85740 -12.99232 -13.11537 -13.23352
 -12.61621 -12.75085 -12.88668 -13.01591 -13.14218
 -12.58456 -12.71955 -12.85564 -12.98784 -13.11795
 -12.61108 -12.74583 -12.88261 -13.01609 -13.14798
 -12.68170 -12.81575 -12.95326 -13.08727 -13.22002
 -12.78489 -12.91892 -13.05606 -13.19038 -13.32344
 -12.91202 -13.04594 -13.18197 -13.31707 -13.45011
 -13.05654 -13.19048 -13.32527 -13.46109 -13.59390
 -13.21413 -13.34791 -13.48228 -13.61785 -13.75029
 -13.38127 -13.51473 -13.64890 -13.78393 -13.91588
 -13.55533 -13.68847 -13.82221 -13.95683 -14.08824
 -13.73449 -13.86724 -14.00060 -14.13473 -14.26555
 -13.91736 -14.04976 -14.18268 -14.31632 -14.44651
 -14.10297 -14.23507 -14.36748 -14.50062 -14.63015
 -14.29064 -14.42188 -14.55427 -14.68690 -14.81577
 -14.47960 -14.61038 -14.74256 -14.87467 -15.00288
 -14.66969 -14.80023 -14.93188 -15.06353 -15.19110
 -14.86075 -14.99081 -15.12214 -15.25324 -15.38015
 -15.05237 -15.18206 -15.31294 -15.44356 -15.56988
 -15.24446 -15.37377 -15.50309 -15.63435 -15.76009
 -15.43691 -15.56580 -15.69459 -15.82598 -15.95070
 -15.62952 -15.75818 -15.88669 -16.01588 -16.14163
 -15.82233 -15.95053 -16.07874 -16.20591 -16.33283
 -16.01541 -16.14291 -16.27108 -16.39816 -16.52424
 -16.20860 -16.33582 -16.46355 -16.59010 -16.71583
 -16.40193 -16.52879 -16.65616 -16.78231 -16.90761
 -16.59532 -16.72184 -16.84887 -16.97468 -17.09954
 -16.78871 -16.91499 -17.04168 -17.16704 -17.29155
 -16.98209 -17.10814 -17.23449 -17.35940 -17.48356
 --------------------/ IPRT= 1  / IGRD= 1  /RECOM   / Z1= 2   / DATE= 17.01.97  
 -12.28823 -12.38030 -12.45713 -12.82423 -12.82424
 -12.35915 -12.45906 -12.54642 -12.67663 -12.89683
 -12.44413 -12.51625 -12.62781 -12.72374 -12.95760
 -12.40371 -12.47817 -12.60085 -12.72419 -12.90454
 -12.18057 -12.28899 -12.41195 -12.53233 -12.69516
 -11.90475 -12.02686 -12.15729 -12.28839 -12.43409
 -11.71498 -11.84338 -11.97595 -12.10946 -12.25122
 -11.61639 -11.74675 -11.88018 -12.01487 -12.15506
 -11.59260 -11.72341 -11.85608 -11.99275 -12.13199
 -11.62608 -11.75680 -11.88939 -12.02659 -12.16537
 -11.70191 -11.83248 -11.96583 -12.10218 -12.24063
 -11.80906 -11.93964 -12.07270 -12.20909 -12.34699
 -11.93919 -12.06968 -12.20254 -12.33854 -12.47610
 -12.08634 -12.21655 -12.34914 -12.48347 -12.62200
 -12.24593 -12.37581 -12.50802 -12.64143 -12.78036
 -12.41455 -12.54389 -12.67607 -12.80899 -12.94649
 -12.58980 -12.71867 -12.85031 -12.98302 -13.11790
 -12.76995 -12.89848 -13.02919 -13.16191 -13.29497
 -12.95373 -13.08180 -13.21204 -13.34431 -13.47704
 -13.14013 -13.26773 -13.39750 -13.52930 -13.66150
 -13.32837 -13.45563 -13.58490 -13.71616 -13.84779
 -13.51809 -13.64474 -13.77368 -13.90460 -14.03553
 -13.70888 -13.83495 -13.96361 -14.09367 -14.22431
 -13.90045 -14.02610 -14.15415 -14.28298 -14.41390
 -14.09264 -14.21780 -14.34492 -14.47325 -14.60406
 -14.28518 -14.40996 -14.53656 -14.66443 -14.79466
 -14.47811 -14.60234 -14.72859 -14.85600 -14.98622
 -14.67134 -14.79500 -14.92084 -15.04781 -15.17569
 -14.86472 -14.98791 -15.11339 -15.23980 -15.36523
 -15.05822 -15.18104 -15.30599 -15.43213 -15.55736
 -15.25195 -15.37429 -15.49855 -15.62443 -15.74909
 -15.44578 -15.56753 -15.69135 -15.81604 -15.94115
 -15.63964 -15.76096 -15.88439 -16.00838 -16.13337
 -15.83354 -15.95452 -16.07750 -16.20139 -16.32560
 -16.02745 -16.14809 -16.27062 -16.39443 -16.51782
 --------------------/ IPRT= 1  / IGRD= 1  /RECOM   / Z1= 3   / DATE= 17.01.97  
 -11.78657 -11.83581 -11.97208 -12.05585 -12.18839
 -11.86286 -11.92579 -12.00293 -12.13756 -12.26638
 -11.92167 -11.98947 -12.06077 -12.19731 -12.32276
 -11.81647 -11.90256 -11.99638 -12.12455 -12.25080
 -11.54582 -11.65723 -11.77041 -11.90236 -12.03313
 -11.27726 -11.39853 -11.52401 -11.65729 -11.79098
 -11.10639 -11.23128 -11.36108 -11.49524 -11.63026
 -11.02550 -11.15204 -11.28273 -11.41436 -11.55275
 -11.01543 -11.14269 -11.27291 -11.40519 -11.54387
 -11.05931 -11.18677 -11.31680 -11.45040 -11.58783
 -11.14294 -11.27025 -11.40065 -11.53355 -11.67103
 -11.25604 -11.38291 -11.51322 -11.64614 -11.78295
 -11.39066 -11.51726 -11.64729 -11.77988 -11.91512
 -11.54103 -11.66732 -11.79707 -11.92923 -12.06263
 -11.70305 -11.82894 -11.95790 -12.09011 -12.22279
 -11.87360 -11.99890 -12.12735 -12.25901 -12.39163
 -12.05031 -12.17507 -12.30320 -12.43370 -12.56630
 -12.23157 -12.35589 -12.48343 -12.61310 -12.74545
 -12.41620 -12.53999 -12.66703 -12.79615 -12.92787
 -12.60328 -12.72647 -12.85309 -12.98158 -13.11269
 -12.79213 -12.91472 -13.04056 -13.16874 -13.29917
 -12.98236 -13.10437 -13.22950 -13.35733 -13.48707
 -13.17357 -13.29504 -13.41960 -13.54661 -13.67470
 -13.36550 -13.48640 -13.61038 -13.73629 -13.86276
 -13.55802 -13.67824 -13.80177 -13.92677 -14.05329
 -13.75094 -13.87059 -13.99350 -14.11797 -14.24384
 -13.94415 -14.06329 -14.18538 -14.30953 -14.43470
 -14.13766 -14.25616 -14.37768 -14.50133 -14.62590
 -14.33136 -14.44923 -14.57036 -14.69335 -14.81750
 -14.52518 -14.64254 -14.76305 -14.88525 -15.00890
 -14.71920 -14.83598 -14.95580 -15.07714 -15.19958
 -14.91330 -15.02948 -15.14875 -15.26969 -15.39094
 -15.10752 -15.22312 -15.34190 -15.46239 -15.58300
 -15.30179 -15.41688 -15.53513 -15.65501 -15.77527
 -15.49607 -15.61064 -15.72837 -15.84762 -15.96755
 --------------------/ IPRT= 1  / IGRD= 1  /RECOM   / Z1= 4   / DATE= 17.01.97  
 -11.44353 -11.49572 -11.58523 -11.69294 -11.91564
 -11.52871 -11.58161 -11.66632 -11.77227 -11.86383
 -11.60727 -11.66506 -11.75139 -11.84865 -11.92317
 -11.56113 -11.63715 -11.71992 -11.83497 -11.93088
 -11.32099 -11.42065 -11.51506 -11.64361 -11.75788
 -11.00261 -11.11703 -11.23961 -11.35570 -11.49511
 -10.77960 -10.90138 -11.02674 -11.15481 -11.28967
 -10.65587 -10.77963 -10.90657 -11.03765 -11.17198
 -10.61361 -10.73778 -10.86613 -10.99680 -11.13224
 -10.63384 -10.75817 -10.88626 -11.01809 -11.15326
 -10.70014 -10.82431 -10.95241 -11.08419 -11.21846
 -10.80058 -10.92454 -11.05247 -11.18380 -11.31661
 -10.92603 -11.04964 -11.17735 -11.30784 -11.44115
 -11.06986 -11.19302 -11.32046 -11.45060 -11.58362
 -11.22718 -11.34987 -11.47671 -11.60674 -11.73919
 -11.39431 -11.51658 -11.64284 -11.77249 -11.90455
 -11.56869 -11.69041 -11.81625 -11.94536 -12.07690
 -11.74836 -11.86947 -11.99486 -12.12347 -12.25452
 -11.93188 -12.05248 -12.17732 -12.30527 -12.43582
 -12.11830 -12.23831 -12.36249 -12.48950 -12.61929
 -12.30676 -12.42615 -12.54970 -12.67619 -12.80471
 -12.49679 -12.61555 -12.73851 -12.86446 -12.99214
 -12.68797 -12.80610 -12.92852 -13.05388 -13.18094
 -12.87996 -12.99746 -13.11930 -13.24400 -13.37044
 -13.07264 -13.18951 -13.31059 -13.43442 -13.56068
 -13.26575 -13.38204 -13.50250 -13.62570 -13.75143
 -13.45926 -13.57490 -13.69482 -13.81740 -13.94195
 -13.65305 -13.76803 -13.88730 -14.00937 -14.13271
 -13.84705 -13.96143 -14.08000 -14.20160 -14.32416
 -14.04124 -14.15497 -14.27303 -14.39383 -14.51602
 -14.23559 -14.34867 -14.46616 -14.58614 -14.70803
 -14.43008 -14.54254 -14.65933 -14.77890 -14.90021
 -14.62466 -14.73648 -14.85269 -14.97182 -15.09234
 -14.81929 -14.93044 -15.04621 -15.16466 -15.28428
 -15.01391 -15.12440 -15.23973 -15.35750 -15.47621
 --------------------/ IPRT= 1  / IGRD= 1  /RECOM   / Z1= 5   / DATE= 17.01.97  
 -11.18462 -11.23742 -11.33304 -11.41835 -11.56942
 -11.26992 -11.32040 -11.38448 -11.49365 -11.65651
 -11.35936 -11.40594 -11.46368 -11.57964 -11.68236
 -11.33035 -11.39571 -11.46820 -11.56405 -11.65247
 -11.07934 -11.17582 -11.27445 -11.36772 -11.49072
 -10.70621 -10.81868 -10.93955 -11.06192 -11.18690
 -10.41936 -10.53931 -10.66331 -10.79104 -10.92284
 -10.24021 -10.36201 -10.48757 -10.61712 -10.75050
 -10.15355 -10.27558 -10.40244 -10.53322 -10.66646
 -10.13896 -10.26108 -10.38796 -10.51841 -10.65238
 -10.17870 -10.30068 -10.42742 -10.55772 -10.69145
 -10.25912 -10.38079 -10.50722 -10.63749 -10.77044
 -10.36971 -10.49099 -10.61721 -10.74724 -10.88007
 -10.50261 -10.62348 -10.74937 -10.87911 -11.01174
 -10.65196 -10.77241 -10.89792 -11.02735 -11.15966
 -10.81339 -10.93335 -11.05843 -11.18741 -11.31951
 -10.98372 -11.10318 -11.22779 -11.35633 -11.48828
 -11.16058 -11.27954 -11.40373 -11.53186 -11.66325
 -11.34223 -11.46065 -11.58438 -11.71211 -11.84257
 -11.52740 -11.64529 -11.76848 -11.89586 -12.02589
 -11.71516 -11.83250 -11.95519 -12.08195 -12.21171
 -11.90483 -12.02160 -12.14383 -12.27001 -12.39938
 -12.09591 -12.21210 -12.33381 -12.45955 -12.58841
 -12.28802 -12.40365 -12.52478 -12.65008 -12.77851
 -12.48094 -12.59596 -12.71658 -12.84142 -12.96936
 -12.67442 -12.78885 -12.90896 -13.03326 -13.16028
 -12.86833 -12.98217 -13.10172 -13.22544 -13.35203
 -13.06258 -13.17582 -13.29483 -13.41803 -13.54428
 -13.25710 -13.36974 -13.48821 -13.61098 -13.73671
 -13.45181 -13.56383 -13.68176 -13.80404 -13.92928
 -13.64667 -13.75810 -13.87546 -13.99719 -14.12181
 -13.84169 -13.95250 -14.06935 -14.19054 -14.31461
 -14.03683 -14.14702 -14.26334 -14.38405 -14.50766
 -14.23201 -14.34159 -14.45736 -14.57760 -14.70079
 -14.42719 -14.53615 -14.65139 -14.77114 -14.89392
 --------------------/ IPRT= 1  / IGRD= 1  /RECOM   / Z1= 6   / DATE= 17.01.97  
 -10.98564 -11.04428 -11.10222 -11.19827 -11.31036
 -11.06667 -11.11146 -11.17966 -11.27937 -11.38146
 -11.14660 -11.19202 -11.26216 -11.33487 -11.46545
 -11.10697 -11.17187 -11.24331 -11.31787 -11.43704
 -10.85814 -10.95029 -11.04097 -11.14647 -11.24539
 -10.51014 -10.62072 -10.73785 -10.85628 -10.98210
 -10.26216 -10.37867 -10.49991 -10.62527 -10.75334
 -10.11868 -10.23705 -10.35997 -10.48743 -10.61715
 -10.06203 -10.18085 -10.30486 -10.43299 -10.56444
 -10.07209 -10.19087 -10.31469 -10.44284 -10.57468
 -10.13096 -10.24960 -10.37349 -10.50124 -10.63287
 -10.22614 -10.34434 -10.46800 -10.59570 -10.72620
 -10.34787 -10.46567 -10.58888 -10.71634 -10.84666
 -10.48910 -10.60642 -10.72912 -10.85601 -10.98624
 -10.64465 -10.76137 -10.88363 -11.00997 -11.13983
 -10.81065 -10.92678 -11.04850 -11.17436 -11.30366
 -10.98432 -11.09982 -11.22091 -11.34628 -11.47519
 -11.16359 -11.27843 -11.39892 -11.52374 -11.65184
 -11.34697 -11.46117 -11.58105 -11.70518 -11.83198
 -11.53339 -11.64688 -11.76608 -11.88937 -12.01579
 -11.72202 -11.83479 -11.95328 -12.07596 -12.20173
 -11.91227 -12.02434 -12.14216 -12.26422 -12.38926
 -12.10374 -12.21509 -12.33218 -12.45353 -12.57780
 -12.29611 -12.40671 -12.52306 -12.64363 -12.76693
 -12.48917 -12.59901 -12.71473 -12.83449 -12.95691
 -12.68273 -12.79184 -12.90685 -13.02596 -13.14764
 -12.87667 -12.98505 -13.09929 -13.21768 -13.33875
 -13.07093 -13.17854 -13.29211 -13.40968 -13.53028
 -13.26542 -13.37229 -13.48515 -13.60206 -13.72167
 -13.46008 -13.56625 -13.67833 -13.79463 -13.91307
 -13.65492 -13.76036 -13.87177 -13.98725 -14.10529
 -13.84990 -13.95461 -14.06529 -14.18012 -14.29760
 -14.04499 -14.14898 -14.25897 -14.37318 -14.48989
 -14.24015 -14.34343 -14.45274 -14.56629 -14.68216
 -14.43530 -14.53787 -14.64652 -14.75939 -14.87444
 --------------------/ IPRT= 1  / IGRD= 1  /RECOM   / Z1= 7   / DATE= 17.01.97  
 -10.81860 -10.86814 -10.93350 -11.01493 -11.10275
 -10.89374 -10.94439 -11.00517 -11.09423 -11.17598
 -10.96905 -11.01231 -11.06736 -11.14774 -11.24543
 -10.94448 -11.00121 -11.06564 -11.14300 -11.25676
 -10.76482 -10.85103 -10.93947 -11.03186 -11.15019
 -10.51978 -10.62221 -10.72953 -10.83988 -10.95956
 -10.34033 -10.44992 -10.56422 -10.68372 -10.80294
 -10.24504 -10.35757 -10.47463 -10.59717 -10.72039
 -10.22027 -10.33295 -10.45067 -10.57175 -10.69693
 -10.24006 -10.34878 -10.46128 -10.57533 -10.69187
 -10.26778 -10.36366 -10.45975 -10.55483 -10.64806
 -10.26932 -10.34280 -10.41332 -10.47981 -10.54293
 -10.24416 -10.29446 -10.34075 -10.38315 -10.42341
 -10.22188 -10.25544 -10.28573 -10.31365 -10.34158
 -10.22898 -10.25260 -10.27396 -10.29417 -10.31567
 -10.27410 -10.29192 -10.30821 -10.32409 -10.34184
 -10.35467 -10.36904 -10.38235 -10.39568 -10.41123
 -10.46477 -10.47703 -10.48849 -10.50020 -10.51427
 -10.59811 -10.60901 -10.61929 -10.62996 -10.64299
 -10.74919 -10.75919 -10.76870 -10.77865 -10.79093
 -10.91363 -10.92303 -10.93198 -10.94140 -10.95310
 -11.08802 -11.09701 -11.10559 -11.11461 -11.12585
 -11.26979 -11.27850 -11.28681 -11.29553 -11.30635
 -11.45698 -11.46549 -11.47361 -11.48211 -11.49256
 -11.64820 -11.65658 -11.66457 -11.67290 -11.68305
 -11.84234 -11.85064 -11.85852 -11.86668 -11.87661
 -12.03862 -12.04687 -12.05468 -12.06273 -12.07245
 -12.23648 -12.24471 -12.25249 -12.26045 -12.26991
 -12.43550 -12.44372 -12.45146 -12.45934 -12.46861
 -12.63535 -12.64358 -12.65129 -12.65911 -12.66822
 -12.83582 -12.84407 -12.85179 -12.85955 -12.86850
 -13.03675 -13.04503 -13.05275 -13.06045 -13.06927
 -13.23802 -13.24632 -13.25405 -13.26172 -13.27039
 -13.43945 -13.44778 -13.45552 -13.46317 -13.47166
 -13.64088 -13.64925 -13.65700 -13.66463 -13.67293
 --------------------/ IPRT= 1  / IGRD= 1  /RECOM   / Z1= 8   / DATE= 17.01.97  
 -10.67496 -10.71763 -10.78806 -10.85836 -10.92984
 -10.75046 -10.79815 -10.84863 -10.93688 -11.00308
 -10.83395 -10.87438 -10.92498 -10.99821 -11.07809
 -10.92190 -10.95466 -11.01006 -11.06465 -11.15380
 -11.01205 -11.04187 -11.08885 -11.14498 -11.23672
 -11.10550 -11.12986 -11.16665 -11.23116 -11.31455
 -11.20265 -11.22165 -11.26153 -11.32052 -11.37652
 -11.30098 -11.31809 -11.35488 -11.39436 -11.45393
 -11.32785 -11.33863 -11.36382 -11.39589 -11.44613
 -11.13418 -11.13856 -11.15094 -11.17248 -11.19769
 -10.76705 -10.76936 -10.77445 -10.78134 -10.79379
 -10.43363 -10.43477 -10.43779 -10.44284 -10.45154
 -10.20327 -10.20429 -10.20644 -10.21047 -10.21797
 -10.07164 -10.07259 -10.07450 -10.07802 -10.08471
 -10.02035 -10.02122 -10.02303 -10.02640 -10.03266
 -10.03307 -10.03390 -10.03556 -10.03873 -10.04472
 -10.09448 -10.09526 -10.09684 -10.09985 -10.10557
 -10.19271 -10.19346 -10.19497 -10.19782 -10.20328
 -10.31839 -10.31911 -10.32054 -10.32328 -10.32847
 -10.46444 -10.46513 -10.46649 -10.46912 -10.47410
 -10.62554 -10.62621 -10.62751 -10.63000 -10.63478
 -10.79773 -10.79837 -10.79961 -10.80201 -10.80657
 -10.97809 -10.97869 -10.97987 -10.98218 -10.98654
 -11.16442 -11.16499 -11.16613 -11.16832 -11.17249
 -11.35517 -11.35571 -11.35681 -11.35890 -11.36291
 -11.54913 -11.54965 -11.55070 -11.55270 -11.55655
 -11.74544 -11.74595 -11.74694 -11.74886 -11.75254
 -11.94349 -11.94397 -11.94492 -11.94676 -11.95027
 -12.14282 -12.14327 -12.14418 -12.14594 -12.14930
 -12.34304 -12.34348 -12.34435 -12.34602 -12.34926
 -12.54397 -12.54439 -12.54520 -12.54682 -12.54990
 -12.74540 -12.74581 -12.74658 -12.74813 -12.75108
 -12.94720 -12.94759 -12.94832 -12.94980 -12.95264
 -13.14918 -13.14953 -13.15025 -13.15165 -13.15439
 -13.35116 -13.35147 -13.35218 -13.35351 -13.35614
 --------------------/ IPRT= 1  / IGRD= 1  /RECOM   / Z1= 9   / DATE= 17.01.97  
 -10.55988 -10.59332 -10.64168 -10.71853 -10.81685
 -10.63949 -10.66235 -10.71713 -10.79603 -10.87848
 -10.72144 -10.74358 -10.79810 -10.85889 -10.93024
 -10.80630 -10.82354 -10.87162 -10.92647 -10.99822
 -10.89407 -10.90526 -10.94644 -11.00598 -11.08216
 -10.98541 -10.99673 -11.03737 -11.09182 -11.16223
 -11.07957 -11.08588 -11.12718 -11.17952 -11.24708
 -11.17839 -11.18285 -11.21472 -11.25818 -11.33579
 -11.27005 -11.27380 -11.30206 -11.33968 -11.39708
 -11.27496 -11.28058 -11.30649 -11.34038 -11.37593
 -11.12296 -11.13523 -11.15598 -11.18314 -11.21364
 -10.89552 -10.91411 -10.93441 -10.95586 -10.97790
 -10.72364 -10.74503 -10.76568 -10.78478 -10.80473
 -10.63549 -10.65820 -10.67918 -10.69855 -10.71718
 -10.61936 -10.64295 -10.66435 -10.68404 -10.70218
 -10.65952 -10.68366 -10.70544 -10.72507 -10.74358
 -10.74187 -10.76642 -10.78848 -10.80829 -10.82695
 -10.85554 -10.88040 -10.90273 -10.92282 -10.94141
 -10.99227 -11.01738 -11.03996 -11.06022 -11.07863
 -11.14591 -11.17124 -11.19399 -11.21436 -11.23302
 -11.31197 -11.33747 -11.36043 -11.38095 -11.39972
 -11.48712 -11.51278 -11.53588 -11.55662 -11.57545
 -11.66892 -11.69471 -11.71793 -11.73880 -11.75770
 -11.85558 -11.88148 -11.90482 -11.92579 -11.94470
 -12.04581 -12.07182 -12.09528 -12.11644 -12.13546
 -12.23861 -12.26471 -12.28831 -12.30950 -12.32872
 -12.43332 -12.45950 -12.48322 -12.50456 -12.52371
 -12.62943 -12.65568 -12.67951 -12.70094 -12.72018
 -12.82655 -12.85285 -12.87681 -12.89829 -12.91776
 -13.02439 -13.05076 -13.07482 -13.09643 -13.11590
 -13.22279 -13.24921 -13.27337 -13.29505 -13.31455
 -13.42161 -13.44806 -13.47233 -13.49410 -13.51376
 -13.62071 -13.64721 -13.67157 -13.69344 -13.71322
 -13.81996 -13.84650 -13.87094 -13.89289 -13.91271
 -14.01921 -14.04579 -14.07031 -14.09233 -14.11219
 --------------------/ IPRT= 1  / IGRD= 1  /RECOM   / Z1=10   / DATE= 17.01.97  
 -10.45717 -10.47282 -10.52600 -10.59391 -10.67611
 -10.53516 -10.55128 -10.60304 -10.66632 -10.74644
 -10.61528 -10.62601 -10.67332 -10.74556 -10.82672
 -10.69808 -10.70519 -10.74689 -10.81171 -10.88357
 -10.78359 -10.78747 -10.82982 -10.87786 -10.93995
 -10.87240 -10.87127 -10.91456 -10.96581 -11.02653
 -10.96404 -10.96411 -10.99749 -11.05075 -11.10838
 -11.05984 -11.05998 -11.08868 -11.12863 -11.19547
 -11.15423 -11.15503 -11.18075 -11.21645 -11.27866
 -11.19153 -11.20225 -11.22853 -11.27099 -11.31748
 -11.08706 -11.11794 -11.15480 -11.20004 -11.24493
 -10.87876 -10.92662 -10.97494 -11.02189 -11.07222
 -10.69869 -10.75282 -10.80487 -10.85518 -10.90334
 -10.59608 -10.65170 -10.70482 -10.75519 -10.80071
 -10.56706 -10.62297 -10.67615 -10.72554 -10.77060
 -10.59615 -10.65185 -10.70469 -10.75372 -10.79827
 -10.66962 -10.72504 -10.77769 -10.82650 -10.87060
 -10.77610 -10.83122 -10.88360 -10.93222 -10.97607
 -10.90694 -10.96183 -11.01407 -11.06239 -11.10596
 -11.05570 -11.11039 -11.16249 -11.21086 -11.25439
 -11.21761 -11.27210 -11.32410 -11.37241 -11.41610
 -11.38915 -11.44348 -11.49543 -11.54371 -11.58752
 -11.56774 -11.62191 -11.67383 -11.72220 -11.76592
 -11.75150 -11.80550 -11.85737 -11.90578 -11.94947
 -11.93904 -11.99287 -12.04474 -12.09309 -12.13707
 -12.12933 -12.18299 -12.23481 -12.28325 -12.32732
 -12.32163 -12.37513 -12.42691 -12.47535 -12.51942
 -12.51543 -12.56876 -12.62048 -12.66892 -12.71311
 -12.71032 -12.76345 -12.81513 -12.86361 -12.90800
 -12.90600 -12.95894 -13.01056 -13.05903 -13.10348
 -13.10230 -13.15502 -13.20657 -13.25503 -13.29950
 -13.29903 -13.35157 -13.40303 -13.45153 -13.49614
 -13.49612 -13.54843 -13.59981 -13.64827 -13.69307
 -13.69336 -13.74544 -13.79675 -13.84512 -13.89002
 -13.89060 -13.94245 -13.99369 -14.04198 -14.08697
 --------------------/ IPRT= 1  / IGRD= 1  /RECOM   / Z1=11   / DATE= 17.01.97  
 -10.36476 -10.37241 -10.42154 -10.48214 -10.55229
 -10.44142 -10.44181 -10.49770 -10.55418 -10.62401
 -10.52002 -10.51951 -10.56766 -10.63228 -10.69699
 -10.60111 -10.60138 -10.64109 -10.69895 -10.77213
 -10.68472 -10.68464 -10.72130 -10.76574 -10.84660
 -10.77137 -10.77137 -10.80174 -10.85180 -10.91516
 -10.86078 -10.86083 -10.88488 -10.93554 -10.98384
 -10.95400 -10.95399 -10.97606 -11.01295 -11.06951
 -11.04421 -11.04567 -11.06293 -11.09904 -11.15927
 -11.08089 -11.09600 -11.12024 -11.16580 -11.21783
 -10.99634 -11.04131 -11.09061 -11.15007 -11.21135
 -10.82609 -10.89988 -10.97488 -11.05581 -11.14140
 -10.67936 -10.76785 -10.85977 -10.95657 -11.05631
 -10.60005 -10.69464 -10.79397 -10.89892 -11.00656
 -10.58667 -10.68396 -10.78658 -10.89450 -11.00562
 -10.62609 -10.72438 -10.82863 -10.93815 -11.05074
 -10.70607 -10.80458 -10.90923 -11.01953 -11.13330
 -10.81633 -10.91459 -11.01916 -11.12924 -11.24338
 -10.94900 -11.04675 -11.15096 -11.26069 -11.37437
 -11.09817 -11.19524 -11.29885 -11.40801 -11.52038
 -11.25944 -11.35570 -11.45854 -11.56671 -11.67843
 -11.42961 -11.52498 -11.62694 -11.73410 -11.84505
 -11.60630 -11.70072 -11.80171 -11.90784 -12.01738
 -11.78776 -11.88117 -11.98115 -12.08607 -12.19422
 -11.97277 -12.06514 -12.16407 -12.26778 -12.37493
 -12.16034 -12.25166 -12.34950 -12.45204 -12.55792
 -12.34982 -12.44008 -12.53683 -12.63805 -12.74241
 -12.54074 -12.62992 -12.72556 -12.82559 -12.92869
 -12.73271 -12.82084 -12.91536 -13.01420 -13.11598
 -12.92548 -13.01254 -13.10596 -13.20346 -13.30379
 -13.11888 -13.20487 -13.29722 -13.39352 -13.49285
 -13.31275 -13.39771 -13.48897 -13.58412 -13.68235
 -13.50702 -13.59094 -13.68115 -13.77519 -13.87198
 -13.70149 -13.78438 -13.87354 -13.96651 -14.06184
 -13.89597 -13.97782 -14.06593 -14.15785 -14.25171
 --------------------/ IPRT= 1  / IGRD= 1  /RECOM   / Z1=12   / DATE= 17.01.97  
 -10.28074 -10.28074 -10.32629 -10.38085 -10.46833
 -10.35629 -10.35629 -10.39747 -10.45257 -10.53203
 -10.43363 -10.43363 -10.46672 -10.52975 -10.58916
 -10.51325 -10.51325 -10.54345 -10.59683 -10.65681
 -10.59521 -10.59522 -10.62122 -10.66411 -10.73800
 -10.68007 -10.68005 -10.69812 -10.74868 -10.81311
 -10.76743 -10.76750 -10.78576 -10.83129 -10.87976
 -10.85851 -10.85850 -10.87019 -10.90839 -10.95909
 -10.94403 -10.94605 -10.95688 -10.99205 -11.04283
 -10.96548 -10.98319 -11.00554 -11.04970 -11.10291
 -10.85994 -10.90840 -10.95616 -11.01898 -11.08650
 -10.67852 -10.75401 -10.83042 -10.91253 -10.99714
 -10.53161 -10.62004 -10.71168 -10.80914 -10.90872
 -10.45551 -10.54916 -10.64745 -10.75228 -10.85954
 -10.44533 -10.54127 -10.64281 -10.75004 -10.86136
 -10.48756 -10.58426 -10.68717 -10.79578 -10.90824
 -10.56974 -10.66649 -10.76980 -10.87887 -10.99143
 -10.68167 -10.77808 -10.88124 -10.98999 -11.10305
 -10.81558 -10.91141 -11.01411 -11.12241 -11.23491
 -10.96568 -11.06075 -11.16275 -11.27026 -11.38160
 -11.12764 -11.22184 -11.32299 -11.42952 -11.54002
 -11.29831 -11.39155 -11.49174 -11.59725 -11.70680
 -11.47533 -11.56757 -11.66673 -11.77104 -11.87921
 -11.65702 -11.74821 -11.84628 -11.94933 -12.05603
 -11.84218 -11.93228 -12.02922 -12.13108 -12.23655
 -12.02985 -12.11883 -12.21462 -12.31506 -12.41932
 -12.21937 -12.30724 -12.40185 -12.50105 -12.60361
 -12.41029 -12.49703 -12.59047 -12.68836 -12.78959
 -12.60225 -12.68787 -12.78013 -12.87665 -12.97655
 -12.79498 -12.87948 -12.97059 -13.06590 -13.16414
 -12.98833 -13.07172 -13.16168 -13.25576 -13.35281
 -13.18215 -13.26444 -13.35327 -13.44618 -13.54166
 -13.37636 -13.45756 -13.54527 -13.63703 -13.73118
 -13.57075 -13.65089 -13.73748 -13.82812 -13.92124
 -13.76515 -13.84423 -13.92970 -14.01922 -14.11131
 --------------------/ IPRT= 1  / IGRD= 1  /RECOM   / Z1=13   / DATE= 17.01.97  
 -10.20365 -10.20365 -10.23877 -10.30402 -10.36453
 -10.27829 -10.27829 -10.30968 -10.36143 -10.43422
 -10.35455 -10.35455 -10.37880 -10.43229 -10.51110
 -10.43291 -10.43290 -10.45486 -10.51042 -10.57123
 -10.51346 -10.51348 -10.53191 -10.58150 -10.63140
 -10.59674 -10.59672 -10.60818 -10.65101 -10.71283
 -10.68240 -10.68245 -10.69446 -10.73572 -10.79150
 -10.77154 -10.77154 -10.77781 -10.82136 -10.87373
 -10.85531 -10.85724 -10.86317 -10.89849 -10.94476
 -10.87797 -10.89471 -10.91240 -10.95146 -10.99770
 -10.77809 -10.82435 -10.86772 -10.92793 -10.99296
 -10.60311 -10.67587 -10.74845 -10.82753 -10.91324
 -10.46004 -10.54584 -10.63451 -10.72890 -10.82483
 -10.38600 -10.47714 -10.57304 -10.67435 -10.77887
 -10.37706 -10.47054 -10.56978 -10.67414 -10.78343
 -10.42004 -10.51428 -10.61487 -10.72108 -10.83141
 -10.50268 -10.59696 -10.69793 -10.80447 -10.91513
 -10.61487 -10.70878 -10.80956 -10.91579 -11.02633
 -10.74891 -10.84218 -10.94242 -11.04815 -11.15811
 -10.89903 -10.99146 -11.09094 -11.19576 -11.30451
 -11.06090 -11.15241 -11.25093 -11.35471 -11.46242
 -11.23140 -11.32189 -11.41934 -11.52181 -11.62859
 -11.40822 -11.49760 -11.59391 -11.69508 -11.80029
 -11.58965 -11.67788 -11.77298 -11.87286 -11.97630
 -11.77452 -11.86155 -11.95541 -12.05373 -12.15598
 -11.96185 -12.04768 -12.14025 -12.23719 -12.33785
 -12.15101 -12.23564 -12.32691 -12.42246 -12.52123
 -12.34156 -12.42496 -12.51494 -12.60907 -12.70630
 -12.53315 -12.61531 -12.70400 -12.79676 -12.89235
 -12.72549 -12.80645 -12.89385 -12.98525 -13.07906
 -12.91845 -12.99822 -13.08436 -13.17442 -13.26685
 -13.11189 -13.19048 -13.27537 -13.36412 -13.45488
 -13.30572 -13.38314 -13.46682 -13.55429 -13.64360
 -13.49977 -13.57601 -13.65849 -13.74472 -13.83280
 -13.69382 -13.76889 -13.85017 -13.93515 -14.02202
 --------------------/ IPRT= 1  / IGRD= 1  /RECOM   / Z1=14   / DATE= 17.01.97  
 -10.13241 -10.13241 -10.15781 -10.21710 -10.29295
 -10.20626 -10.20626 -10.22848 -10.28501 -10.34220
 -10.28160 -10.28160 -10.29757 -10.34921 -10.41124
 -10.35888 -10.35888 -10.37280 -10.42202 -10.48702
 -10.43824 -10.43824 -10.45012 -10.49550 -10.55899
 -10.52004 -10.52003 -10.52472 -10.56459 -10.62792
 -10.60443 -10.60444 -10.60596 -10.64841 -10.69734
 -10.69178 -10.69177 -10.69198 -10.73300 -10.77939
 -10.78085 -10.78116 -10.78132 -10.81299 -10.86176
 -10.85817 -10.86200 -10.86521 -10.89432 -10.93563
 -10.88584 -10.90295 -10.91804 -10.95254 -10.99484
 -10.84451 -10.88355 -10.91980 -10.96468 -11.02260
 -10.77471 -10.83339 -10.89056 -10.95307 -11.02130
 -10.72862 -10.79936 -10.87058 -10.94488 -11.02267
 -10.72811 -10.80506 -10.88403 -10.96542 -11.05099
 -10.77158 -10.85159 -10.93458 -11.02028 -11.10956
 -10.85157 -10.93278 -11.01756 -11.10470 -11.19512
 -10.95991 -11.04125 -11.12648 -11.21398 -11.30444
 -11.08961 -11.17041 -11.25522 -11.34228 -11.43230
 -11.23515 -11.31496 -11.39879 -11.48432 -11.57302
 -11.39232 -11.47083 -11.55329 -11.63743 -11.72366
 -11.55800 -11.63501 -11.71584 -11.79791 -11.88236
 -11.72991 -11.80525 -11.88429 -11.96405 -12.04648
 -11.90636 -11.97996 -12.05706 -12.13486 -12.21423
 -12.08617 -12.15797 -12.23308 -12.30868 -12.38542
 -12.26844 -12.33841 -12.41152 -12.48496 -12.55924
 -12.45255 -12.52070 -12.59183 -12.66313 -12.73448
 -12.63809 -12.70445 -12.77362 -12.84283 -12.91185
 -12.82474 -12.88932 -12.95659 -13.02380 -13.09047
 -13.01224 -13.07511 -13.14055 -13.20580 -13.26992
 -13.20047 -13.26169 -13.32536 -13.38878 -13.45108
 -13.38933 -13.44894 -13.51091 -13.57257 -13.63257
 -13.57872 -13.63680 -13.69715 -13.75716 -13.81529
 -13.76838 -13.82498 -13.88377 -13.94218 -13.99888
 -13.95806 -14.01318 -14.07040 -14.12722 -14.18250
 --------------------/ IPRT= 1  / IGRD= 1  /RECOM   / Z1=15   / DATE= 17.01.97  
 -10.06615 -10.06615 -10.08249 -10.13670 -10.20368
 -10.13933 -10.13933 -10.15249 -10.20458 -10.27700
 -10.21389 -10.21389 -10.22344 -10.26992 -10.33706
 -10.29024 -10.29024 -10.29346 -10.34162 -10.39942
 -10.36849 -10.36851 -10.36772 -10.41842 -10.47418
 -10.44916 -10.44913 -10.44948 -10.49160 -10.54848
 -10.53196 -10.53202 -10.53205 -10.56695 -10.61576
 -10.61796 -10.61795 -10.61790 -10.65042 -10.69311
 -10.70025 -10.70167 -10.70286 -10.72864 -10.77561
 -10.72967 -10.74366 -10.75586 -10.78494 -10.83234
 -10.64146 -10.68270 -10.72150 -10.77013 -10.82562
 -10.47051 -10.53778 -10.60499 -10.67508 -10.75357
 -10.32203 -10.40209 -10.48501 -10.57126 -10.66242
 -10.23901 -10.32358 -10.41259 -10.50505 -10.60093
 -10.22073 -10.30643 -10.39713 -10.49104 -10.58798
 -10.25497 -10.34021 -10.43064 -10.52429 -10.62042
 -10.33010 -10.41427 -10.50360 -10.59579 -10.69011
 -10.43617 -10.51905 -10.60700 -10.69759 -10.78962
 -10.56543 -10.64696 -10.73347 -10.82246 -10.91264
 -10.71189 -10.79210 -10.87721 -10.96452 -11.05317
 -10.87109 -10.95001 -11.03375 -11.11961 -11.20634
 -11.03964 -11.11733 -11.19976 -11.28426 -11.36937
 -11.21507 -11.29155 -11.37272 -11.45588 -11.53956
 -11.39553 -11.47080 -11.55073 -11.63261 -11.71473
 -11.57969 -11.65379 -11.73250 -11.81315 -11.89386
 -11.76654 -11.83947 -11.91699 -11.99638 -12.07582
 -11.95538 -12.02715 -12.10348 -12.18166 -12.25963
 -12.14569 -12.21632 -12.29146 -12.36846 -12.44519
 -12.33709 -12.40658 -12.48058 -12.55641 -12.63187
 -12.52929 -12.59768 -12.67054 -12.74521 -12.81931
 -12.72215 -12.78943 -12.86117 -12.93472 -13.00775
 -12.91552 -12.98171 -13.05235 -13.12480 -13.19653
 -13.10927 -13.17440 -13.24397 -13.31536 -13.38597
 -13.30323 -13.36730 -13.43582 -13.50616 -13.57582
 -13.49720 -13.56021 -13.62768 -13.69696 -13.76569
 --------------------/ IPRT= 1  / IGRD= 1  /RECOM   / Z1=16   / DATE= 17.01.97  
 -10.00419 -10.00419 -10.01209 -10.06191 -10.12166
 -10.07680 -10.07680 -10.08232 -10.13482 -10.19100
 -10.15068 -10.15068 -10.15163 -10.20055 -10.26588
 -10.22622 -10.22622 -10.22548 -10.26890 -10.32804
 -10.30352 -10.30352 -10.30375 -10.34313 -10.39034
 -10.38317 -10.38315 -10.38309 -10.41668 -10.46900
 -10.46461 -10.46468 -10.46473 -10.49176 -10.54562
 -10.54940 -10.54938 -10.54938 -10.57468 -10.62533
 -10.62518 -10.62777 -10.62989 -10.65384 -10.69464
 -10.61852 -10.63914 -10.65767 -10.68855 -10.73437
 -10.46834 -10.52016 -10.57045 -10.62560 -10.69434
 -10.24881 -10.32374 -10.40067 -10.48109 -10.56780
 -10.07328 -10.15567 -10.24223 -10.33159 -10.42469
  -9.96317 -10.04363 -10.12809 -10.21424 -10.30237
  -9.90697  -9.98070 -10.05698 -10.13327 -10.20838
  -9.89550  -9.96062 -10.02678 -10.09137 -10.15285
  -9.92381  -9.98092 -10.03799 -10.09260 -10.14362
  -9.98772 -10.03831 -10.08825 -10.13534 -10.17861
 -10.08217 -10.12785 -10.17255 -10.21432 -10.25217
 -10.20172 -10.24377 -10.28470 -10.32274 -10.35703
 -10.34107 -10.38049 -10.41875 -10.45418 -10.48596
 -10.49572 -10.53323 -10.56960 -10.60322 -10.63330
 -10.66199 -10.69811 -10.73310 -10.76546 -10.79439
 -10.83694 -10.87202 -10.90605 -10.93752 -10.96562
 -11.01838 -11.05266 -11.08599 -11.11686 -11.14442
 -11.20456 -11.23825 -11.27106 -11.30150 -11.32873
 -11.39426 -11.42748 -11.45990 -11.49006 -11.51703
 -11.58652 -11.61938 -11.65152 -11.68147 -11.70831
 -11.78069 -11.81322 -11.84514 -11.87497 -11.90173
 -11.97622 -12.00848 -12.04023 -12.06997 -12.09666
 -12.17277 -12.20480 -12.23640 -12.26608 -12.29280
 -12.37008 -12.40189 -12.43337 -12.46300 -12.48971
 -12.56793 -12.59955 -12.63091 -12.66054 -12.68727
 -12.76606 -12.79746 -12.82876 -12.85837 -12.88517
 -12.96420 -12.99539 -13.02661 -13.05622 -13.08308
 --------------------/ IPRT= 1  / IGRD= 1  /RECOM   / Z1=17   / DATE= 17.01.97  
  -9.94599  -9.94599  -9.94599 -10.00361 -10.06300
 -10.01811 -10.01811 -10.01811 -10.06307 -10.12817
 -10.09139 -10.09139 -10.09139 -10.13599 -10.18907
 -10.16621 -10.16621 -10.16621 -10.20431 -10.25765
 -10.24270 -10.24270 -10.24270 -10.27267 -10.33191
 -10.32138 -10.32137 -10.32135 -10.35104 -10.40022
 -10.40174 -10.40178 -10.40184 -10.42383 -10.46973
 -10.48517 -10.48519 -10.48521 -10.50385 -10.54938
 -10.55298 -10.55704 -10.56043 -10.57885 -10.62288
 -10.52012 -10.54523 -10.56833 -10.59825 -10.64795
 -10.34263 -10.39926 -10.45517 -10.51289 -10.58204
 -10.11883 -10.19588 -10.27607 -10.35892 -10.44894
  -9.95329 -10.03680 -10.12550 -10.21730 -10.31496
  -9.85381  -9.93520 -10.02148 -10.11030 -10.20143
  -9.79980  -9.87324  -9.94975 -10.02666 -10.10275
  -9.77906  -9.84150  -9.90498  -9.96680 -10.02580
  -9.78991  -9.84179  -9.89337  -9.94239  -9.98757
  -9.83377  -9.87721  -9.91969  -9.95932  -9.99519
  -9.90953  -9.94683  -9.98288 -10.01615 -10.04581
 -10.01343 -10.04639 -10.07803 -10.10702 -10.13269
 -10.14047 -10.17038 -10.19901 -10.22512 -10.24820
 -10.28584 -10.31361 -10.34013 -10.36431 -10.38558
 -10.44527 -10.47154 -10.49661 -10.51946 -10.53955
 -10.61534 -10.64053 -10.66461 -10.68654 -10.70585
 -10.79341 -10.81782 -10.84117 -10.86249 -10.88123
 -10.97737 -11.00120 -11.02406 -11.04495 -11.06335
 -11.16568 -11.18909 -11.21159 -11.23220 -11.25036
 -11.35721 -11.38029 -11.40254 -11.42297 -11.44100
 -11.55109 -11.57392 -11.59598 -11.61632 -11.63425
 -11.74668 -11.76931 -11.79125 -11.81151 -11.82941
 -11.94355 -11.96600 -11.98786 -12.00809 -12.02601
 -12.14134 -12.16366 -12.18544 -12.20567 -12.22363
 -12.33982 -12.36202 -12.38375 -12.40399 -12.42200
 -12.53863 -12.56072 -12.58240 -12.60266 -12.62073
 -12.73746 -12.75944 -12.78107 -12.80135 -12.81947
 --------------------/ IPRT= 1  / IGRD= 1  /RECOM   / Z1=18   / DATE= 17.01.97  
  -9.89108  -9.89108  -9.89108  -9.93699  -9.99044
  -9.96277  -9.96278  -9.96277  -9.99728 -10.06266
 -10.03554 -10.03554 -10.03554 -10.06995 -10.12459
 -10.10974 -10.10974 -10.10974 -10.13842 -10.18836
 -10.18548 -10.18549 -10.18549 -10.20700 -10.26194
 -10.26331 -10.26330 -10.26328 -10.28486 -10.33528
 -10.34270 -10.34273 -10.34279 -10.35761 -10.40297
 -10.42506 -10.42508 -10.42509 -10.43717 -10.47898
 -10.49001 -10.49440 -10.49808 -10.51087 -10.55373
 -10.44761 -10.47378 -10.49814 -10.52483 -10.57615
 -10.25708 -10.31476 -10.37225 -10.42914 -10.49898
 -10.02575 -10.10303 -10.18408 -10.26709 -10.35768
  -9.85927  -9.94297 -10.03258 -10.12545 -10.22520
  -9.76161  -9.84363  -9.93140 -10.02224 -10.11668
  -9.70623  -9.78005  -9.85761  -9.93616 -10.01430
  -9.67656  -9.73797  -9.80072  -9.86214  -9.92074
  -9.67237  -9.72158  -9.77054  -9.81705  -9.85982
  -9.69964  -9.73925  -9.77789  -9.81385  -9.84617
  -9.76047  -9.79329  -9.82492  -9.85398  -9.87977
  -9.85226  -9.88043  -9.90740  -9.93199  -9.95362
  -9.96998  -9.99500 -10.01885 -10.04053 -10.05954
 -10.10839 -10.13124 -10.15300 -10.17274 -10.19002
 -10.26276 -10.28412 -10.30446 -10.32288 -10.33899
 -10.42922 -10.44953 -10.46886 -10.48641 -10.50177
 -10.60475 -10.62431 -10.64295 -10.65991 -10.67474
 -10.78698 -10.80600 -10.82416 -10.84071 -10.85521
 -10.97417 -10.99278 -11.01062 -11.02690 -11.04117
 -11.16501 -11.18333 -11.20093 -11.21704 -11.23117
 -11.35853 -11.37662 -11.39406 -11.41006 -11.42413
 -11.55400 -11.57192 -11.58924 -11.60518 -11.61923
 -11.75091 -11.76869 -11.78593 -11.80186 -11.81592
 -11.94888 -11.96656 -11.98374 -11.99965 -12.01375
 -12.14763 -12.16522 -12.18236 -12.19829 -12.21243
 -12.34676 -12.36426 -12.38137 -12.39733 -12.41153
 -12.54591 -12.56331 -12.58039 -12.59639 -12.61065
 --------------------/ IPRT= 1  / IGRD= 1  /RECOM   / Z1=19   / DATE= 17.01.97  
  -9.83910  -9.83910  -9.83910  -9.87428  -9.93799
  -9.91041  -9.91041  -9.91041  -9.94230  -9.99358
  -9.98273  -9.98273  -9.98273 -10.00777 -10.06157
 -10.05635 -10.05635 -10.05635 -10.07948 -10.13604
 -10.13149 -10.13148 -10.13148 -10.15112 -10.20259
 -10.20837 -10.20838 -10.20839 -10.22096 -10.26642
 -10.28714 -10.28716 -10.28717 -10.30046 -10.34477
 -10.36657 -10.36698 -10.36732 -10.37463 -10.42236
 -10.41691 -10.42406 -10.43029 -10.44029 -10.48163
 -10.36524 -10.39420 -10.42144 -10.44927 -10.49814
 -10.20606 -10.26242 -10.31870 -10.37247 -10.44311
 -10.03731 -10.11026 -10.18648 -10.26315 -10.34720
  -9.92879 -10.00865 -10.09390 -10.18189 -10.27622
  -9.88233  -9.96310 -10.04985 -10.14001 -10.23540
  -9.87446  -9.95060 -10.03163 -10.11491 -10.19979
  -9.88353  -9.94968 -10.01856 -10.08745 -10.15499
  -9.90382  -9.95795 -10.01287 -10.06609 -10.11634
  -9.94229  -9.98578 -10.02893 -10.06971 -10.10703
 -10.00603 -10.04158 -10.07628 -10.10857 -10.13763
 -10.09681 -10.12679 -10.15579 -10.18251 -10.20630
 -10.21205 -10.23823 -10.26341 -10.28648 -10.30689
 -10.34764 -10.37121 -10.39382 -10.41447 -10.43269
 -10.49935 -10.52108 -10.54193 -10.56096 -10.57771
 -10.66341 -10.68387 -10.70347 -10.72139 -10.73713
 -10.83682 -10.85636 -10.87511 -10.89226 -10.90729
 -11.01717 -11.03602 -11.05417 -11.07078 -11.08537
 -11.20266 -11.22100 -11.23870 -11.25495 -11.26922
 -11.39194 -11.40991 -11.42727 -11.44325 -11.45732
 -11.58400 -11.60165 -11.61877 -11.63457 -11.64851
 -11.77806 -11.79546 -11.81240 -11.82807 -11.84193
 -11.97362 -11.99082 -12.00762 -12.02318 -12.03699
 -12.17027 -12.18729 -12.20396 -12.21946 -12.23324
 -12.36772 -12.38460 -12.40116 -12.41662 -12.43038
 -12.56557 -12.58230 -12.59877 -12.61419 -12.62796
 -12.76344 -12.78002 -12.79640 -12.81178 -12.82555
 --------------------/ IPRT= 1  / IGRD= 1  /RECOM   / Z1=20   / DATE= 17.01.97  
  -9.78974  -9.78974  -9.78974  -9.81507  -9.87298
  -9.86072  -9.86073  -9.86073  -9.88687  -9.94468
  -9.93264  -9.93264  -9.93264  -9.95310 -10.00718
 -10.00578 -10.00578 -10.00578 -10.02140 -10.07131
 -10.08032 -10.08033 -10.08033 -10.09444 -10.14424
 -10.15655 -10.15655 -10.15655 -10.16674 -10.21678
 -10.23472 -10.23472 -10.23472 -10.24065 -10.28474
 -10.31508 -10.31508 -10.31508 -10.32058 -10.35994
 -10.39786 -10.39786 -10.39786 -10.39930 -10.43806
 -10.48345 -10.48345 -10.48345 -10.48245 -10.51588
 -10.57140 -10.57140 -10.57140 -10.57172 -10.59951
 -10.66307 -10.66307 -10.66307 -10.66305 -10.68766
 -10.74620 -10.74620 -10.74620 -10.74618 -10.76351
 -10.76706 -10.76707 -10.76708 -10.76712 -10.78016
 -10.66981 -10.66982 -10.66986 -10.66992 -10.67809
 -10.51148 -10.51150 -10.51155 -10.51164 -10.51485
 -10.38591 -10.38594 -10.38598 -10.38608 -10.38751
 -10.32717 -10.32720 -10.32724 -10.32734 -10.32840
 -10.33076 -10.33078 -10.33083 -10.33092 -10.33148
 -10.38440 -10.38443 -10.38447 -10.38456 -10.38496
 -10.47625 -10.47628 -10.47632 -10.47642 -10.47671
 -10.59665 -10.59667 -10.59671 -10.59679 -10.59705
 -10.73815 -10.73817 -10.73820 -10.73828 -10.73848
 -10.89509 -10.89511 -10.89515 -10.89523 -10.89535
 -11.06340 -11.06342 -11.06345 -11.06352 -11.06366
 -11.23992 -11.23994 -11.23997 -11.24004 -11.24018
 -11.42244 -11.42246 -11.42249 -11.42256 -11.42268
 -11.60932 -11.60934 -11.60937 -11.60943 -11.60955
 -11.79936 -11.79938 -11.79941 -11.79947 -11.79959
 -11.99168 -11.99170 -11.99173 -11.99178 -11.99189
 -12.18567 -12.18568 -12.18571 -12.18576 -12.18587
 -12.38087 -12.38088 -12.38090 -12.38096 -12.38105
 -12.57696 -12.57697 -12.57699 -12.57705 -12.57714
 -12.77348 -12.77349 -12.77352 -12.77357 -12.77366
 -12.97001 -12.97002 -12.97007 -12.97010 -12.97020
 --------------------/ IPRT= 1  / IGRD= 1  /RECOM   / Z1=21   / DATE= 17.01.97  
  -9.74272  -9.74272  -9.74272  -9.76796  -9.82552
  -9.81343  -9.81343  -9.81343  -9.82934  -9.88156
  -9.88498  -9.88498  -9.88498  -9.90123  -9.95283
  -9.95768  -9.95768  -9.95768  -9.96988 -10.01830
 -10.03171 -10.03171 -10.03171 -10.03710 -10.08109
 -10.10733 -10.10733 -10.10733 -10.11121 -10.15815
 -10.18477 -10.18477 -10.18477 -10.18445 -10.23259
 -10.26431 -10.26431 -10.26431 -10.26395 -10.30128
 -10.34621 -10.34621 -10.34621 -10.34640 -10.37969
 -10.43076 -10.43076 -10.43076 -10.43069 -10.46016
 -10.51775 -10.51775 -10.51775 -10.51777 -10.54009
 -10.60815 -10.60815 -10.60815 -10.60815 -10.62831
 -10.69383 -10.69383 -10.69382 -10.69383 -10.70962
 -10.72608 -10.72608 -10.72609 -10.72611 -10.73626
 -10.64106 -10.64107 -10.64110 -10.64114 -10.64702
 -10.48246 -10.48248 -10.48252 -10.48259 -10.48509
 -10.34789 -10.34791 -10.34795 -10.34803 -10.34896
 -10.27991 -10.27993 -10.27997 -10.28005 -10.28079
 -10.27589 -10.27591 -10.27595 -10.27603 -10.27636
 -10.32369 -10.32371 -10.32375 -10.32383 -10.32413
 -10.41122 -10.41124 -10.41128 -10.41135 -10.41155
 -10.52838 -10.52840 -10.52844 -10.52851 -10.52864
 -10.66748 -10.66750 -10.66753 -10.66760 -10.66774
 -10.82268 -10.82270 -10.82273 -10.82280 -10.82292
 -10.98967 -10.98969 -10.98972 -10.98978 -10.98990
 -11.16523 -11.16525 -11.16528 -11.16534 -11.16545
 -11.34701 -11.34702 -11.34705 -11.34711 -11.34722
 -11.53333 -11.53334 -11.53337 -11.53342 -11.53352
 -11.72291 -11.72293 -11.72295 -11.72300 -11.72310
 -11.91487 -11.91487 -11.91491 -11.91494 -11.91504
 -12.10855 -12.10857 -12.10860 -12.10864 -12.10872
 -12.30350 -12.30352 -12.30353 -12.30358 -12.30365
 -12.49937 -12.49938 -12.49940 -12.49944 -12.49952
 -12.69568 -12.69569 -12.69571 -12.69576 -12.69583
 -12.89201 -12.89203 -12.89205 -12.89209 -12.89217
 --------------------/ IPRT= 1  / IGRD= 1  /RECOM   / Z1=22   / DATE= 17.01.97  
  -9.69782  -9.69782  -9.69782  -9.71400  -9.76665
  -9.76828  -9.76828  -9.76828  -9.78143  -9.83264
  -9.83951  -9.83951  -9.83951  -9.84927  -9.89562
  -9.91182  -9.91182  -9.91182  -9.91517  -9.96412
  -9.98536  -9.98536  -9.98536  -9.98455 -10.03688
 -10.06040 -10.06040 -10.06040 -10.06078 -10.10505
 -10.13720 -10.13720 -10.13720 -10.13718 -10.17458
 -10.21600 -10.21599 -10.21600 -10.21593 -10.25135
 -10.29702 -10.29702 -10.29702 -10.29705 -10.32460
 -10.38055 -10.38056 -10.38055 -10.38054 -10.40415
 -10.46675 -10.46675 -10.46675 -10.46676 -10.48752
 -10.55568 -10.55568 -10.55568 -10.55568 -10.56996
 -10.64471 -10.64471 -10.64471 -10.64471 -10.65801
 -10.70723 -10.70723 -10.70724 -10.70724 -10.71596
 -10.69413 -10.69413 -10.69415 -10.69418 -10.69909
 -10.60606 -10.60607 -10.60610 -10.60615 -10.60903
 -10.51002 -10.51004 -10.51007 -10.51012 -10.51123
 -10.45808 -10.45810 -10.45813 -10.45818 -10.45872
 -10.46038 -10.46040 -10.46043 -10.46049 -10.46088
 -10.51025 -10.51027 -10.51030 -10.51036 -10.51048
 -10.59780 -10.59782 -10.59785 -10.59790 -10.59800
 -10.71395 -10.71397 -10.71400 -10.71405 -10.71417
 -10.85141 -10.85142 -10.85145 -10.85150 -10.85160
 -11.00450 -11.00452 -11.00454 -11.00459 -11.00469
 -11.16904 -11.16905 -11.16907 -11.16912 -11.16921
 -11.34184 -11.34185 -11.34187 -11.34192 -11.34201
 -11.52063 -11.52064 -11.52066 -11.52070 -11.52079
 -11.70373 -11.70374 -11.70376 -11.70380 -11.70389
 -11.88996 -11.88997 -11.88999 -11.89003 -11.89010
 -12.07841 -12.07842 -12.07844 -12.07849 -12.07855
 -12.26849 -12.26850 -12.26853 -12.26856 -12.26863
 -12.45978 -12.45979 -12.45980 -12.45983 -12.45989
 -12.65195 -12.65196 -12.65197 -12.65201 -12.65206
 -12.84456 -12.84457 -12.84459 -12.84461 -12.84468
 -13.03718 -13.03719 -13.03723 -13.03723 -13.03732
 --------------------/ IPRT= 1  / IGRD= 1  /RECOM   / Z1=23   / DATE= 17.01.97  
  -9.65486  -9.65486  -9.65486  -9.66265  -9.72330
  -9.72509  -9.72509  -9.72509  -9.73058  -9.78049
  -9.79605  -9.79605  -9.79605  -9.79701  -9.85151
  -9.86801  -9.86801  -9.86801  -9.86728  -9.91672
  -9.94113  -9.94113  -9.94113  -9.94136  -9.98134
 -10.01569 -10.01569 -10.01569 -10.01565 -10.05576
 -10.09189 -10.09189 -10.09189 -10.09189 -10.12333
 -10.17002 -10.17002 -10.17002 -10.17002 -10.19772
 -10.25031 -10.25031 -10.25031 -10.25031 -10.27492
 -10.33302 -10.33302 -10.33302 -10.33302 -10.35166
 -10.41834 -10.41834 -10.41834 -10.41834 -10.43416
 -10.50652 -10.50652 -10.50652 -10.50652 -10.51974
 -10.59776 -10.59776 -10.59776 -10.59776 -10.60615
 -10.69221 -10.69221 -10.69221 -10.69221 -10.70015
 -10.79007 -10.79007 -10.79007 -10.79007 -10.79454
 -10.89152 -10.89152 -10.89152 -10.89152 -10.89446
 -10.99668 -10.99668 -10.99668 -10.99668 -10.99901
 -11.10571 -11.10571 -11.10571 -11.10571 -11.10584
 -11.21874 -11.21874 -11.21874 -11.21874 -11.21877
 -11.33590 -11.33590 -11.33590 -11.33590 -11.33591
 -11.45723 -11.45723 -11.45723 -11.45723 -11.45721
 -11.58279 -11.58279 -11.58279 -11.58279 -11.58280
 -11.71260 -11.71260 -11.71260 -11.71260 -11.71260
 -11.84662 -11.84662 -11.84662 -11.84662 -11.84662
 -11.98479 -11.98479 -11.98479 -11.98479 -11.98479
 -12.12695 -12.12696 -12.12696 -12.12696 -12.12695
 -12.27298 -12.27299 -12.27299 -12.27299 -12.27298
 -12.42271 -12.42272 -12.42272 -12.42272 -12.42271
 -12.57593 -12.57593 -12.57593 -12.57592 -12.57593
 -12.73239 -12.73239 -12.73239 -12.73238 -12.73239
 -12.89190 -12.89190 -12.89190 -12.89190 -12.89190
 -13.05422 -13.05422 -13.05422 -13.05422 -13.05422
 -13.21927 -13.21927 -13.21927 -13.21927 -13.21927
 -13.38587 -13.38587 -13.38587 -13.38587 -13.38587
 -13.55253 -13.55253 -13.55253 -13.55252 -13.55253
 --------------------/ IPRT= 1  / IGRD= 1  /RECOM   / Z1=24   / DATE= 17.01.97  
  -9.61366  -9.61366  -9.61366  -9.62141  -9.66954
  -9.68369  -9.68369  -9.68369  -9.68408  -9.73570
  -9.75439  -9.75439  -9.75439  -9.75387  -9.79911
  -9.82603  -9.82603  -9.82603  -9.82632  -9.86753
  -9.89878  -9.89878  -9.89878  -9.89869  -9.93982
  -9.97287  -9.97287  -9.97287  -9.97289 -10.00793
 -10.04853 -10.04853 -10.04853 -10.04854 -10.07729
 -10.12603 -10.12603 -10.12603 -10.12604 -10.15329
 -10.20563 -10.20563 -10.20563 -10.20563 -10.22607
 -10.28752 -10.28752 -10.28752 -10.28752 -10.30458
 -10.37203 -10.37203 -10.37203 -10.37203 -10.38723
 -10.45906 -10.45906 -10.45906 -10.45906 -10.46789
 -10.54878 -10.54878 -10.54878 -10.54878 -10.55541
 -10.62955 -10.62957 -10.62956 -10.62956 -10.63345
 -10.66756 -10.66758 -10.66757 -10.66758 -10.67021
 -10.63505 -10.63506 -10.63508 -10.63511 -10.63602
 -10.56650 -10.56651 -10.56654 -10.56657 -10.56627
 -10.51706 -10.51707 -10.51710 -10.51713 -10.51727
 -10.51264 -10.51265 -10.51267 -10.51271 -10.51280
 -10.55381 -10.55382 -10.55385 -10.55389 -10.55397
 -10.63310 -10.63311 -10.63313 -10.63317 -10.63324
 -10.74207 -10.74208 -10.74210 -10.74214 -10.74221
 -10.87341 -10.87342 -10.87344 -10.87347 -10.87355
 -11.02127 -11.02127 -11.02130 -11.02134 -11.02139
 -11.18123 -11.18124 -11.18126 -11.18128 -11.18135
 -11.34992 -11.34993 -11.34995 -11.34998 -11.35004
 -11.52495 -11.52495 -11.52497 -11.52500 -11.52506
 -11.70453 -11.70454 -11.70455 -11.70458 -11.70464
 -11.88740 -11.88741 -11.88742 -11.88745 -11.88749
 -12.07262 -12.07263 -12.07264 -12.07267 -12.07271
 -12.25961 -12.25961 -12.25962 -12.25965 -12.25969
 -12.44787 -12.44786 -12.44788 -12.44790 -12.44794
 -12.63711 -12.63712 -12.63713 -12.63715 -12.63719
 -12.82686 -12.82687 -12.82688 -12.82690 -12.82694
 -13.01663 -13.01662 -13.01664 -13.01666 -13.01670
 --------------------/ IPRT= 1  / IGRD= 1  /RECOM   / Z1=25   / DATE= 17.01.97  
  -9.57406  -9.57406  -9.57406  -9.57406  -9.61854
  -9.64391  -9.64391  -9.64391  -9.64391  -9.68723
  -9.71439  -9.71439  -9.71439  -9.71439  -9.75927
  -9.78574  -9.78574  -9.78574  -9.78574  -9.82353
  -9.85814  -9.85814  -9.85814  -9.85814  -9.88894
  -9.93181  -9.93181  -9.93181  -9.93181  -9.96260
 -10.00697 -10.00697 -10.00697 -10.00697 -10.03019
 -10.08388 -10.08388 -10.08388 -10.08388 -10.10401
 -10.16281 -10.16281 -10.16281 -10.16281 -10.18042
 -10.24397 -10.24397 -10.24397 -10.24397 -10.25649
 -10.32761 -10.32760 -10.32760 -10.32760 -10.33761
 -10.41388 -10.41388 -10.41388 -10.41388 -10.42245
 -10.50292 -10.50292 -10.50292 -10.50292 -10.50699
 -10.59130 -10.59130 -10.59130 -10.59130 -10.59225
 -10.66663 -10.66663 -10.66662 -10.66663 -10.66679
 -10.71090 -10.71090 -10.71091 -10.71092 -10.71093
 -10.72650 -10.72651 -10.72652 -10.72653 -10.72654
 -10.73792 -10.73793 -10.73794 -10.73796 -10.73801
 -10.76870 -10.76871 -10.76873 -10.76876 -10.76881
 -10.82826 -10.82827 -10.82828 -10.82831 -10.82836
 -10.91573 -10.91574 -10.91575 -10.91578 -10.91583
 -11.02662 -11.02662 -11.02664 -11.02666 -11.02671
 -11.15581 -11.15582 -11.15583 -11.15585 -11.15590
 -11.29874 -11.29875 -11.29876 -11.29879 -11.29883
 -11.45182 -11.45182 -11.45183 -11.45185 -11.45189
 -11.61225 -11.61226 -11.61227 -11.61229 -11.61233
 -11.77804 -11.77805 -11.77806 -11.77806 -11.77811
 -11.94776 -11.94777 -11.94778 -11.94780 -11.94783
 -12.12043 -12.12043 -12.12044 -12.12045 -12.12048
 -12.29532 -12.29532 -12.29533 -12.29534 -12.29537
 -12.47199 -12.47201 -12.47200 -12.47202 -12.47204
 -12.65014 -12.65014 -12.65015 -12.65017 -12.65017
 -12.82958 -12.82958 -12.82959 -12.82961 -12.82962
 -13.00974 -13.00973 -13.00973 -13.00974 -13.00978
 -13.18993 -13.18990 -13.18991 -13.18990 -13.18997
 --------------------/ IPRT= 1  / IGRD= 1  /RECOM   / Z1=26   / DATE= 17.01.97  
  -9.53595  -9.53595  -9.53595  -9.53595  -9.58016
  -9.60563  -9.60563  -9.60563  -9.60563  -9.64660
  -9.67592  -9.67592  -9.67592  -9.67592  -9.70984
  -9.74701  -9.74701  -9.74701  -9.74701  -9.77913
  -9.81909  -9.81909  -9.81909  -9.81909  -9.84749
  -9.89236  -9.89236  -9.89236  -9.89236  -9.91312
  -9.96708  -9.96708  -9.96708  -9.96709  -9.98850
 -10.04347 -10.04348 -10.04348 -10.04348 -10.05768
 -10.12180 -10.12179 -10.12179 -10.12179 -10.13376
 -10.20226 -10.20227 -10.20227 -10.20227 -10.21223
 -10.28513 -10.28514 -10.28514 -10.28514 -10.29048
 -10.37063 -10.37063 -10.37063 -10.37063 -10.37523
 -10.45897 -10.45898 -10.45898 -10.45898 -10.46132
 -10.55022 -10.55022 -10.55022 -10.55022 -10.55027
 -10.64488 -10.64488 -10.64488 -10.64488 -10.64468
 -10.74157 -10.74157 -10.74157 -10.74157 -10.74163
 -10.83219 -10.83219 -10.83219 -10.83219 -10.83219
 -10.82637 -10.82637 -10.82637 -10.82638 -10.82641
 -10.66381 -10.66382 -10.66383 -10.66385 -10.66390
 -10.43908 -10.43910 -10.43911 -10.43914 -10.43920
 -10.27410 -10.27411 -10.27413 -10.27416 -10.27423
 -10.19316 -10.19317 -10.19319 -10.19322 -10.19330
 -10.18270 -10.18271 -10.18273 -10.18276 -10.18282
 -10.22774 -10.22775 -10.22776 -10.22779 -10.22784
 -10.31410 -10.31411 -10.31412 -10.31415 -10.31421
 -10.43115 -10.43116 -10.43117 -10.43120 -10.43126
 -10.57080 -10.57081 -10.57082 -10.57085 -10.57090
 -10.72704 -10.72705 -10.72706 -10.72708 -10.72713
 -10.89543 -10.89544 -10.89545 -10.89547 -10.89552
 -11.07270 -11.07270 -11.07272 -11.07274 -11.07279
 -11.25647 -11.25648 -11.25650 -11.25651 -11.25656
 -11.44500 -11.44499 -11.44500 -11.44504 -11.44508
 -11.63710 -11.63710 -11.63711 -11.63713 -11.63717
 -11.83093 -11.83095 -11.83096 -11.83096 -11.83100
 -12.02484 -12.02487 -12.02488 -12.02485 -12.02489
 --------------------/ IPRT= 1  / IGRD= 1  /RECOM   / Z1=27   / DATE= 17.01.97  
  -9.49835  -9.49835  -9.49835  -9.49835  -9.52405
  -9.56777  -9.56776  -9.56776  -9.56776  -9.59265
  -9.63768  -9.63768  -9.63768  -9.63768  -9.66425
  -9.70834  -9.70834  -9.70834  -9.70834  -9.72884
  -9.77986  -9.77986  -9.77986  -9.77986  -9.79460
  -9.85245  -9.85245  -9.85245  -9.85245  -9.86753
  -9.92636  -9.92636  -9.92636  -9.92636  -9.93513
 -10.00181 -10.00181 -10.00181 -10.00181 -10.00822
 -10.07905 -10.07905 -10.07905 -10.07905 -10.08053
 -10.15831 -10.15831 -10.15831 -10.15831 -10.15719
 -10.23983 -10.23983 -10.23983 -10.23983 -10.24021
 -10.32386 -10.32386 -10.32386 -10.32386 -10.32384
 -10.41060 -10.41060 -10.41060 -10.41060 -10.41056
 -10.50021 -10.50021 -10.50021 -10.50021 -10.50021
 -10.59309 -10.59309 -10.59309 -10.59309 -10.59309
 -10.68834 -10.68834 -10.68834 -10.68834 -10.68835
 -10.78578 -10.78579 -10.78579 -10.78579 -10.78579
 -10.85097 -10.85097 -10.85098 -10.85098 -10.85099
 -10.82909 -10.82909 -10.82909 -10.82910 -10.82913
 -10.71661 -10.71663 -10.71664 -10.71666 -10.71668
 -10.60039 -10.60039 -10.60041 -10.60043 -10.60048
 -10.53511 -10.53511 -10.53512 -10.53515 -10.53520
 -10.52948 -10.52949 -10.52950 -10.52953 -10.52958
 -10.57468 -10.57468 -10.57470 -10.57472 -10.57477
 -10.65973 -10.65974 -10.65975 -10.65977 -10.65982
 -10.77484 -10.77484 -10.77485 -10.77488 -10.77492
 -10.91232 -10.91232 -10.91233 -10.91236 -10.91240
 -11.06629 -11.06631 -11.06632 -11.06634 -11.06638
 -11.23236 -11.23238 -11.23239 -11.23241 -11.23245
 -11.40726 -11.40726 -11.40727 -11.40728 -11.40732
 -11.58859 -11.58860 -11.58860 -11.58862 -11.58866
 -11.77460 -11.77461 -11.77460 -11.77463 -11.77466
 -11.96413 -11.96414 -11.96414 -11.96416 -11.96419
 -12.15537 -12.15538 -12.15540 -12.15540 -12.15544
 -12.34669 -12.34670 -12.34673 -12.34672 -12.34675
 --------------------/ IPRT= 1  / IGRD= 1  /RECOM   / Z1=28   / DATE= 17.01.97  
  -9.45465  -9.45465  -9.45465  -9.45465  -9.47970
  -9.52390  -9.52390  -9.52390  -9.52390  -9.54630
  -9.59363  -9.59363  -9.59363  -9.59363  -9.61009
  -9.66403  -9.66403  -9.66403  -9.66403  -9.67919
  -9.73524  -9.73524  -9.73524  -9.73523  -9.74749
  -9.80744  -9.80744  -9.80744  -9.80744  -9.81336
  -9.88087  -9.88087  -9.88087  -9.88087  -9.88796
  -9.95573  -9.95573  -9.95573  -9.95573  -9.95696
 -10.03229 -10.03228 -10.03228 -10.03228 -10.03149
 -10.11074 -10.11073 -10.11073 -10.11073 -10.11120
 -10.19133 -10.19133 -10.19133 -10.19133 -10.19121
 -10.27432 -10.27432 -10.27432 -10.27432 -10.27434
 -10.35986 -10.35986 -10.35986 -10.35986 -10.35987
 -10.44814 -10.44814 -10.44814 -10.44814 -10.44814
 -10.53948 -10.53948 -10.53948 -10.53948 -10.53948
 -10.63348 -10.63348 -10.63348 -10.63349 -10.63348
 -10.73008 -10.73008 -10.73008 -10.73008 -10.73008
 -10.81147 -10.81148 -10.81147 -10.81148 -10.81149
 -10.83716 -10.83717 -10.83717 -10.83718 -10.83719
 -10.78508 -10.78507 -10.78508 -10.78510 -10.78513
 -10.70661 -10.70661 -10.70662 -10.70664 -10.70668
 -10.65744 -10.65745 -10.65746 -10.65748 -10.65752
 -10.65768 -10.65768 -10.65769 -10.65772 -10.65776
 -10.70427 -10.70428 -10.70429 -10.70431 -10.70435
 -10.78881 -10.78882 -10.78883 -10.78885 -10.78889
 -10.90255 -10.90256 -10.90256 -10.90259 -10.90263
 -11.03819 -11.03819 -11.03820 -11.03822 -11.03826
 -11.19007 -11.19007 -11.19008 -11.19009 -11.19012
 -11.35381 -11.35382 -11.35383 -11.35385 -11.35388
 -11.52621 -11.52622 -11.52623 -11.52625 -11.52627
 -11.70494 -11.70495 -11.70495 -11.70496 -11.70499
 -11.88822 -11.88822 -11.88823 -11.88824 -11.88827
 -12.07493 -12.07493 -12.07494 -12.07495 -12.07498
 -12.26329 -12.26331 -12.26330 -12.26333 -12.26334
 -12.45172 -12.45175 -12.45173 -12.45177 -12.45177
 --------------------/ IPRT= 1  / IGRD= 1  /RECOM   / Z1=29   / DATE= 17.01.97  
  -9.41241  -9.41241  -9.41241  -9.41241  -9.42814
  -9.48152  -9.48152  -9.48152  -9.48152  -9.49828
  -9.55110  -9.55110  -9.55110  -9.55110  -9.56298
  -9.62127  -9.62127  -9.62127  -9.62127  -9.62909
  -9.69219  -9.69219  -9.69219  -9.69219  -9.69889
  -9.76404  -9.76404  -9.76404  -9.76404  -9.76750
  -9.83704  -9.83704  -9.83704  -9.83704  -9.83671
  -9.91138  -9.91138  -9.91138  -9.91138  -9.91107
  -9.98731  -9.98731  -9.98731  -9.98731  -9.98747
 -10.06504 -10.06504 -10.06504 -10.06504 -10.06499
 -10.14480 -10.14480 -10.14480 -10.14480 -10.14482
 -10.22683 -10.22683 -10.22683 -10.22683 -10.22682
 -10.31129 -10.31129 -10.31129 -10.31130 -10.31130
 -10.39839 -10.39839 -10.39839 -10.39839 -10.39839
 -10.48836 -10.48836 -10.48836 -10.48836 -10.48836
 -10.58098 -10.58097 -10.58098 -10.58097 -10.58097
 -10.67630 -10.67630 -10.67630 -10.67631 -10.67630
 -10.76033 -10.76033 -10.76033 -10.76034 -10.76034
 -10.79509 -10.79508 -10.79510 -10.79509 -10.79512
 -10.75299 -10.75298 -10.75300 -10.75300 -10.75302
 -10.67701 -10.67702 -10.67702 -10.67704 -10.67707
 -10.62482 -10.62482 -10.62483 -10.62485 -10.62488
 -10.62052 -10.62052 -10.62053 -10.62055 -10.62058
 -10.66282 -10.66282 -10.66283 -10.66285 -10.66288
 -10.74375 -10.74376 -10.74377 -10.74378 -10.74382
 -10.85455 -10.85456 -10.85457 -10.85458 -10.85462
 -10.98785 -10.98785 -10.98785 -10.98788 -10.98791
 -11.13778 -11.13779 -11.13779 -11.13781 -11.13784
 -11.29992 -11.29993 -11.29994 -11.29995 -11.29998
 -11.47093 -11.47094 -11.47095 -11.47096 -11.47099
 -11.64843 -11.64843 -11.64843 -11.64845 -11.64847
 -11.83058 -11.83057 -11.83059 -11.83059 -11.83063
 -12.01622 -12.01623 -12.01623 -12.01624 -12.01627
 -12.20356 -12.20357 -12.20357 -12.20358 -12.20359
 -12.39096 -12.39099 -12.39097 -12.39098 -12.39098
 --------------------/ IPRT= 1  / IGRD= 1  /RECOM   / Z1=30   / DATE= 17.01.97  
  -9.37155  -9.37155  -9.37155  -9.37155  -9.38690
  -9.44055  -9.44055  -9.44055  -9.44055  -9.45363
  -9.50996  -9.50996  -9.50996  -9.50996  -9.51788
  -9.57993  -9.57993  -9.57993  -9.57993  -9.58676
  -9.65059  -9.65059  -9.65059  -9.65059  -9.65528
  -9.72213  -9.72213  -9.72213  -9.72213  -9.72087
  -9.79472  -9.79472  -9.79472  -9.79472  -9.79474
  -9.86860  -9.86860  -9.86860  -9.86860  -9.86879
  -9.94397  -9.94397  -9.94397  -9.94397  -9.94386
 -10.02105 -10.02105 -10.02105 -10.02105 -10.02109
 -10.10005 -10.10005 -10.10005 -10.10005 -10.10004
 -10.18120 -10.18120 -10.18120 -10.18120 -10.18120
 -10.26469 -10.26469 -10.26469 -10.26469 -10.26469
 -10.35069 -10.35069 -10.35069 -10.35069 -10.35069
 -10.43940 -10.43940 -10.43940 -10.43940 -10.43940
 -10.53084 -10.53084 -10.53084 -10.53084 -10.53084
 -10.62493 -10.62493 -10.62493 -10.62493 -10.62492
 -10.71505 -10.71505 -10.71505 -10.71505 -10.71506
 -10.77881 -10.77881 -10.77882 -10.77881 -10.77883
 -10.79263 -10.79263 -10.79264 -10.79264 -10.79265
 -10.77061 -10.77061 -10.77062 -10.77063 -10.77065
 -10.75356 -10.75357 -10.75357 -10.75359 -10.75361
 -10.76805 -10.76805 -10.76806 -10.76807 -10.76810
 -10.81990 -10.81990 -10.81991 -10.81992 -10.81995
 -10.90507 -10.90507 -10.90508 -10.90509 -10.90512
 -11.01701 -11.01701 -11.01702 -11.01702 -11.01704
 -11.14944 -11.14944 -11.14945 -11.14945 -11.14947
 -11.29717 -11.29717 -11.29718 -11.29719 -11.29721
 -11.45611 -11.45611 -11.45612 -11.45613 -11.45615
 -11.62320 -11.62321 -11.62321 -11.62322 -11.62324
 -11.79624 -11.79624 -11.79625 -11.79626 -11.79628
 -11.97354 -11.97355 -11.97355 -11.97356 -11.97358
 -12.15407 -12.15408 -12.15408 -12.15409 -12.15410
 -12.33618 -12.33617 -12.33619 -12.33620 -12.33621
 -12.51835 -12.51832 -12.51836 -12.51837 -12.51838
 --------------------/ IPRT= 1  / IGRD= 1  /RECOM   / Z1=31   / DATE= 17.01.97  
  -9.33196  -9.33196  -9.33196  -9.33196  -9.34695
  -9.40085  -9.40085  -9.40085  -9.40085  -9.40952
  -9.47013  -9.47013  -9.47013  -9.47013  -9.47360
  -9.53991  -9.53991  -9.53991  -9.53991  -9.54054
  -9.61035  -9.61035  -9.61035  -9.61035  -9.61026
  -9.68160  -9.68160  -9.68160  -9.68160  -9.68156
  -9.75384  -9.75384  -9.75384  -9.75384  -9.75385
  -9.82728  -9.82729  -9.82729  -9.82729  -9.82729
  -9.90215  -9.90214  -9.90214  -9.90214  -9.90214
  -9.97861  -9.97861  -9.97861  -9.97861  -9.97860
 -10.05691 -10.05691 -10.05691 -10.05691 -10.05691
 -10.13726 -10.13726 -10.13726 -10.13726 -10.13726
 -10.21984 -10.21984 -10.21984 -10.21984 -10.21984
 -10.30481 -10.30481 -10.30481 -10.30481 -10.30481
 -10.39238 -10.39238 -10.39238 -10.39238 -10.39238
 -10.48265 -10.48265 -10.48265 -10.48265 -10.48265
 -10.57563 -10.57563 -10.57563 -10.57563 -10.57563
 -10.66937 -10.66937 -10.66937 -10.66937 -10.66937
 -10.75545 -10.75545 -10.75545 -10.75545 -10.75545
 -10.82182 -10.82182 -10.82182 -10.82183 -10.82183
 -10.86672 -10.86672 -10.86671 -10.86673 -10.86673
 -10.90588 -10.90588 -10.90588 -10.90589 -10.90590
 -10.95700 -10.95700 -10.95701 -10.95701 -10.95703
 -11.02958 -11.02959 -11.02959 -11.02960 -11.02961
 -11.12468 -11.12468 -11.12469 -11.12470 -11.12471
 -11.23949 -11.23948 -11.23949 -11.23949 -11.23952
 -11.37005 -11.37004 -11.37005 -11.37005 -11.37008
 -11.51268 -11.51268 -11.51269 -11.51269 -11.51271
 -11.66433 -11.66433 -11.66433 -11.66434 -11.66435
 -11.82263 -11.82263 -11.82263 -11.82263 -11.82265
 -11.98590 -11.98590 -11.98590 -11.98591 -11.98592
 -12.15288 -12.15288 -12.15288 -12.15289 -12.15290
 -12.32287 -12.32287 -12.32287 -12.32288 -12.32288
 -12.49440 -12.49440 -12.49439 -12.49441 -12.49440
 -12.66599 -12.66599 -12.66596 -12.66600 -12.66598
 --------------------/ IPRT= 1  / IGRD= 1  /RECOM   / Z1=32   / DATE= 17.01.97  
  -9.29357  -9.29357  -9.29357  -9.29357  -9.30066
  -9.36237  -9.36237  -9.36237  -9.36237  -9.36742
  -9.43151  -9.43151  -9.43151  -9.43151  -9.43240
  -9.50115  -9.50115  -9.50115  -9.50115  -9.50046
  -9.57137  -9.57138  -9.57138  -9.57138  -9.57157
  -9.64237  -9.64238  -9.64238  -9.64238  -9.64234
  -9.71429  -9.71430  -9.71430  -9.71430  -9.71429
  -9.78734  -9.78734  -9.78734  -9.78734  -9.78735
  -9.86173  -9.86173  -9.86173  -9.86173  -9.86172
  -9.93764  -9.93764  -9.93764  -9.93764  -9.93765
 -10.01530 -10.01530 -10.01530 -10.01530 -10.01530
 -10.09491 -10.09491 -10.09491 -10.09491 -10.09491
 -10.17666 -10.17666 -10.17666 -10.17666 -10.17666
 -10.26070 -10.26070 -10.26070 -10.26070 -10.26070
 -10.34721 -10.34721 -10.34721 -10.34721 -10.34721
 -10.43633 -10.43633 -10.43633 -10.43633 -10.43633
 -10.52806 -10.52806 -10.52806 -10.52806 -10.52806
 -10.62043 -10.62043 -10.62042 -10.62042 -10.62043
 -10.70303 -10.70303 -10.70303 -10.70303 -10.70303
 -10.75956 -10.75956 -10.75956 -10.75957 -10.75956
 -10.78631 -10.78631 -10.78631 -10.78632 -10.78633
 -10.80425 -10.80425 -10.80426 -10.80427 -10.80428
 -10.83672 -10.83672 -10.83673 -10.83674 -10.83675
 -10.89545 -10.89546 -10.89546 -10.89547 -10.89548
 -10.98124 -10.98123 -10.98125 -10.98126 -10.98127
 -11.09029 -11.09030 -11.09030 -11.09030 -11.09032
 -11.21779 -11.21780 -11.21780 -11.21780 -11.21782
 -11.35929 -11.35929 -11.35930 -11.35931 -11.35932
 -11.51115 -11.51114 -11.51116 -11.51116 -11.51117
 -11.67057 -11.67057 -11.67057 -11.67058 -11.67059
 -11.83554 -11.83554 -11.83554 -11.83554 -11.83556
 -12.00456 -12.00456 -12.00457 -12.00457 -12.00458
 -12.17675 -12.17674 -12.17675 -12.17675 -12.17676
 -12.35051 -12.35051 -12.35051 -12.35051 -12.35052
 -12.52434 -12.52435 -12.52432 -12.52432 -12.52434
 --------------------/ IPRT= 1  / IGRD= 1  /RECOM   / Z1=33   / DATE= 17.01.97  
  -9.25632  -9.25632  -9.25632  -9.25632  -9.26325
  -9.32503  -9.32503  -9.32503  -9.32503  -9.32538
  -9.39406  -9.39406  -9.39406  -9.39406  -9.39358
  -9.46354  -9.46354  -9.46354  -9.46354  -9.46379
  -9.53359  -9.53359  -9.53359  -9.53359  -9.53351
  -9.60435  -9.60435  -9.60435  -9.60435  -9.60437
  -9.67599  -9.67598  -9.67598  -9.67598  -9.67598
  -9.74867  -9.74868  -9.74868  -9.74868  -9.74867
  -9.82263  -9.82262  -9.82262  -9.82262  -9.82263
  -9.89804  -9.89803  -9.89803  -9.89803  -9.89804
  -9.97510  -9.97510  -9.97510  -9.97510  -9.97510
 -10.05404 -10.05404 -10.05404 -10.05404 -10.05404
 -10.13503 -10.13503 -10.13503 -10.13503 -10.13503
 -10.21821 -10.21821 -10.21821 -10.21821 -10.21821
 -10.30376 -10.30376 -10.30376 -10.30376 -10.30376
 -10.39183 -10.39183 -10.39183 -10.39183 -10.39183
 -10.48252 -10.48252 -10.48252 -10.48252 -10.48252
 -10.57534 -10.57534 -10.57534 -10.57534 -10.57534
 -10.66706 -10.66706 -10.66706 -10.66706 -10.66706
 -10.75176 -10.75176 -10.75176 -10.75176 -10.75176
 -10.82571 -10.82571 -10.82571 -10.82572 -10.82571
 -10.89411 -10.89411 -10.89411 -10.89412 -10.89412
 -10.96677 -10.96677 -10.96677 -10.96678 -10.96678
 -11.05149 -11.05149 -11.05148 -11.05148 -11.05149
 -11.15114 -11.15114 -11.15114 -11.15114 -11.15115
 -11.26505 -11.26505 -11.26506 -11.26507 -11.26507
 -11.39106 -11.39106 -11.39106 -11.39106 -11.39107
 -11.52672 -11.52672 -11.52671 -11.52671 -11.52672
 -11.66986 -11.66986 -11.66987 -11.66987 -11.66988
 -11.81881 -11.81881 -11.81882 -11.81882 -11.81883
 -11.97237 -11.97237 -11.97236 -11.97236 -11.97237
 -12.12961 -12.12961 -12.12960 -12.12960 -12.12961
 -12.29010 -12.29010 -12.29010 -12.29010 -12.29011
 -12.45236 -12.45236 -12.45236 -12.45236 -12.45237
 -12.61469 -12.61469 -12.61468 -12.61468 -12.61469
 --------------------/ IPRT= 1  / IGRD= 1  /RECOM   / Z1=34   / DATE= 17.01.97  
  -9.22012  -9.22012  -9.22012  -9.22012  -9.22012
  -9.28875  -9.28875  -9.28875  -9.28875  -9.28875
  -9.35768  -9.35768  -9.35768  -9.35768  -9.35768
  -9.42704  -9.42704  -9.42704  -9.42704  -9.42704
  -9.49692  -9.49691  -9.49691  -9.49691  -9.49691
  -9.56746  -9.56746  -9.56746  -9.56746  -9.56746
  -9.63882  -9.63883  -9.63883  -9.63883  -9.63883
  -9.71119  -9.71119  -9.71119  -9.71119  -9.71119
  -9.78475  -9.78475  -9.78475  -9.78475  -9.78475
  -9.85971  -9.85971  -9.85971  -9.85971  -9.85971
  -9.93623  -9.93623  -9.93623  -9.93623  -9.93623
 -10.01454 -10.01454 -10.01454 -10.01454 -10.01454
 -10.09480 -10.09480 -10.09480 -10.09480 -10.09480
 -10.17720 -10.17720 -10.17720 -10.17720 -10.17720
 -10.26188 -10.26188 -10.26188 -10.26188 -10.26188
 -10.34898 -10.34898 -10.34898 -10.34898 -10.34898
 -10.43864 -10.43864 -10.43864 -10.43864 -10.43864
 -10.53103 -10.53103 -10.53103 -10.53103 -10.53103
 -10.62627 -10.62627 -10.62627 -10.62627 -10.62627
 -10.72450 -10.72450 -10.72450 -10.72450 -10.72450
 -10.82591 -10.82591 -10.82591 -10.82591 -10.82591
 -10.93069 -10.93069 -10.93069 -10.93069 -10.93069
 -11.03889 -11.03889 -11.03889 -11.03888 -11.03889
 -11.14935 -11.14935 -11.14935 -11.14935 -11.14935
 -11.25821 -11.25821 -11.25821 -11.25821 -11.25821
 -11.35938 -11.35938 -11.35938 -11.35938 -11.35938
 -11.45134 -11.45134 -11.45134 -11.45134 -11.45134
 -11.53999 -11.53999 -11.53999 -11.53999 -11.54001
 -11.63413 -11.63413 -11.63413 -11.63413 -11.63414
 -11.74002 -11.74002 -11.74002 -11.74002 -11.74003
 -11.85972 -11.85972 -11.85972 -11.85972 -11.85973
 -11.99239 -11.99239 -11.99239 -11.99239 -11.99240
 -12.13669 -12.13669 -12.13669 -12.13670 -12.13670
 -12.28710 -12.28710 -12.28710 -12.28709 -12.28711
 -12.43775 -12.43775 -12.43775 -12.43773 -12.43776
 --------------------/ IPRT= 1  / IGRD= 1  /RECOM   / Z1=35   / DATE= 17.01.97  
  -9.12720  -9.12720  -9.12720  -9.12720  -9.12720
  -9.19559  -9.19559  -9.19559  -9.19559  -9.19559
  -9.26421  -9.26421  -9.26421  -9.26421  -9.26420
  -9.33316  -9.33316  -9.33316  -9.33316  -9.33315
  -9.40250  -9.40250  -9.40250  -9.40250  -9.40250
  -9.47234  -9.47234  -9.47234  -9.47234  -9.47234
  -9.54283  -9.54283  -9.54283  -9.54283  -9.54283
  -9.61410  -9.61410  -9.61410  -9.61410  -9.61410
  -9.68631  -9.68631  -9.68631  -9.68631  -9.68631
  -9.75961  -9.75961  -9.75961  -9.75961  -9.75960
  -9.83416  -9.83416  -9.83416  -9.83416  -9.83416
  -9.91014  -9.91014  -9.91014  -9.91014  -9.91014
  -9.98767  -9.98767  -9.98767  -9.98767  -9.98767
 -10.06689 -10.06689 -10.06689 -10.06689 -10.06689
 -10.14793 -10.14793 -10.14793 -10.14793 -10.14793
 -10.23087 -10.23087 -10.23087 -10.23087 -10.23087
 -10.31579 -10.31579 -10.31579 -10.31579 -10.31579
 -10.40280 -10.40280 -10.40280 -10.40280 -10.40280
 -10.49196 -10.49196 -10.49196 -10.49196 -10.49196
 -10.58336 -10.58336 -10.58336 -10.58336 -10.58336
 -10.67706 -10.67706 -10.67706 -10.67706 -10.67706
 -10.77321 -10.77321 -10.77321 -10.77321 -10.77321
 -10.87185 -10.87185 -10.87185 -10.87185 -10.87185
 -10.97281 -10.97281 -10.97281 -10.97281 -10.97281
 -11.07531 -11.07531 -11.07531 -11.07531 -11.07531
 -11.17797 -11.17797 -11.17797 -11.17797 -11.17797
 -11.28046 -11.28046 -11.28046 -11.28046 -11.28045
 -11.38417 -11.38417 -11.38417 -11.38417 -11.38417
 -11.49152 -11.49152 -11.49152 -11.49152 -11.49151
 -11.60451 -11.60451 -11.60451 -11.60451 -11.60451
 -11.72404 -11.72404 -11.72404 -11.72403 -11.72405
 -11.85002 -11.85002 -11.85002 -11.85003 -11.85003
 -11.98230 -11.98230 -11.98230 -11.98231 -11.98231
 -12.11805 -12.11805 -12.11806 -12.11806 -12.11806
 -12.25394 -12.25394 -12.25397 -12.25394 -12.25395
 --------------------/ IPRT= 1  / IGRD= 1  /RECOM   / Z1=36   / DATE= 17.01.97  
  -9.03915  -9.03915  -9.03915  -9.03915  -9.03915
  -9.10741  -9.10741  -9.10741  -9.10741  -9.10741
  -9.17586  -9.17585  -9.17585  -9.17585  -9.17586
  -9.24458  -9.24457  -9.24457  -9.24457  -9.24458
  -9.31363  -9.31363  -9.31363  -9.31363  -9.31363
  -9.38308  -9.38308  -9.38308  -9.38308  -9.38308
  -9.45308  -9.45308  -9.45308  -9.45308  -9.45308
  -9.52374  -9.52374  -9.52374  -9.52374  -9.52374
  -9.59517  -9.59517  -9.59517  -9.59517  -9.59517
  -9.66750  -9.66750  -9.66750  -9.66750  -9.66750
  -9.74089  -9.74089  -9.74089  -9.74089  -9.74089
  -9.81548  -9.81548  -9.81548  -9.81548  -9.81548
  -9.89135  -9.89135  -9.89135  -9.89135  -9.89135
  -9.96862  -9.96862  -9.96862  -9.96862  -9.96862
 -10.04740 -10.04740 -10.04740 -10.04740 -10.04740
 -10.12773 -10.12773 -10.12773 -10.12773 -10.12773
 -10.20970 -10.20970 -10.20970 -10.20970 -10.20970
 -10.29336 -10.29336 -10.29336 -10.29336 -10.29336
 -10.37877 -10.37877 -10.37877 -10.37877 -10.37877
 -10.46596 -10.46596 -10.46596 -10.46596 -10.46596
 -10.55503 -10.55502 -10.55502 -10.55502 -10.55503
 -10.64604 -10.64604 -10.64604 -10.64604 -10.64604
 -10.73910 -10.73911 -10.73911 -10.73911 -10.73910
 -10.83436 -10.83436 -10.83436 -10.83436 -10.83436
 -10.93200 -10.93200 -10.93200 -10.93200 -10.93200
 -11.03218 -11.03218 -11.03218 -11.03218 -11.03218
 -11.13516 -11.13516 -11.13516 -11.13516 -11.13516
 -11.24119 -11.24119 -11.24119 -11.24119 -11.24119
 -11.35054 -11.35054 -11.35054 -11.35054 -11.35054
 -11.46350 -11.46350 -11.46350 -11.46350 -11.46350
 -11.58033 -11.58033 -11.58033 -11.58033 -11.58033
 -11.70118 -11.70118 -11.70118 -11.70118 -11.70118
 -11.82654 -11.82654 -11.82654 -11.82654 -11.82654
 -11.95457 -11.95457 -11.95457 -11.95457 -11.95457
 -12.08271 -12.08271 -12.08271 -12.08271 -12.08271
