   54    5   30    1   54     /                   /ABELS-VAN MAANEN 1985   ADF1
================================================================================
  11.00000  12.00000  13.00000  14.00000  15.00000
   0.00000   0.16203   0.32407   0.48610   0.64813   0.81017   0.97220   1.13423
   1.29627   1.45830   1.62033   1.78237   1.94440   2.10643   2.26847   2.43050
   2.59254   2.75457   2.91660   3.07864   3.24067   3.40270   3.56474   3.72677
   3.88880   4.05084   4.21287   4.37490   4.53694   4.69897
 --------------------/ IPRT= 1  / IGRD= 1  /RECOM   / Z1= 1   / DATE= 26.01.98  
 -13.35994 -13.51426 -13.51426 -13.51426 -13.51426
 -13.47210 -13.60812 -13.60812 -13.60812 -13.60812
 -13.58739 -13.70617 -13.70622 -13.70625 -13.70625
 -13.70326 -13.80807 -13.80875 -13.80917 -13.80939
 -13.79265 -13.90966 -13.91375 -13.91621 -13.91760
 -13.87479 -14.00562 -14.01829 -14.02609 -14.03056
 -13.97402 -14.09844 -14.12364 -14.13961 -14.14891
 -14.07797 -14.19760 -14.23563 -14.26009 -14.27461
 -14.19611 -14.31409 -14.35954 -14.39066 -14.40947
 -14.33251 -14.40765 -14.49738 -14.53264 -14.55422
 -14.48623 -14.56386 -14.64843 -14.68560 -14.70855
 -14.64407 -14.72956 -14.81089 -14.84837 -14.87164
 -14.82207 -14.90500 -14.98282 -15.01958 -15.04251
 -15.00920 -15.08838 -15.16247 -15.19796 -15.22018
 -15.20301 -15.27809 -15.34850 -15.38249 -15.40382
 -15.40186 -15.47280 -15.53988 -15.57228 -15.59270
 -15.60463 -15.67267 -15.73575 -15.76663 -15.78615
 -15.80774 -15.86098 -15.93549 -15.96494 -15.98364
 -16.01453 -16.06836 -16.13858 -16.16674 -16.18470
 -16.22588 -16.27727 -16.34472 -16.37158 -16.38888
 -16.43943 -16.48837 -16.55488 -16.57911 -16.59583
 -16.65481 -16.70150 -16.74435 -16.78904 -16.80526
 -16.87217 -16.91621 -16.95848 -17.00108 -17.01687
 -17.08628 -17.13119 -17.17322 -17.21501 -17.23043
 -17.30643 -17.34360 -17.38983 -17.43063 -17.44573
 -17.52739 -17.56312 -17.60792 -17.64778 -17.66260
 -17.74939 -17.78375 -17.82726 -17.86628 -17.88086
 -17.97264 -18.00540 -18.04780 -18.08600 -18.10038
 -18.19346 -18.22805 -18.26973 -18.30688 -18.32108
 -18.41853 -18.45158 -18.48142 -18.52875 -18.54281
 --------------------/ IPRT= 1  / IGRD= 1  /RECOM   / Z1= 2   / DATE= 26.01.98  
 -12.41822 -12.54763 -12.66588 -12.88705 -12.88705
 -12.49881 -12.61035 -12.76976 -12.97534 -12.97534
 -12.62682 -12.70946 -12.87742 -13.06638 -13.06638
 -12.75807 -12.83256 -12.98904 -13.16097 -13.16097
 -12.89295 -12.96178 -13.10480 -13.26002 -13.26002
 -13.03142 -13.09526 -13.22508 -13.36449 -13.36449
 -13.15692 -13.23228 -13.35779 -13.47528 -13.47528
 -13.30744 -13.36638 -13.41030 -13.59320 -13.59317
 -13.46142 -13.49601 -13.56136 -13.71873 -13.71876
 -13.62086 -13.65122 -13.71062 -13.85019 -13.85243
 -13.77233 -13.81179 -13.86572 -13.98091 -13.99425
 -13.94232 -13.97763 -14.02692 -14.06802 -14.14412
 -14.11599 -14.14988 -14.19361 -14.23404 -14.30179
 -14.29455 -14.31167 -14.36609 -14.40472 -14.46676
 -14.47216 -14.49463 -14.52099 -14.58079 -14.63852
 -14.66072 -14.68123 -14.70757 -14.76238 -14.81652
 -14.85295 -14.87233 -14.89739 -14.94905 -15.00015
 -15.04689 -15.06812 -15.09116 -15.14049 -15.18884
 -15.24495 -15.25810 -15.28863 -15.33666 -15.38207
 -15.44757 -15.46097 -15.49081 -15.51241 -15.57933
 -15.65215 -15.66602 -15.68027 -15.71187 -15.78009
 -15.85876 -15.87372 -15.88878 -15.91732 -15.98412
 -16.06926 -16.08042 -16.09840 -16.12606 -16.19527
 -16.28194 -16.29126 -16.31017 -16.33707 -16.35700
 -16.49437 -16.50530 -16.52371 -16.55019 -16.57375
 -16.71036 -16.72153 -16.73526 -16.76653 -16.78798
 -16.92781 -16.93479 -16.94883 -16.96563 -17.00396
 -17.14527 -17.15391 -17.16722 -17.18509 -17.22153
 -17.36559 -17.37395 -17.38708 -17.40446 -17.44047
 -17.58695 -17.59514 -17.60807 -17.62513 -17.66065
 --------------------/ IPRT= 1  / IGRD= 1  /RECOM   / Z1= 3   / DATE= 26.01.98  
 -11.88757 -11.95065 -12.13829 -12.26741 -12.51005
 -11.97984 -12.06172 -12.15758 -12.36443 -12.59615
 -12.10236 -12.17808 -12.27127 -12.46517 -12.68427
 -12.22922 -12.29993 -12.38745 -12.57002 -12.77508
 -12.35511 -12.42925 -12.50837 -12.67985 -12.86939
 -12.48632 -12.53282 -12.63438 -12.79505 -12.96809
 -12.62897 -12.67374 -12.76970 -12.84557 -13.07213
 -12.77422 -12.81739 -12.86111 -12.95789 -13.18228
 -12.92109 -12.96597 -13.01018 -13.09274 -13.29997
 -13.07852 -13.11164 -13.16026 -13.23608 -13.43682
 -13.23997 -13.26624 -13.31567 -13.38546 -13.43848
 -13.40237 -13.43074 -13.47614 -13.54118 -13.60031
 -13.57448 -13.60130 -13.63515 -13.70574 -13.75674
 -13.75111 -13.76711 -13.79815 -13.83627 -13.92042
 -13.92881 -13.94771 -13.97598 -14.01376 -14.09065
 -14.11487 -14.13220 -14.15908 -14.19399 -14.26688
 -14.30505 -14.32146 -14.34643 -14.37954 -14.44854
 -14.49614 -14.50877 -14.53269 -14.56975 -14.63427
 -14.69401 -14.70616 -14.72453 -14.76445 -14.82151
 -14.89321 -14.90684 -14.92380 -14.94805 -14.98401
 -15.09679 -15.10586 -15.12636 -15.14752 -15.18583
 -15.30332 -15.31249 -15.33191 -15.35190 -15.38971
 -15.51078 -15.52149 -15.53323 -15.55935 -15.59614
 -15.72218 -15.72913 -15.74426 -15.76907 -15.80511
 -15.93421 -15.94244 -15.95682 -15.98179 -16.01588
 -16.14928 -16.15744 -16.16893 -16.18394 -16.21889
 -16.36468 -16.37139 -16.38296 -16.40073 -16.42489
 -16.58281 -16.58949 -16.60056 -16.61815 -16.64137
 -16.80195 -16.80879 -16.81975 -16.83689 -16.85981
 -17.02195 -17.02749 -17.03639 -17.05687 -17.07946
 --------------------/ IPRT= 1  / IGRD= 1  /RECOM   / Z1= 4   / DATE= 26.01.98  
 -11.52989 -11.59446 -11.71012 -11.86059 -12.24797
 -11.63052 -11.70118 -11.81205 -11.95685 -12.07841
 -11.74322 -11.81301 -11.92017 -12.05649 -12.18283
 -11.86527 -11.93225 -11.99294 -12.16769 -12.28332
 -11.98900 -12.03263 -12.10910 -12.19079 -12.38719
 -12.11844 -12.16503 -12.23314 -12.31786 -12.49584
 -12.25783 -12.30062 -12.36401 -12.44329 -12.60971
 -12.40086 -12.43823 -12.50187 -12.57391 -12.72954
 -12.54676 -12.57700 -12.62048 -12.71050 -12.85411
 -12.70242 -12.72937 -12.76964 -12.85652 -12.93818
 -12.85737 -12.88599 -12.92369 -12.96417 -13.05165
 -13.02289 -13.04240 -13.08328 -13.12436 -13.20033
 -13.19151 -13.21086 -13.24341 -13.28656 -13.35769
 -13.36463 -13.38406 -13.40781 -13.45458 -13.52117
 -13.54426 -13.55711 -13.58419 -13.62764 -13.69092
 -13.72551 -13.74038 -13.76608 -13.80206 -13.86816
 -13.91411 -13.92798 -13.94408 -13.97369 -14.01519
 -14.10439 -14.11548 -14.13449 -14.16290 -14.20160
 -14.30058 -14.31120 -14.32878 -14.35625 -14.39238
 -14.49879 -14.51033 -14.52738 -14.55294 -14.58787
 -14.70118 -14.70928 -14.72243 -14.74939 -14.78713
 -14.90525 -14.91455 -14.92750 -14.94685 -14.98954
 -15.11328 -15.12072 -15.13509 -15.15326 -15.18236
 -15.32232 -15.33005 -15.33986 -15.36220 -15.38537
 -15.53475 -15.54215 -15.55207 -15.57392 -15.59551
 -15.74801 -15.75425 -15.76606 -15.77890 -15.80823
 -15.96391 -15.97011 -15.97795 -15.99471 -16.02273
 -16.18126 -16.18622 -16.19524 -16.21133 -16.24012
 -16.40000 -16.40467 -16.41375 -16.42796 -16.44355
 -16.61997 -16.62333 -16.63099 -16.64384 -16.66429
 --------------------/ IPRT= 1  / IGRD= 1  /RECOM   / Z1= 5   / DATE= 26.01.98  
 -11.26306 -11.32712 -11.44800 -11.56285 -11.79184
 -11.37004 -11.43057 -11.50689 -11.65553 -11.89874
 -11.48089 -11.53894 -11.61267 -11.74384 -11.82937
 -11.59152 -11.65419 -11.72262 -11.79927 -11.94309
 -11.71680 -11.75626 -11.84016 -11.91156 -12.04714
 -11.83906 -11.88434 -11.93304 -12.02857 -12.15666
 -11.97486 -12.01700 -12.06245 -12.15024 -12.27070
 -12.11125 -12.13907 -12.19196 -12.27581 -12.38617
 -12.24627 -12.27528 -12.32256 -12.36618 -12.49933
 -12.38596 -12.41209 -12.43880 -12.49363 -12.58281
 -12.52641 -12.54624 -12.57845 -12.62638 -12.68979
 -12.67934 -12.69716 -12.72579 -12.76971 -12.82672
 -12.83830 -12.85538 -12.88000 -12.92520 -12.97690
 -13.00894 -13.02235 -13.04308 -13.07270 -13.13776
 -13.18524 -13.19959 -13.21861 -13.24730 -13.31039
 -13.36973 -13.37957 -13.40125 -13.42779 -13.45894
 -13.55798 -13.56879 -13.58373 -13.61405 -13.64636
 -13.75205 -13.76100 -13.77634 -13.80019 -13.83616
 -13.94862 -13.95747 -13.97302 -13.99204 -14.03036
 -14.14990 -14.15839 -14.16986 -14.19128 -14.22798
 -14.35403 -14.36013 -14.37271 -14.39443 -14.42389
 -14.56082 -14.56688 -14.57873 -14.59260 -14.61986
 -14.76998 -14.77488 -14.78527 -14.80099 -14.82706
 -14.98127 -14.98566 -14.99523 -15.01121 -15.03686
 -15.19449 -15.19756 -15.20815 -15.22396 -15.24851
 -15.40949 -15.41251 -15.42012 -15.43267 -15.45727
 -15.62604 -15.62779 -15.63668 -15.64915 -15.66831
 -15.84403 -15.84579 -15.85287 -15.86660 -15.88523
 -16.06334 -16.06479 -16.07167 -16.08438 -16.10382
 -16.28382 -16.28466 -16.29193 -16.30193 -16.32362
 --------------------/ IPRT= 1  / IGRD= 1  /RECOM   / Z1= 6   / DATE= 26.01.98  
 -11.05893 -11.12930 -11.20088 -11.32528 -11.48316
 -11.15565 -11.20481 -11.29141 -11.41119 -11.56666
 -11.08575 -11.16287 -11.25773 -11.37255 -11.52543
 -10.67117 -10.77881 -10.88943 -11.00780 -11.13948
 -10.26213 -10.37911 -10.50199 -10.62888 -10.76161
 -10.02155 -10.14106 -10.26582 -10.39498 -10.52772
  -9.92270 -10.04271 -10.16795 -10.29755 -10.43041
  -9.92596 -10.04568 -10.17070 -10.29988 -10.43337
 -10.00043 -10.11985 -10.24464 -10.37367 -10.50677
 -10.12427 -10.24317 -10.36763 -10.49634 -10.62863
 -10.28210 -10.40046 -10.52433 -10.65282 -10.78445
 -10.46342 -10.58119 -10.70455 -10.83231 -10.96378
 -10.66089 -10.77800 -10.90088 -11.02808 -11.15912
 -10.86952 -10.98596 -11.10810 -11.23489 -11.36543
 -11.08582 -11.20154 -11.32309 -11.44927 -11.57936
 -11.30744 -11.42242 -11.54334 -11.66884 -11.79753
 -11.53268 -11.64689 -11.76707 -11.89183 -12.02017
 -11.76048 -11.87393 -11.99341 -12.11751 -12.24521
 -11.99005 -12.10273 -12.22151 -12.34495 -12.47200
 -12.22084 -12.33271 -12.45072 -12.57333 -12.69935
 -12.45250 -12.56358 -12.68086 -12.80276 -12.92803
 -12.68482 -12.79507 -12.91164 -13.03285 -13.15743
 -12.91756 -13.02699 -13.14276 -13.26321 -13.38727
 -13.15065 -13.25927 -13.37433 -13.49401 -13.61734
 -13.38398 -13.49177 -13.60606 -13.72513 -13.84732
 -13.61754 -13.72454 -13.83808 -13.95637 -14.07804
 -13.85126 -13.95745 -14.07025 -14.18777 -14.30890
 -14.08511 -14.19049 -14.30248 -14.41942 -14.53998
 -14.31911 -14.42368 -14.53493 -14.65116 -14.77050
 -14.55319 -14.65695 -14.76743 -14.88292 -15.00186
 --------------------/ IPRT= 1  / IGRD= 1  /RECOM   / Z1= 7   / DATE= 26.01.98  
 -10.88812 -10.94687 -11.02647 -11.12982 -11.24816
 -10.98429 -11.04676 -11.12417 -11.22660 -11.33749
 -11.08893 -11.13361 -11.19555 -11.27413 -11.42977
 -11.19466 -11.24301 -11.30239 -11.37878 -11.52404
 -11.31221 -11.35207 -11.41333 -11.48421 -11.59628
 -11.42967 -11.46694 -11.51023 -11.59531 -11.67262
 -11.55942 -11.59309 -11.63354 -11.69221 -11.78387
 -11.68964 -11.71648 -11.76202 -11.81083 -11.90228
 -11.83032 -11.85486 -11.88482 -11.94030 -12.02671
 -11.97592 -11.99531 -12.02553 -12.07621 -12.16067
 -12.12671 -12.14273 -12.17191 -12.21646 -12.25946
 -12.28267 -12.29392 -12.31764 -12.35259 -12.40800
 -12.44374 -12.45357 -12.47503 -12.50841 -12.55937
 -12.60982 -12.61867 -12.63840 -12.66961 -12.71699
 -12.78086 -12.78645 -12.80381 -12.82946 -12.86716
 -12.95674 -12.96156 -12.97684 -12.99972 -13.03285
 -13.13727 -13.14038 -13.15606 -13.17709 -13.20810
 -13.32226 -13.32434 -13.33614 -13.35621 -13.38869
 -13.51148 -13.51286 -13.52490 -13.54099 -13.57313
 -13.70460 -13.70481 -13.71514 -13.73234 -13.75335
 -13.90136 -13.90140 -13.91099 -13.92613 -13.94831
 -14.10147 -14.10147 -14.11059 -14.12254 -14.14660
 -14.30459 -14.30459 -14.31123 -14.32471 -14.34888
 -14.51046 -14.51047 -14.51665 -14.52917 -14.54427
 -14.71883 -14.71883 -14.72359 -14.73434 -14.75239
 -14.92947 -14.92947 -14.93423 -14.94449 -14.96194
 -15.14211 -15.14211 -15.14518 -15.15656 -15.17331
 -15.35658 -15.35658 -15.35980 -15.36819 -15.38191
 -15.57272 -15.57272 -15.57447 -15.58426 -15.59774
 -15.79033 -15.79033 -15.79219 -15.79943 -15.81492
 --------------------/ IPRT= 1  / IGRD= 1  /RECOM   / Z1= 8   / DATE= 26.01.98  
 -10.74140 -10.79155 -10.87640 -10.96426 -11.05774
 -10.83346 -10.88796 -10.94811 -11.05913 -11.14647
 -10.93726 -10.98705 -11.04636 -11.11321 -11.23789
 -11.04208 -11.08452 -11.14977 -11.21537 -11.33257
 -11.15694 -11.19658 -11.23862 -11.31842 -11.43005
 -11.26245 -11.28916 -11.33641 -11.40711 -11.50673
 -11.13511 -11.15577 -11.18555 -11.21941 -11.25991
 -10.58157 -10.60881 -10.63533 -10.66260 -10.68984
 -10.06502 -10.10621 -10.14383 -10.17806 -10.21054
  -9.72958  -9.77976  -9.82588  -9.86755  -9.90599
  -9.55192  -9.60697  -9.65794  -9.70418  -9.74643
  -9.49449  -9.55198  -9.60558  -9.65434  -9.69879
  -9.52490  -9.58363  -9.63860  -9.68876  -9.73441
  -9.61807  -9.67745  -9.73322  -9.78419  -9.83058
  -9.75548  -9.81523  -9.87154  -9.92309  -9.96994
  -9.92383  -9.98384 -10.04054 -10.09257 -10.13981
 -10.11369 -10.17389 -10.23094 -10.28336 -10.33098
 -10.31846 -10.37881 -10.43617 -10.48900 -10.53696
 -10.53355 -10.59404 -10.65170 -10.70491 -10.75323
 -10.75575 -10.81637 -10.87430 -10.92789 -10.97656
 -10.98286 -11.04358 -11.10179 -11.15576 -11.20480
 -11.21338 -11.27419 -11.33267 -11.38699 -11.43642
 -11.44622 -11.50710 -11.56583 -11.62052 -11.67031
 -11.68067 -11.74161 -11.80057 -11.85563 -11.90581
 -11.91623 -11.97721 -12.03641 -12.09182 -12.14238
 -12.15258 -12.21359 -12.27299 -12.32876 -12.37971
 -12.38944 -12.45047 -12.51007 -12.56617 -12.61751
 -12.62667 -12.68769 -12.74748 -12.80391 -12.85564
 -12.86418 -12.92518 -12.98514 -13.04190 -13.09402
 -13.10186 -13.16281 -13.22294 -13.28001 -13.33251
 --------------------/ IPRT= 1  / IGRD= 1  /RECOM   / Z1= 9   / DATE= 26.01.98  
 -10.59040 -10.63446 -10.68793 -10.77432 -10.88804
 -10.68739 -10.71876 -10.78016 -10.86292 -10.94464
 -10.78827 -10.81818 -10.87620 -10.95101 -11.02199
 -10.89354 -10.91392 -10.96297 -11.02741 -11.11465
 -11.00360 -11.02227 -11.06654 -11.12916 -11.21244
 -11.11544 -11.12542 -11.17211 -11.23156 -11.31019
 -11.12913 -11.14351 -11.17537 -11.22206 -11.27744
 -10.70699 -10.74724 -10.78939 -10.83141 -10.87336
 -10.16371 -10.22377 -10.28163 -10.33506 -10.38437
  -9.79874  -9.86826  -9.93524  -9.99782 -10.05535
  -9.60499  -9.67904  -9.75105  -9.81882  -9.88144
  -9.53926  -9.61544  -9.69001  -9.76068  -9.82607
  -9.56506  -9.64224  -9.71813  -9.79036  -9.85744
  -9.65532  -9.73293  -9.80952  -9.88267  -9.95077
  -9.79062  -9.86839  -9.94538 -10.01911 -10.08792
  -9.95725 -10.03503 -10.11227 -10.18645 -10.25574
 -10.14556 -10.22330 -10.30070 -10.37523 -10.44501
 -10.34890 -10.42654 -10.50407 -10.57891 -10.64912
 -10.56263 -10.64014 -10.71776 -10.79287 -10.86350
 -10.78352 -10.86087 -10.93856 -11.01395 -11.08493
 -11.00934 -11.08653 -11.16427 -11.23990 -11.31128
 -11.23861 -11.31561 -11.39337 -11.46922 -11.54099
 -11.47022 -11.54701 -11.62478 -11.70085 -11.77294
 -11.70347 -11.78003 -11.85779 -11.93407 -12.00652
 -11.93786 -12.01418 -12.09191 -12.16836 -12.24117
 -12.17307 -12.24911 -12.32681 -12.40342 -12.47653
 -12.40880 -12.48458 -12.56220 -12.63896 -12.71241
 -12.64492 -12.72040 -12.79796 -12.87486 -12.94862
 -12.88137 -12.95652 -13.03399 -13.11100 -13.18503
 -13.11799 -13.19282 -13.27017 -13.34728 -13.42161
 --------------------/ IPRT= 1  / IGRD= 1  /RECOM   / Z1=10   / DATE= 26.01.98  
 -10.48940 -10.51422 -10.57311 -10.64951 -10.74425
 -10.58435 -10.60883 -10.66366 -10.73746 -10.83142
 -10.68290 -10.69603 -10.75554 -10.82511 -10.92189
 -10.78554 -10.79898 -10.84340 -10.90280 -10.98083
 -10.89273 -10.89760 -10.94743 -11.00283 -11.07444
 -11.00366 -11.00849 -11.04317 -11.10610 -11.17288
 -11.06338 -11.06926 -11.10724 -11.15335 -11.22297
 -10.73257 -10.77695 -10.82889 -10.88093 -10.93865
 -10.18268 -10.25280 -10.32237 -10.38951 -10.45175
  -9.80026  -9.87934  -9.95800 -10.03372 -10.10475
  -9.59688  -9.67990  -9.76307  -9.84390  -9.92038
  -9.52653  -9.61145  -9.69714  -9.78095  -9.86058
  -9.55010  -9.63597  -9.72304  -9.80859  -9.89039
  -9.63920  -9.72547  -9.81331  -9.90000  -9.98317
  -9.77374  -9.86014  -9.94839 -10.03581 -10.11994
  -9.93977 -10.02612 -10.11458 -10.20244 -10.28723
 -10.12755 -10.21372 -10.30226 -10.39045 -10.47578
 -10.33035 -10.41627 -10.50479 -10.59321 -10.67898
 -10.54354 -10.62916 -10.71759 -10.80617 -10.89229
 -10.76387 -10.84915 -10.93746 -11.02614 -11.11252
 -10.98915 -11.07405 -11.16221 -11.25093 -11.33760
 -11.21788 -11.30237 -11.39034 -11.47909 -11.56598
 -11.44895 -11.53303 -11.62078 -11.70951 -11.79658
 -11.68167 -11.76530 -11.85281 -11.94153 -12.02878
 -11.91554 -11.99871 -12.08596 -12.17464 -12.26200
 -12.15024 -12.23293 -12.31990 -12.40848 -12.49601
 -12.38549 -12.46769 -12.55435 -12.64286 -12.73050
 -12.62115 -12.70283 -12.78919 -12.87757 -12.96531
 -12.85714 -12.93828 -13.02431 -13.11257 -13.20039
 -13.09331 -13.17393 -13.25960 -13.34772 -13.43562
 --------------------/ IPRT= 1  / IGRD= 1  /RECOM   / Z1=11   / DATE= 26.01.98  
 -10.39875 -10.41499 -10.46951 -10.53778 -10.61846
 -10.49201 -10.49886 -10.56118 -10.62601 -10.70494
 -10.58860 -10.59410 -10.63957 -10.71730 -10.79352
 -10.68901 -10.68882 -10.73767 -10.79366 -10.88400
 -10.79372 -10.79366 -10.83446 -10.89041 -10.96555
 -10.90257 -10.90264 -10.93561 -10.99219 -11.05030
 -10.97860 -10.98429 -11.01734 -11.06084 -11.12478
 -10.71096 -10.75579 -10.80541 -10.86342 -10.92673
 -10.17796 -10.24821 -10.31855 -10.38751 -10.45180
  -9.79657  -9.87315  -9.94949 -10.02333 -10.09263
  -9.59530  -9.67404  -9.75285  -9.82924  -9.90109
  -9.52796  -9.60768  -9.68781  -9.76582  -9.83941
  -9.55459  -9.63479  -9.71573  -9.79475  -9.86951
  -9.64635  -9.72675  -9.80818  -9.88799  -9.96372
  -9.78308  -9.86351  -9.94524 -10.02558 -10.10209
  -9.95085 -10.03119 -10.11308 -10.19385 -10.27095
 -10.13999 -10.22015 -10.30213 -10.38320 -10.46076
 -10.34387 -10.42380 -10.50577 -10.58706 -10.66508
 -10.55793 -10.63758 -10.71950 -10.80095 -10.87934
 -10.77899 -10.85832 -10.94014 -11.02170 -11.10038
 -11.00487 -11.08386 -11.16555 -11.24719 -11.32617
 -11.23412 -11.31272 -11.39425 -11.47596 -11.55518
 -11.46567 -11.54387 -11.62521 -11.70692 -11.78635
 -11.69881 -11.77661 -11.85773 -11.93945 -12.01909
 -11.93310 -12.01045 -12.09133 -12.17301 -12.25282
 -12.16818 -12.24507 -12.32571 -12.40734 -12.48732
 -12.40379 -12.48022 -12.56059 -12.64215 -12.72228
 -12.63981 -12.71574 -12.79582 -12.87730 -12.95753
 -12.87615 -12.95158 -13.03134 -13.11273 -13.19309
 -13.11267 -13.18759 -13.26704 -13.34831 -13.42872
 --------------------/ IPRT= 1  / IGRD= 1  /RECOM   / Z1=12   / DATE= 26.01.98  
 -10.31652 -10.31652 -10.37515 -10.43668 -10.53767
 -10.40837 -10.40837 -10.46594 -10.52439 -10.60239
 -10.50328 -10.50328 -10.54440 -10.61492 -10.68145
 -10.60178 -10.60178 -10.64216 -10.69232 -10.77122
 -10.70433 -10.70433 -10.73153 -10.78807 -10.86433
 -10.81087 -10.81097 -10.83696 -10.88865 -10.96033
 -10.88829 -10.89472 -10.91768 -10.96401 -11.02087
 -10.65118 -10.70079 -10.75492 -10.81814 -10.88712
 -10.14410 -10.22135 -10.29957 -10.38001 -10.45855
  -9.77295  -9.85510  -9.93865 -10.02146 -10.10174
  -9.57726  -9.65991  -9.74415  -9.82753  -9.90751
  -9.51354  -9.59592  -9.68000  -9.76331  -9.84313
  -9.54265  -9.62461  -9.70843  -9.79150  -9.87125
  -9.63614  -9.71765  -9.80121  -9.88419  -9.96387
  -9.77408  -9.85516  -9.93848 -10.02135 -10.10113
  -9.94269 -10.02334 -10.10644 -10.18927 -10.26916
 -10.13241 -10.21264 -10.29551 -10.37827 -10.45830
 -10.33670 -10.41650 -10.49914 -10.58189 -10.66206
 -10.55103 -10.63039 -10.71280 -10.79551 -10.87585
 -10.77226 -10.85118 -10.93334 -11.01598 -11.09644
 -10.99827 -11.07672 -11.15861 -11.24120 -11.32182
 -11.22759 -11.30557 -11.38719 -11.46967 -11.55037
 -11.45918 -11.53667 -11.61798 -11.70040 -11.78122
 -11.69236 -11.76935 -11.85035 -11.93263 -12.01358
 -11.92665 -12.00312 -12.08379 -12.16595 -12.24693
 -12.16174 -12.23767 -12.31801 -12.40000 -12.48106
 -12.39736 -12.47275 -12.55272 -12.63456 -12.71568
 -12.63337 -12.70821 -12.78780 -12.86948 -12.95058
 -12.86971 -12.94398 -13.02318 -13.10466 -13.18578
 -13.10624 -13.17993 -13.25873 -13.34002 -13.42110
 --------------------/ IPRT= 1  / IGRD= 1  /RECOM   / Z1=13   / DATE= 26.01.98  
 -10.24126 -10.24126 -10.28852 -10.36240 -10.43235
 -10.33190 -10.33190 -10.37000 -10.43081 -10.51803
 -10.42540 -10.42540 -10.45850 -10.52053 -10.60623
 -10.52223 -10.52223 -10.55379 -10.61375 -10.67206
 -10.62290 -10.62290 -10.64251 -10.69279 -10.76319
 -10.72758 -10.72765 -10.74620 -10.79422 -10.85922
 -10.81562 -10.81984 -10.83371 -10.87802 -10.93438
 -10.66091 -10.70296 -10.74795 -10.80662 -10.87188
 -10.19876 -10.27424 -10.35062 -10.43162 -10.51151
  -9.82523  -9.90704  -9.99081 -10.07492 -10.15796
  -9.62127  -9.70329  -9.78733  -9.87150  -9.95263
  -9.55051  -9.63175  -9.71513  -9.79823  -9.87843
  -9.57441  -9.65479  -9.73740  -9.81967  -9.89902
  -9.66421  -9.74382  -9.82577  -9.90744  -9.98608
  -9.79960  -9.87853  -9.95994 -10.04114 -10.11951
  -9.96646 -10.04479 -10.12575 -10.20666 -10.28487
 -10.15501 -10.23278 -10.31336 -10.39401 -10.47210
 -10.35851 -10.43575 -10.51597 -10.59646 -10.67454
 -10.57232 -10.64904 -10.72893 -10.80924 -10.88738
 -10.79322 -10.86943 -10.94899 -11.02915 -11.10729
 -11.01902 -11.09471 -11.17393 -11.25395 -11.33215
 -11.24821 -11.32337 -11.40225 -11.48212 -11.56039
 -11.47973 -11.55436 -11.63288 -11.71258 -11.79084
 -11.71288 -11.78696 -11.86513 -11.94464 -12.02294
 -11.94716 -12.02068 -12.09847 -12.17780 -12.25607
 -12.18226 -12.25522 -12.33261 -12.41175 -12.49003
 -12.41791 -12.49029 -12.56728 -12.64621 -12.72441
 -12.65397 -12.72576 -12.80233 -12.88103 -12.95923
 -12.89035 -12.96155 -13.03768 -13.11615 -13.19428
 -13.12694 -13.19752 -13.27322 -13.35144 -13.42948
 --------------------/ IPRT= 1  / IGRD= 1  /RECOM   / Z1=14   / DATE= 26.01.98  
 -10.17185 -10.17185 -10.20845 -10.27567 -10.36365
 -10.26148 -10.26148 -10.29003 -10.35124 -10.42140
 -10.35374 -10.35374 -10.37849 -10.43524 -10.50925
 -10.44912 -10.44912 -10.46451 -10.52728 -10.59788
 -10.54814 -10.54814 -10.56173 -10.60704 -10.68003
 -10.65091 -10.65099 -10.66307 -10.70711 -10.76514
 -10.73632 -10.74083 -10.74948 -10.79903 -10.85366
 -10.59989 -10.64144 -10.68242 -10.73977 -10.81194
 -10.18108 -10.25745 -10.33464 -10.41879 -10.50248
  -9.83510  -9.91889 -10.00553 -10.09485 -10.18353
  -9.64722  -9.73129  -9.81863  -9.90747  -9.99513
  -9.58647  -9.66955  -9.75595  -9.84331  -9.92907
  -9.61683  -9.69878  -9.78407  -9.87022  -9.95459
  -9.71087  -9.79179  -9.87613  -9.96129 -10.04465
  -9.84904  -9.92907 -10.01260 -10.09696 -10.17955
 -10.01773 -10.09697 -10.17983 -10.26362 -10.34576
 -10.20745 -10.28597 -10.36824 -10.45155 -10.53328
 -10.41167 -10.48951 -10.57124 -10.65418 -10.73569
 -10.62590 -10.70308 -10.78431 -10.86686 -10.94826
 -10.84699 -10.92353 -11.00428 -11.08651 -11.16768
 -11.07284 -11.14874 -11.22899 -11.31087 -11.39194
 -11.30199 -11.37724 -11.45700 -11.53857 -11.61950
 -11.53338 -11.60799 -11.68725 -11.76850 -11.84919
 -11.76637 -11.84030 -11.91906 -11.99999 -12.08052
 -12.00045 -12.07372 -12.15197 -12.23254 -12.31286
 -12.23534 -12.30794 -12.38565 -12.46588 -12.54603
 -12.47077 -12.54268 -12.61986 -12.69972 -12.77960
 -12.70660 -12.77782 -12.85444 -12.93393 -13.01364
 -12.94276 -13.01328 -13.08935 -13.16845 -13.24785
 -13.17912 -13.24894 -13.32444 -13.40314 -13.48235
 --------------------/ IPRT= 1  / IGRD= 1  /RECOM   / Z1=15   / DATE= 26.01.98  
 -10.10744 -10.10744 -10.13403 -10.19558 -10.27320
 -10.19619 -10.19619 -10.21562 -10.28351 -10.36085
 -10.28738 -10.28738 -10.30364 -10.35450 -10.41975
 -10.38150 -10.38150 -10.38946 -10.44651 -10.51082
 -10.47905 -10.47905 -10.48652 -10.53505 -10.60363
 -10.58024 -10.58031 -10.58002 -10.62710 -10.67773
 -10.66924 -10.67271 -10.67578 -10.72107 -10.77060
 -10.58873 -10.62334 -10.65522 -10.70613 -10.77460
 -10.24030 -10.31265 -10.38565 -10.46615 -10.55264
  -9.91901 -10.00142 -10.08706 -10.17610 -10.26562
  -9.73659  -9.81901  -9.90497  -9.99285 -10.08044
  -9.67430  -9.75445  -9.83787  -9.92223 -10.00527
  -9.70056  -9.77814  -9.85867  -9.93963 -10.01862
  -9.79000  -9.86529  -9.94328 -10.02137 -10.09713
  -9.92409  -9.99746 -10.07341 -10.14919 -10.22251
 -10.08952 -10.16135 -10.23570 -10.30983 -10.38140
 -10.27682 -10.34741 -10.42052 -10.49339 -10.56380
 -10.47935 -10.54890 -10.62103 -10.69296 -10.76244
 -10.69244 -10.76111 -10.83244 -10.90368 -10.97261
 -10.91281 -10.98068 -11.05136 -11.12205 -11.19049
 -11.13820 -11.20537 -11.27544 -11.34570 -11.41382
 -11.36710 -11.43358 -11.50312 -11.57298 -11.64089
 -11.59837 -11.66420 -11.73323 -11.80274 -11.87034
 -11.83133 -11.89650 -11.96504 -12.03423 -12.10164
 -12.06543 -12.12999 -12.19803 -12.26688 -12.33407
 -12.30038 -12.36430 -12.43185 -12.50039 -12.56744
 -12.53589 -12.59918 -12.66624 -12.73445 -12.80123
 -12.77182 -12.83447 -12.90103 -12.96892 -13.03557
 -13.00809 -13.07009 -13.13616 -13.20371 -13.27009
 -13.24458 -13.30594 -13.37149 -13.43871 -13.50492
 --------------------/ IPRT= 1  / IGRD= 1  /RECOM   / Z1=16   / DATE= 26.01.98  
 -10.04733 -10.04733 -10.06452 -10.12118 -10.19039
 -10.13532 -10.13532 -10.14612 -10.20661 -10.27520
 -10.22558 -10.22558 -10.23379 -10.29209 -10.36205
 -10.31858 -10.31858 -10.31936 -10.37211 -10.43195
 -10.41484 -10.41484 -10.41504 -10.46654 -10.52143
 -10.51458 -10.51464 -10.51470 -10.55176 -10.61499
 -10.60560 -10.60832 -10.61067 -10.64780 -10.69561
 -10.56992 -10.59746 -10.62257 -10.66357 -10.72517
 -10.29946 -10.36460 -10.42964 -10.50164 -10.58191
 -10.01822 -10.09699 -10.17871 -10.26384 -10.35216
  -9.85231  -9.93219 -10.01562 -10.10112 -10.18731
  -9.79653  -9.87400  -9.95473 -10.03638 -10.11775
  -9.82465  -9.89901  -9.97616 -10.05360 -10.12928
  -9.91386  -9.98530 -10.05917 -10.13290 -10.20440
 -10.04690 -10.11590 -10.18708 -10.25775 -10.32616
 -10.21114 -10.27816 -10.34724 -10.41568 -10.48149
 -10.39733 -10.46277 -10.53023 -10.59696 -10.66119
 -10.59888 -10.66304 -10.72923 -10.79472 -10.85768
 -10.81114 -10.87422 -10.93940 -11.00396 -11.06599
 -11.03077 -11.09294 -11.15726 -11.22108 -11.28234
 -11.25553 -11.31685 -11.38044 -11.44364 -11.50440
 -11.48382 -11.54437 -11.60730 -11.66997 -11.73033
 -11.71453 -11.77434 -11.83666 -11.89884 -11.95869
 -11.94693 -12.00603 -12.06775 -12.12948 -12.18902
 -12.18051 -12.23890 -12.30005 -12.36135 -12.42049
 -12.41494 -12.47264 -12.53321 -12.59409 -12.65297
 -12.64994 -12.70696 -12.76696 -12.82742 -12.88586
 -12.88537 -12.94171 -13.00114 -13.06118 -13.11939
 -13.12116 -13.17680 -13.23568 -13.29529 -13.35306
 -13.35716 -13.41213 -13.47044 -13.52964 -13.58716
 --------------------/ IPRT= 1  / IGRD= 1  /RECOM   / Z1=17   / DATE= 26.01.98  
  -9.99097  -9.99097  -9.99932 -10.06507 -10.13424
 -10.07831 -10.07831 -10.08088 -10.13698 -10.20483
 -10.16775 -10.16775 -10.16793 -10.22524 -10.28490
 -10.25976 -10.25977 -10.25975 -10.30435 -10.37175
 -10.35485 -10.35485 -10.35485 -10.39703 -10.45428
 -10.45287 -10.45300 -10.45312 -10.48195 -10.53925
 -10.52183 -10.52869 -10.53463 -10.56568 -10.62108
 -10.31963 -10.37052 -10.41982 -10.48014 -10.55462
  -9.87124  -9.95539 -10.04421 -10.13859 -10.24006
  -9.53272  -9.62436  -9.72341  -9.82875  -9.94049
  -9.35538  -9.44809  -9.54901  -9.65660  -9.76966
  -9.30272  -9.39500  -9.49574  -9.60332  -9.71626
  -9.33864  -9.43008  -9.53009  -9.63688  -9.74914
  -9.43634  -9.52682  -9.62593  -9.73189  -9.84305
  -9.57682  -9.66632  -9.76451  -9.86954  -9.97987
  -9.74690  -9.83541  -9.93267 -10.03684 -10.14629
  -9.93738 -10.02491 -10.12123 -10.22455 -10.33310
 -10.14191 -10.22847 -10.32389 -10.42635 -10.53405
 -10.35619 -10.44176 -10.53625 -10.63785 -10.74471
 -10.57714 -10.66171 -10.75527 -10.85600 -10.96208
 -10.80270 -10.88630 -10.97891 -11.07877 -11.18392
 -11.03149 -11.11408 -11.20575 -11.30471 -11.40905
 -11.26248 -11.34407 -11.43477 -11.53285 -11.63627
 -11.49504 -11.57561 -11.66535 -11.76252 -11.86511
 -11.72868 -11.80823 -11.89701 -11.99327 -12.09494
 -11.96312 -12.04167 -12.12946 -12.22480 -12.32564
 -12.19810 -12.27564 -12.36246 -12.45689 -12.55678
 -12.43350 -12.51002 -12.59587 -12.68939 -12.78844
 -12.66924 -12.74475 -12.82963 -12.92223 -13.02044
 -12.90521 -12.97971 -13.06361 -13.15531 -13.25268
 --------------------/ IPRT= 1  / IGRD= 1  /RECOM   / Z1=18   / DATE= 26.01.98  
  -9.93792  -9.93792  -9.93792  -9.99882 -10.06107
 -10.02469 -10.02469 -10.02469 -10.07594 -10.14463
 -10.11341 -10.11341 -10.11341 -10.15995 -10.22706
 -10.20454 -10.20454 -10.20454 -10.23915 -10.30021
 -10.29860 -10.29860 -10.29860 -10.33040 -10.38998
 -10.39461 -10.39461 -10.39461 -10.42366 -10.48020
 -10.42768 -10.42768 -10.42771 -10.44391 -10.48411
 -10.07986 -10.07991 -10.07999 -10.08509 -10.09842
  -9.57320  -9.57325  -9.57336  -9.57430  -9.57728
  -9.23836  -9.23842  -9.23852  -9.23897  -9.24021
  -9.07429  -9.07434  -9.07444  -9.07468  -9.07553
  -9.03508  -9.03513  -9.03522  -9.03544  -9.03603
  -9.08319  -9.08323  -9.08332  -9.08350  -9.08403
  -9.19173  -9.19178  -9.19187  -9.19203  -9.19251
  -9.34197  -9.34201  -9.34209  -9.34225  -9.34267
  -9.52094  -9.52097  -9.52105  -9.52120  -9.52160
  -9.71966  -9.71970  -9.71977  -9.71991  -9.72027
  -9.93197  -9.93200  -9.93207  -9.93221  -9.93256
 -10.15364 -10.15367 -10.15374 -10.15386 -10.15418
 -10.38170 -10.38173 -10.38181 -10.38193 -10.38223
 -10.61417 -10.61420 -10.61426 -10.61438 -10.61465
 -10.84968 -10.84970 -10.84976 -10.84987 -10.85013
 -11.08724 -11.08726 -11.08731 -11.08742 -11.08765
 -11.32620 -11.32623 -11.32628 -11.32638 -11.32659
 -11.56614 -11.56617 -11.56622 -11.56631 -11.56648
 -11.80677 -11.80679 -11.80684 -11.80692 -11.80709
 -12.04783 -12.04785 -12.04789 -12.04797 -12.04813
 -12.28919 -12.28921 -12.28925 -12.28933 -12.28948
 -12.53079 -12.53081 -12.53085 -12.53092 -12.53107
 -12.77252 -12.77254 -12.77258 -12.77265 -12.77278
 --------------------/ IPRT= 1  / IGRD= 1  /RECOM   / Z1=19   / DATE= 26.01.98  
  -9.88776  -9.88776  -9.88776  -9.93654 -10.01095
  -9.97402  -9.97402  -9.97403 -10.01403 -10.07635
 -10.06210 -10.06210 -10.06210 -10.09753 -10.16209
 -10.15243 -10.15243 -10.15243 -10.18689 -10.25026
 -10.24544 -10.24545 -10.24547 -10.26764 -10.32190
 -10.33845 -10.33912 -10.33972 -10.36189 -10.41410
 -10.37831 -10.39039 -10.40113 -10.42397 -10.48387
 -10.14060 -10.19617 -10.25129 -10.31061 -10.38320
  -9.72714  -9.80995  -9.89831  -9.99074 -10.09350
  -9.42865  -9.51821  -9.61591  -9.72021  -9.83186
  -9.27945  -9.37037  -9.47034  -9.57760  -9.69231
  -9.24601  -9.33687  -9.43717  -9.54531  -9.66076
  -9.29514  -9.38544  -9.48541  -9.59348  -9.70865
  -9.40191  -9.49146  -9.59077  -9.69839  -9.81321
  -9.54861  -9.63727  -9.73581  -9.84275  -9.95684
  -9.72290  -9.81060  -9.90826 -10.01438 -10.12769
  -9.91620 -10.00289 -10.09957 -10.20478 -10.31708
 -10.12259 -10.20823 -10.30388 -10.40809 -10.51941
 -10.33801 -10.42256 -10.51714 -10.62030 -10.73054
 -10.55963 -10.64306 -10.73653 -10.83858 -10.94759
 -10.78552 -10.86782 -10.96014 -11.06104 -11.16885
 -11.01439 -11.09554 -11.18669 -11.28642 -11.39295
 -11.24530 -11.32528 -11.41526 -11.51378 -11.61900
 -11.47765 -11.55646 -11.64524 -11.74256 -11.84651
 -11.71101 -11.78864 -11.87624 -11.97234 -12.07503
 -11.94511 -12.02158 -12.10798 -12.20286 -12.30430
 -12.17974 -12.25504 -12.34023 -12.43391 -12.53412
 -12.41475 -12.48890 -12.57291 -12.66538 -12.76437
 -12.65009 -12.72308 -12.80592 -12.89721 -12.99500
 -12.88567 -12.95751 -13.03918 -13.12930 -13.22590
 --------------------/ IPRT= 1  / IGRD= 1  /RECOM   / Z1=20   / DATE= 26.01.98  
  -9.84023  -9.84023  -9.84023  -9.87780  -9.94545
  -9.92605  -9.92605  -9.92605  -9.96401 -10.03128
 -10.01356 -10.01356 -10.01356 -10.03825 -10.09703
 -10.10319 -10.10319 -10.10319 -10.12768 -10.18547
 -10.19543 -10.19543 -10.19543 -10.21486 -10.27537
 -10.29024 -10.29035 -10.29044 -10.30480 -10.35177
 -10.36566 -10.37028 -10.37438 -10.38558 -10.43751
 -10.25350 -10.29091 -10.32675 -10.36404 -10.42790
  -9.91189  -9.98473 -10.06097 -10.13783 -10.22825
  -9.62425  -9.70881  -9.80044  -9.89691 -10.00225
  -9.47397  -9.56154  -9.65760  -9.76025  -9.86996
  -9.43817  -9.52627  -9.62346  -9.72803  -9.83973
  -9.48524  -9.57303  -9.67019  -9.77512  -9.88707
  -9.59041  -9.67749  -9.77412  -9.87872  -9.99025
  -9.73581  -9.82199  -9.91782 -10.02173 -10.13243
  -9.90901  -9.99417 -10.08903 -10.19201 -10.30174
 -10.10132 -10.18537 -10.27912 -10.38100 -10.48961
 -10.30676 -10.38963 -10.48218 -10.58283 -10.68994
 -10.52124 -10.60287 -10.69414 -10.79347 -10.89916
 -10.74188 -10.82223 -10.91216 -11.01008 -11.11411
 -10.96678 -11.04581 -11.13436 -11.23082 -11.33319
 -11.19461 -11.27231 -11.35945 -11.45439 -11.55503
 -11.42446 -11.50081 -11.58651 -11.67992 -11.77889
 -11.65572 -11.73071 -11.81498 -11.90684 -12.00416
 -11.88798 -11.96163 -12.04444 -12.13478 -12.23043
 -12.12098 -12.19328 -12.27467 -12.36348 -12.45751
 -12.35451 -12.42547 -12.50544 -12.59275 -12.68518
 -12.58844 -12.65808 -12.73665 -12.82249 -12.91336
 -12.82272 -12.89106 -12.96825 -13.05265 -13.14200
 -13.05724 -13.12430 -13.20014 -13.28314 -13.37101
 --------------------/ IPRT= 1  / IGRD= 1  /RECOM   / Z1=21   / DATE= 26.01.98  
  -9.79504  -9.79504  -9.79504  -9.83265  -9.90020
  -9.88046  -9.88046  -9.88046  -9.90630  -9.96738
  -9.96747  -9.96747  -9.96746  -9.99128 -10.05336
 -10.05648 -10.05648 -10.05648 -10.07212 -10.12669
 -10.14794 -10.14794 -10.14794 -10.16370 -10.21428
 -10.24202 -10.24210 -10.24216 -10.24859 -10.30502
 -10.32410 -10.32718 -10.32993 -10.33917 -10.38406
 -10.27112 -10.29926 -10.32579 -10.34900 -10.40816
 -10.00240 -10.06647 -10.13246 -10.19764 -10.27582
  -9.74372  -9.82308  -9.90847  -9.99736 -10.09471
  -9.60371  -9.68766  -9.77947  -9.87703  -9.98192
  -9.57225  -9.65735  -9.75113  -9.85167  -9.95879
  -9.62140  -9.70642  -9.80049  -9.90183 -10.00992
  -9.72753  -9.81192  -9.90555 -10.00669 -10.11420
  -9.87326  -9.95674 -10.04952 -10.14993 -10.25678
 -10.04635 -10.12872 -10.22041 -10.31973 -10.42507
 -10.23821 -10.31935 -10.40976 -10.50774 -10.61168
 -10.44296 -10.52275 -10.61173 -10.70819 -10.81034
 -10.65653 -10.73487 -10.82233 -10.91712 -11.01733
 -10.87608 -10.95295 -11.03877 -11.13180 -11.22979
 -11.09974 -11.17507 -11.25922 -11.35039 -11.44629
 -11.32624 -11.39999 -11.48243 -11.57171 -11.66548
 -11.55466 -11.62684 -11.70753 -11.79490 -11.88653
 -11.78444 -11.85504 -11.93399 -12.01944 -12.10896
 -12.01519 -12.08421 -12.16144 -12.24501 -12.33244
 -12.24667 -12.31414 -12.38966 -12.47137 -12.55678
 -12.47866 -12.54461 -12.61846 -12.69836 -12.78182
 -12.71109 -12.77553 -12.84776 -12.92590 -13.00746
 -12.94389 -13.00686 -13.07751 -13.15395 -13.23370
 -13.17697 -13.23851 -13.30761 -13.38241 -13.46042
 --------------------/ IPRT= 1  / IGRD= 1  /RECOM   / Z1=22   / DATE= 26.01.98  
  -9.75196  -9.75196  -9.75196  -9.77915  -9.84096
  -9.83704  -9.83704  -9.83704  -9.85722  -9.92633
  -9.92359  -9.92359  -9.92359  -9.94082  -9.99357
 -10.01202 -10.01202 -10.01202 -10.02063 -10.08096
 -10.10280 -10.10280 -10.10280 -10.11105 -10.16337
 -10.19613 -10.19619 -10.19623 -10.19590 -10.24791
 -10.28360 -10.28545 -10.28710 -10.28862 -10.33854
 -10.29509 -10.31233 -10.32826 -10.34229 -10.38555
 -10.14063 -10.18945 -10.23819 -10.28458 -10.34867
  -9.94058 -10.00981 -10.08281 -10.15684 -10.23975
  -9.81951  -9.89667  -9.98008 -10.06726 -10.16104
  -9.79302  -9.87283  -9.96011 -10.05262 -10.15055
  -9.84246  -9.92283 -10.01123 -10.10559 -10.20545
  -9.94723 -10.02720 -10.11545 -10.20996 -10.31002
 -10.09097 -10.17001 -10.25739 -10.35115 -10.44979
 -10.26177 -10.33953 -10.42560 -10.51800 -10.61508
 -10.45112 -10.52738 -10.61181 -10.70244 -10.79718
 -10.65312 -10.72770 -10.81027 -10.89882 -10.99099
 -10.86375 -10.93650 -11.01705 -11.10329 -11.19269
 -11.08018 -11.15102 -11.22939 -11.31320 -11.39982
 -11.30054 -11.36940 -11.44554 -11.52682 -11.61059
 -11.52359 -11.59045 -11.66432 -11.74304 -11.82393
 -11.74850 -11.81334 -11.88494 -11.96111 -12.03916
 -11.97471 -12.03757 -12.10693 -12.18060 -12.25589
 -12.20189 -12.26280 -12.32997 -12.40122 -12.47386
 -12.42984 -12.48884 -12.55388 -12.62281 -12.69293
 -12.65837 -12.71553 -12.77853 -12.84522 -12.91296
 -12.88741 -12.94279 -13.00383 -13.06840 -13.13390
 -13.11692 -13.17059 -13.22976 -13.29232 -13.35571
 -13.34682 -13.39885 -13.45623 -13.51690 -13.57832
 --------------------/ IPRT= 1  / IGRD= 1  /RECOM   / Z1=23   / DATE= 26.01.98  
  -9.71079  -9.71079  -9.71079  -9.72829  -9.79969
  -9.79556  -9.79556  -9.79556  -9.81379  -9.86821
  -9.88170  -9.88171  -9.88170  -9.88882  -9.95374
  -9.96962  -9.96962  -9.96962  -9.97795 -10.02771
 -10.05958 -10.05962 -10.05965 -10.05891 -10.11430
 -10.14349 -10.14523 -10.14678 -10.14806 -10.19988
 -10.13727 -10.15643 -10.17421 -10.18994 -10.23747
  -9.91739  -9.97225 -10.02788 -10.08181 -10.15357
  -9.64477  -9.71936  -9.79926  -9.88184  -9.97240
  -9.47133  -9.55235  -9.64099  -9.73510  -9.83651
  -9.40870  -9.49152  -9.58297  -9.68116  -9.78561
  -9.43332  -9.51630  -9.60838  -9.70781  -9.81381
  -9.52126  -9.60371  -9.69548  -9.79487  -9.90079
  -9.65385  -9.73541  -9.82637  -9.92507 -10.03012
  -9.81752  -9.89796  -9.98780 -10.08540 -10.18905
 -10.00267 -10.08182 -10.17032 -10.26649 -10.36855
 -10.20253 -10.28025 -10.36722 -10.46173 -10.56165
 -10.41242 -10.48861 -10.57391 -10.66657 -10.76440
 -10.62915 -10.70372 -10.78722 -10.87789 -10.97344
 -10.85048 -10.92337 -11.00499 -11.09355 -11.18670
 -11.07495 -11.14610 -11.22577 -11.31214 -11.40281
 -11.30156 -11.37095 -11.44863 -11.53278 -11.62092
 -11.52960 -11.59722 -11.67293 -11.75484 -11.84048
 -11.75869 -11.82454 -11.89827 -11.97796 -12.06114
 -11.98852 -12.05263 -12.12440 -12.20192 -12.28269
 -12.21894 -12.28134 -12.35120 -12.42661 -12.50506
 -12.44980 -12.51052 -12.57852 -12.65189 -12.72812
 -12.68103 -12.74012 -12.80631 -12.87773 -12.95184
 -12.91264 -12.97014 -13.03459 -13.10411 -13.17621
 -13.14451 -13.20048 -13.26325 -13.33097 -13.40116
 --------------------/ IPRT= 1  / IGRD= 1  /RECOM   / Z1=24   / DATE= 26.01.98  
  -9.67137  -9.67137  -9.67137  -9.68887  -9.74564
  -9.75585  -9.75585  -9.75585  -9.76353  -9.83063
  -9.84164  -9.84164  -9.84164  -9.84803  -9.89911
  -9.92910  -9.92910  -9.92910  -9.92887  -9.98593
 -10.01807 -10.01818 -10.01829 -10.01831 -10.06802
 -10.08930 -10.09331 -10.09691 -10.10000 -10.14367
 -10.01754 -10.04727 -10.07575 -10.10170 -10.15099
  -9.75776  -9.81999  -9.88465  -9.94904 -10.02466
  -9.52338  -9.59938  -9.68157  -9.76748  -9.86135
  -9.40352  -9.48381  -9.57202  -9.66606  -9.76615
  -9.38620  -9.46756  -9.55760  -9.65443  -9.75763
  -9.44491  -9.52609  -9.61631  -9.71376  -9.81725
  -9.55730  -9.63775  -9.72735  -9.82437  -9.92756
  -9.70695  -9.78630  -9.87482  -9.97079 -10.07239
  -9.88218  -9.96021 -10.04733 -10.14181 -10.24187
 -10.07491 -10.15143 -10.23689 -10.32955 -10.42710
 -10.27947 -10.35430 -10.43791 -10.52849 -10.62370
 -10.49198 -10.56503 -10.64661 -10.73488 -10.82745
 -10.70985 -10.78099 -10.86041 -10.94621 -11.03596
 -10.93125 -11.00041 -11.07758 -11.16080 -11.24758
 -11.15500 -11.22214 -11.29700 -11.37758 -11.46135
 -11.38037 -11.44547 -11.51798 -11.59590 -11.67667
 -11.60682 -11.66987 -11.74006 -11.81536 -11.89316
 -11.83406 -11.89510 -11.96300 -12.03572 -12.11066
 -12.06191 -12.12097 -12.18663 -12.25686 -12.32905
 -12.29026 -12.34740 -12.41090 -12.47874 -12.54834
 -12.51904 -12.57431 -12.63574 -12.70129 -12.76841
 -12.74819 -12.80168 -12.86112 -12.92450 -12.98932
 -12.97775 -13.02952 -13.08705 -13.14838 -13.21102
 -13.20764 -13.25776 -13.31348 -13.37288 -13.43349
 --------------------/ IPRT= 1  / IGRD= 1  /RECOM   / Z1=25   / DATE= 26.01.98  
  -9.63354  -9.63354  -9.63354  -9.64200  -9.69448
  -9.71777  -9.71777  -9.71777  -9.72040  -9.77734
  -9.80323  -9.80323  -9.80323  -9.80341  -9.85951
  -9.89026  -9.89026  -9.89026  -9.89024  -9.93556
  -9.97928  -9.97928  -9.97928  -9.97928 -10.02408
 -10.07080 -10.07080 -10.07080 -10.07080 -10.10234
 -10.16524 -10.16524 -10.16524 -10.16524 -10.19547
 -10.26311 -10.26311 -10.26311 -10.26311 -10.28895
 -10.36488 -10.36487 -10.36488 -10.36487 -10.38351
 -10.47096 -10.47096 -10.47096 -10.47096 -10.48435
 -10.58152 -10.58152 -10.58152 -10.58152 -10.59151
 -10.68620 -10.68620 -10.68620 -10.68619 -10.69517
 -10.66178 -10.66179 -10.66179 -10.66180 -10.66402
 -10.35589 -10.35589 -10.35591 -10.35596 -10.35686
 -10.03131 -10.03132 -10.03134 -10.03139 -10.03142
  -9.84193  -9.84195  -9.84197  -9.84201  -9.84210
  -9.77820  -9.77821  -9.77823  -9.77828  -9.77836
  -9.80742  -9.80743  -9.80745  -9.80749  -9.80756
  -9.90227  -9.90228  -9.90230  -9.90232  -9.90241
 -10.04275 -10.04275 -10.04277 -10.04281 -10.04288
 -10.21481 -10.21482 -10.21484 -10.21488 -10.21494
 -10.40868 -10.40869 -10.40871 -10.40874 -10.40880
 -10.61753 -10.61754 -10.61757 -10.61759 -10.61765
 -10.83672 -10.83673 -10.83674 -10.83677 -10.83683
 -11.06300 -11.06300 -11.06302 -11.06306 -11.06310
 -11.29418 -11.29419 -11.29420 -11.29422 -11.29428
 -11.52868 -11.52869 -11.52870 -11.52873 -11.52877
 -11.76548 -11.76549 -11.76550 -11.76552 -11.76557
 -12.00389 -12.00389 -12.00390 -12.00393 -12.00397
 -12.24335 -12.24336 -12.24337 -12.24339 -12.24343
 --------------------/ IPRT= 1  / IGRD= 1  /RECOM   / Z1=26   / DATE= 26.01.98  
  -9.59718  -9.59718  -9.59718  -9.59718  -9.65802
  -9.68119  -9.68119  -9.68119  -9.68119  -9.73291
  -9.76635  -9.76635  -9.76635  -9.76635  -9.81343
  -9.85299  -9.85299  -9.85299  -9.85299  -9.89937
  -9.94154  -9.94154  -9.94154  -9.94154  -9.97434
 -10.03246 -10.03246 -10.03246 -10.03246 -10.06488
 -10.12620 -10.12620 -10.12620 -10.12620 -10.15032
 -10.22325 -10.22325 -10.22325 -10.22325 -10.24452
 -10.32411 -10.32411 -10.32411 -10.32411 -10.33636
 -10.42917 -10.42917 -10.42917 -10.42917 -10.44098
 -10.53863 -10.53863 -10.53863 -10.53863 -10.54295
 -10.64130 -10.64129 -10.64129 -10.64131 -10.64552
 -10.60383 -10.60383 -10.60383 -10.60385 -10.60561
 -10.27645 -10.27647 -10.27649 -10.27652 -10.27662
  -9.94268  -9.94269  -9.94271  -9.94275  -9.94281
  -9.75008  -9.75009  -9.75010  -9.75015  -9.75021
  -9.68493  -9.68494  -9.68496  -9.68500  -9.68507
  -9.71342  -9.71343  -9.71345  -9.71349  -9.71355
  -9.80786  -9.80787  -9.80788  -9.80792  -9.80798
  -9.94811  -9.94811  -9.94813  -9.94816  -9.94822
 -10.12004 -10.12005 -10.12006 -10.12009 -10.12015
 -10.31384 -10.31385 -10.31386 -10.31389 -10.31394
 -10.52266 -10.52267 -10.52269 -10.52272 -10.52276
 -10.74186 -10.74186 -10.74187 -10.74190 -10.74195
 -10.96816 -10.96816 -10.96818 -10.96820 -10.96825
 -11.19937 -11.19938 -11.19939 -11.19941 -11.19946
 -11.43392 -11.43393 -11.43394 -11.43396 -11.43400
 -11.67078 -11.67079 -11.67080 -11.67082 -11.67087
 -11.90925 -11.90926 -11.90927 -11.90929 -11.90931
 -12.14878 -12.14878 -12.14879 -12.14881 -12.14885
 --------------------/ IPRT= 1  / IGRD= 1  /RECOM   / Z1=27   / DATE= 26.01.98  
  -9.56824  -9.56824  -9.56824  -9.56824  -9.60821
  -9.65190  -9.65190  -9.65190  -9.65190  -9.69094
  -9.73660  -9.73660  -9.73660  -9.73660  -9.77303
  -9.82265  -9.82265  -9.82265  -9.82265  -9.84955
  -9.91046  -9.91046  -9.91046  -9.91046  -9.93751
 -10.00048 -10.00048 -10.00048 -10.00048 -10.01602
 -10.09319 -10.09319 -10.09319 -10.09319 -10.10934
 -10.18908 -10.18908 -10.18909 -10.18909 -10.19515
 -10.28818 -10.28826 -10.28835 -10.28842 -10.29480
 -10.38389 -10.38540 -10.38678 -10.38799 -10.39140
 -10.44804 -10.45682 -10.46507 -10.47246 -10.47892
 -10.45754 -10.48070 -10.50332 -10.52433 -10.54290
 -10.44212 -10.47840 -10.51512 -10.55046 -10.58288
 -10.44073 -10.48303 -10.52668 -10.56955 -10.60971
 -10.46940 -10.51152 -10.55513 -10.59815 -10.63861
 -10.53346 -10.57241 -10.61261 -10.65211 -10.68908
 -10.63343 -10.66866 -10.70485 -10.74020 -10.77310
 -10.76560 -10.79754 -10.83022 -10.86203 -10.89149
 -10.92392 -10.95320 -10.98310 -11.01212 -11.03893
 -11.10207 -11.12922 -11.15694 -11.18382 -11.20862
 -11.29463 -11.32006 -11.34604 -11.37123 -11.39447
 -11.49741 -11.52143 -11.54596 -11.56978 -11.59176
 -11.70732 -11.73009 -11.75340 -11.77606 -11.79699
 -11.92218 -11.94387 -11.96611 -11.98775 -12.00778
 -12.14053 -12.16123 -12.18250 -12.20324 -12.22246
 -12.36138 -12.38117 -12.40155 -12.42147 -12.43997
 -12.58403 -12.60297 -12.62253 -12.64170 -12.65954
 -12.80803 -12.82619 -12.84500 -12.86346 -12.88069
 -13.03314 -13.05057 -13.06866 -13.08647 -13.10314
 -13.25911 -13.27585 -13.29327 -13.31047 -13.32660
 --------------------/ IPRT= 1  / IGRD= 1  /RECOM   / Z1=28   / DATE= 26.01.98  
  -9.53210  -9.53210  -9.53210  -9.53210  -9.57176
  -9.61557  -9.61557  -9.61557  -9.61557  -9.64723
  -9.70001  -9.70001  -9.70001  -9.70001  -9.72784
  -9.78572  -9.78572  -9.78572  -9.78572  -9.81338
  -9.87310  -9.87310  -9.87310  -9.87310  -9.88866
  -9.96258  -9.96257  -9.96257  -9.96257  -9.97798
 -10.05461 -10.05461 -10.05461 -10.05461 -10.06150
 -10.14972 -10.14972 -10.14972 -10.14972 -10.15700
 -10.24839 -10.24838 -10.24838 -10.24838 -10.24854
 -10.35110 -10.35110 -10.35110 -10.35110 -10.35125
 -10.45829 -10.45829 -10.45829 -10.45829 -10.45830
 -10.57023 -10.57023 -10.57023 -10.57023 -10.57023
 -10.68599 -10.68599 -10.68599 -10.68599 -10.68600
 -10.80210 -10.80210 -10.80211 -10.80211 -10.80211
 -10.91601 -10.91601 -10.91601 -10.91601 -10.91602
 -11.03110 -11.03110 -11.03110 -11.03111 -11.03111
 -11.15403 -11.15403 -11.15403 -11.15403 -11.15404
 -11.28924 -11.28924 -11.28924 -11.28924 -11.28925
 -11.43750 -11.43750 -11.43750 -11.43750 -11.43751
 -11.59740 -11.59740 -11.59740 -11.59741 -11.59740
 -11.76689 -11.76689 -11.76689 -11.76690 -11.76690
 -11.94413 -11.94413 -11.94414 -11.94414 -11.94415
 -12.12764 -12.12764 -12.12765 -12.12765 -12.12766
 -12.31638 -12.31638 -12.31638 -12.31637 -12.31638
 -12.50954 -12.50954 -12.50955 -12.50955 -12.50955
 -12.70659 -12.70659 -12.70659 -12.70659 -12.70659
 -12.90702 -12.90702 -12.90702 -12.90702 -12.90702
 -13.11049 -13.11049 -13.11049 -13.11049 -13.11049
 -13.31669 -13.31669 -13.31669 -13.31669 -13.31670
 -13.52533 -13.52533 -13.52533 -13.52533 -13.52533
 --------------------/ IPRT= 1  / IGRD= 1  /RECOM   / Z1=29   / DATE= 26.01.98  
  -9.49715  -9.49715  -9.49715  -9.49715  -9.52558
  -9.58045  -9.58045  -9.58045  -9.58045  -9.60817
  -9.66466  -9.66466  -9.66466  -9.66466  -9.69022
  -9.75006  -9.75006  -9.75006  -9.75006  -9.76691
  -9.83704  -9.83704  -9.83704  -9.83704  -9.84955
  -9.92602  -9.92602  -9.92602  -9.92602  -9.93382
 -10.01744 -10.01744 -10.01744 -10.01744 -10.02544
 -10.11180 -10.11180 -10.11180 -10.11180 -10.11102
 -10.20959 -10.20959 -10.20959 -10.20959 -10.20961
 -10.31131 -10.31131 -10.31131 -10.31131 -10.31132
 -10.41736 -10.41736 -10.41736 -10.41736 -10.41736
 -10.52602 -10.52602 -10.52602 -10.52602 -10.52602
 -10.59355 -10.59355 -10.59355 -10.59356 -10.59356
 -10.45577 -10.45577 -10.45578 -10.45579 -10.45582
 -10.17549 -10.17550 -10.17551 -10.17554 -10.17557
  -9.97231  -9.97232  -9.97233  -9.97235  -9.97240
  -9.88861  -9.88863  -9.88863  -9.88865  -9.88870
  -9.90152  -9.90152  -9.90154  -9.90156  -9.90161
  -9.98430  -9.98431  -9.98432  -9.98434  -9.98438
 -10.11607 -10.11608 -10.11609 -10.11611 -10.11615
 -10.28185 -10.28185 -10.28187 -10.28189 -10.28192
 -10.47110 -10.47110 -10.47111 -10.47113 -10.47117
 -10.67650 -10.67650 -10.67651 -10.67653 -10.67656
 -10.89300 -10.89300 -10.89301 -10.89303 -10.89306
 -11.11711 -11.11712 -11.11713 -11.11714 -11.11717
 -11.34647 -11.34647 -11.34648 -11.34650 -11.34652
 -11.57938 -11.57939 -11.57939 -11.57941 -11.57943
 -11.81475 -11.81475 -11.81476 -11.81477 -11.81480
 -12.05181 -12.05182 -12.05181 -12.05183 -12.05185
 -12.29000 -12.29000 -12.29001 -12.29002 -12.29004
 --------------------/ IPRT= 1  / IGRD= 1  /RECOM   / Z1=30   / DATE= 26.01.98  
  -9.46332  -9.46332  -9.46332  -9.46332  -9.49153
  -9.54646  -9.54646  -9.54646  -9.54646  -9.56750
  -9.63046  -9.63046  -9.63046  -9.63046  -9.64816
  -9.71558  -9.71558  -9.71558  -9.71558  -9.73334
  -9.80220  -9.80220  -9.80220  -9.80220  -9.80912
  -9.89071  -9.89071  -9.89071  -9.89071  -9.89779
  -9.98155  -9.98155  -9.98155  -9.98155  -9.98110
 -10.07522 -10.07522 -10.07522 -10.07522 -10.07516
 -10.17220 -10.17220 -10.17220 -10.17220 -10.17220
 -10.27297 -10.27297 -10.27297 -10.27297 -10.27297
 -10.37797 -10.37797 -10.37797 -10.37797 -10.37797
 -10.48752 -10.48752 -10.48752 -10.48752 -10.48752
 -10.60102 -10.60102 -10.60102 -10.60102 -10.60102
 -10.71536 -10.71535 -10.71535 -10.71535 -10.71536
 -10.82741 -10.82741 -10.82741 -10.82741 -10.82740
 -10.93959 -10.93958 -10.93958 -10.93958 -10.93960
 -11.05849 -11.05849 -11.05849 -11.05850 -11.05850
 -11.18917 -11.18918 -11.18918 -11.18918 -11.18919
 -11.33293 -11.33293 -11.33293 -11.33293 -11.33294
 -11.48852 -11.48852 -11.48852 -11.48852 -11.48853
 -11.65396 -11.65396 -11.65396 -11.65397 -11.65397
 -11.82739 -11.82739 -11.82739 -11.82739 -11.82740
 -12.00727 -12.00727 -12.00728 -12.00728 -12.00728
 -12.19257 -12.19258 -12.19257 -12.19257 -12.19258
 -12.38251 -12.38251 -12.38251 -12.38251 -12.38252
 -12.57653 -12.57653 -12.57653 -12.57653 -12.57653
 -12.77415 -12.77415 -12.77415 -12.77415 -12.77415
 -12.97502 -12.97502 -12.97503 -12.97503 -12.97503
 -13.17885 -13.17886 -13.17885 -13.17885 -13.17885
 -13.38531 -13.38531 -13.38531 -13.38532 -13.38532
 --------------------/ IPRT= 1  / IGRD= 1  /RECOM   / Z1=31   / DATE= 26.01.98  
  -9.43052  -9.43052  -9.43052  -9.43052  -9.45852
  -9.51353  -9.51353  -9.51353  -9.51353  -9.53064
  -9.59733  -9.59733  -9.59733  -9.59733  -9.61296
  -9.68220  -9.68220  -9.68220  -9.68220  -9.69005
  -9.76848  -9.76848  -9.76848  -9.76847  -9.77260
  -9.85656  -9.85656  -9.85656  -9.85656  -9.85667
  -9.94688  -9.94688  -9.94688  -9.94688  -9.94685
 -10.03991 -10.03991 -10.03991 -10.03991 -10.03990
 -10.13613 -10.13613 -10.13613 -10.13613 -10.13613
 -10.23604 -10.23604 -10.23604 -10.23604 -10.23604
 -10.34004 -10.34004 -10.34004 -10.34004 -10.34004
 -10.44858 -10.44858 -10.44858 -10.44858 -10.44858
 -10.56204 -10.56203 -10.56203 -10.56203 -10.56204
 -10.68075 -10.68075 -10.68075 -10.68075 -10.68075
 -10.80503 -10.80503 -10.80503 -10.80503 -10.80503
 -10.93515 -10.93515 -10.93515 -10.93515 -10.93515
 -11.07132 -11.07132 -11.07132 -11.07132 -11.07132
 -11.21367 -11.21367 -11.21367 -11.21367 -11.21367
 -11.36231 -11.36231 -11.36231 -11.36231 -11.36231
 -11.51719 -11.51719 -11.51719 -11.51719 -11.51719
 -11.67823 -11.67823 -11.67823 -11.67823 -11.67823
 -11.84524 -11.84524 -11.84524 -11.84524 -11.84524
 -12.01795 -12.01795 -12.01795 -12.01795 -12.01795
 -12.19605 -12.19605 -12.19605 -12.19605 -12.19605
 -12.37920 -12.37920 -12.37920 -12.37920 -12.37920
 -12.56703 -12.56703 -12.56703 -12.56703 -12.56703
 -12.75912 -12.75912 -12.75912 -12.75912 -12.75912
 -12.95509 -12.95509 -12.95509 -12.95509 -12.95509
 -13.15462 -13.15462 -13.15462 -13.15462 -13.15462
 -13.35731 -13.35731 -13.35731 -13.35731 -13.35731
 --------------------/ IPRT= 1  / IGRD= 1  /RECOM   / Z1=32   / DATE= 26.01.98  
  -9.39870  -9.39870  -9.39870  -9.39870  -9.41658
  -9.48157  -9.48157  -9.48157  -9.48157  -9.49297
  -9.56520  -9.56520  -9.56520  -9.56520  -9.57369
  -9.64983  -9.64983  -9.64983  -9.64983  -9.65858
  -9.73580  -9.73580  -9.73580  -9.73581  -9.73496
  -9.82349  -9.82349  -9.82349  -9.82349  -9.82346
  -9.91331  -9.91331  -9.91331  -9.91331  -9.91332
 -10.00575 -10.00575 -10.00575 -10.00575 -10.00575
 -10.10127 -10.10127 -10.10127 -10.10127 -10.10127
 -10.20034 -10.20034 -10.20034 -10.20034 -10.20034
 -10.30340 -10.30340 -10.30340 -10.30340 -10.30340
 -10.41033 -10.41033 -10.41033 -10.41033 -10.41033
 -10.50561 -10.50561 -10.50561 -10.50561 -10.50561
 -10.48856 -10.48857 -10.48857 -10.48857 -10.48859
 -10.30062 -10.30063 -10.30063 -10.30064 -10.30066
 -10.11267 -10.11268 -10.11268 -10.11270 -10.11273
 -10.02092 -10.02092 -10.02093 -10.02095 -10.02098
 -10.02296 -10.02296 -10.02297 -10.02299 -10.02302
 -10.09642 -10.09643 -10.09644 -10.09645 -10.09648
 -10.22090 -10.22090 -10.22092 -10.22092 -10.22096
 -10.38102 -10.38103 -10.38104 -10.38105 -10.38107
 -10.56582 -10.56583 -10.56583 -10.56585 -10.56587
 -10.76756 -10.76756 -10.76757 -10.76758 -10.76760
 -10.98093 -10.98093 -10.98094 -10.98095 -10.98097
 -11.20224 -11.20224 -11.20225 -11.20226 -11.20228
 -11.42899 -11.42900 -11.42900 -11.42901 -11.42903
 -11.65942 -11.65942 -11.65944 -11.65944 -11.65946
 -11.89236 -11.89237 -11.89237 -11.89238 -11.89240
 -12.12705 -12.12705 -12.12706 -12.12707 -12.12708
 -12.36289 -12.36289 -12.36289 -12.36290 -12.36292
 --------------------/ IPRT= 1  / IGRD= 1  /RECOM   / Z1=33   / DATE= 26.01.98  
  -9.36779  -9.36779  -9.36779  -9.36779  -9.38553
  -9.45055  -9.45055  -9.45055  -9.45055  -9.45840
  -9.53402  -9.53402  -9.53402  -9.53402  -9.54061
  -9.61843  -9.61843  -9.61843  -9.61843  -9.61820
  -9.70411  -9.70411  -9.70411  -9.70411  -9.70405
  -9.79143  -9.79143  -9.79143  -9.79143  -9.79143
  -9.88080  -9.88080  -9.88080  -9.88080  -9.88080
  -9.97267  -9.97267  -9.97267  -9.97267  -9.97267
 -10.06752 -10.06752 -10.06752 -10.06752 -10.06752
 -10.16582 -10.16582 -10.16582 -10.16582 -10.16582
 -10.26801 -10.26801 -10.26801 -10.26801 -10.26801
 -10.37449 -10.37449 -10.37449 -10.37449 -10.37449
 -10.48567 -10.48567 -10.48567 -10.48567 -10.48567
 -10.60188 -10.60188 -10.60188 -10.60188 -10.60188
 -10.72345 -10.72345 -10.72345 -10.72344 -10.72345
 -10.85065 -10.85065 -10.85065 -10.85065 -10.85065
 -10.98372 -10.98372 -10.98372 -10.98372 -10.98372
 -11.12285 -11.12285 -11.12285 -11.12285 -11.12285
 -11.26815 -11.26815 -11.26815 -11.26815 -11.26815
 -11.41965 -11.41965 -11.41965 -11.41965 -11.41965
 -11.57732 -11.57732 -11.57732 -11.57732 -11.57732
 -11.74104 -11.74104 -11.74104 -11.74104 -11.74104
 -11.91058 -11.91058 -11.91058 -11.91058 -11.91058
 -12.08568 -12.08568 -12.08568 -12.08568 -12.08568
 -12.26600 -12.26600 -12.26600 -12.26600 -12.26600
 -12.45122 -12.45122 -12.45122 -12.45122 -12.45122
 -12.64091 -12.64091 -12.64091 -12.64091 -12.64091
 -12.83471 -12.83471 -12.83471 -12.83471 -12.83471
 -13.03225 -13.03225 -13.03225 -13.03225 -13.03225
 -13.23316 -13.23316 -13.23316 -13.23316 -13.23316
 --------------------/ IPRT= 1  / IGRD= 1  /RECOM   / Z1=34   / DATE= 26.01.98  
  -9.33774  -9.33774  -9.33774  -9.33774  -9.34625
  -9.42039  -9.42039  -9.42039  -9.42039  -9.42305
  -9.50370  -9.50370  -9.50370  -9.50370  -9.50389
  -9.58792  -9.58792  -9.58792  -9.58792  -9.58791
  -9.67334  -9.67334  -9.67334  -9.67334  -9.67333
  -9.76032  -9.76032  -9.76032  -9.76032  -9.76032
  -9.84927  -9.84927  -9.84927  -9.84927  -9.84926
  -9.94061  -9.94061  -9.94061  -9.94061  -9.94061
 -10.03484 -10.03484 -10.03484 -10.03484 -10.03484
 -10.13241 -10.13241 -10.13241 -10.13241 -10.13241
 -10.23375 -10.23375 -10.23375 -10.23375 -10.23375
 -10.33910 -10.33910 -10.33910 -10.33910 -10.33910
 -10.44276 -10.44276 -10.44276 -10.44276 -10.44276
 -10.49629 -10.49628 -10.49629 -10.49629 -10.49630
 -10.42648 -10.42648 -10.42649 -10.42649 -10.42650
 -10.30344 -10.30345 -10.30346 -10.30346 -10.30349
 -10.23315 -10.23315 -10.23316 -10.23317 -10.23319
 -10.24050 -10.24051 -10.24051 -10.24052 -10.24055
 -10.31384 -10.31385 -10.31385 -10.31386 -10.31389
 -10.43627 -10.43627 -10.43628 -10.43629 -10.43631
 -10.59353 -10.59353 -10.59353 -10.59354 -10.59356
 -10.77502 -10.77503 -10.77503 -10.77504 -10.77506
 -10.97316 -10.97316 -10.97317 -10.97317 -10.97319
 -11.18264 -11.18264 -11.18264 -11.18265 -11.18267
 -11.39983 -11.39984 -11.39984 -11.39985 -11.39986
 -11.62226 -11.62227 -11.62227 -11.62228 -11.62229
 -11.84822 -11.84822 -11.84823 -11.84823 -11.84825
 -12.07657 -12.07658 -12.07658 -12.07659 -12.07659
 -12.30661 -12.30661 -12.30661 -12.30662 -12.30663
 -12.53776 -12.53776 -12.53777 -12.53777 -12.53778
 --------------------/ IPRT= 1  / IGRD= 1  /RECOM   / Z1=35   / DATE= 26.01.98  
  -9.30849  -9.30849  -9.30849  -9.30849  -9.31694
  -9.39105  -9.39105  -9.39105  -9.39105  -9.39073
  -9.47423  -9.47423  -9.47423  -9.47423  -9.47420
  -9.55826  -9.55826  -9.55826  -9.55826  -9.55826
  -9.64344  -9.64344  -9.64344  -9.64344  -9.64344
  -9.73011  -9.73011  -9.73011  -9.73011  -9.73011
  -9.81864  -9.81864  -9.81864  -9.81864  -9.81864
  -9.90951  -9.90951  -9.90951  -9.90951  -9.90951
 -10.00314 -10.00314 -10.00314 -10.00314 -10.00314
 -10.10002 -10.10002 -10.10002 -10.10002 -10.10002
 -10.20057 -10.20057 -10.20057 -10.20057 -10.20057
 -10.30507 -10.30507 -10.30507 -10.30507 -10.30507
 -10.40773 -10.40773 -10.40773 -10.40773 -10.40773
 -10.44901 -10.44901 -10.44901 -10.44901 -10.44902
 -10.32714 -10.32714 -10.32714 -10.32715 -10.32717
 -10.14079 -10.14079 -10.14080 -10.14081 -10.14083
 -10.02520 -10.02520 -10.02521 -10.02522 -10.02524
 -10.00326 -10.00326 -10.00326 -10.00327 -10.00329
 -10.05780 -10.05779 -10.05781 -10.05782 -10.05784
 -10.16831 -10.16830 -10.16832 -10.16833 -10.16835
 -10.31830 -10.31832 -10.31832 -10.31832 -10.31834
 -10.49577 -10.49577 -10.49578 -10.49579 -10.49581
 -10.69214 -10.69215 -10.69214 -10.69215 -10.69217
 -10.90147 -10.90147 -10.90148 -10.90148 -10.90150
 -11.11965 -11.11965 -11.11965 -11.11966 -11.11967
 -11.34386 -11.34386 -11.34387 -11.34387 -11.34389
 -11.57215 -11.57216 -11.57216 -11.57217 -11.57218
 -11.80323 -11.80323 -11.80324 -11.80325 -11.80326
 -12.03622 -12.03622 -12.03622 -12.03623 -12.03625
 -12.27048 -12.27048 -12.27049 -12.27049 -12.27050
 --------------------/ IPRT= 1  / IGRD= 1  /RECOM   / Z1=36   / DATE= 26.01.98  
  -9.28001  -9.28001  -9.28001  -9.28001  -9.28001
  -9.36247  -9.36247  -9.36247  -9.36247  -9.36247
  -9.44553  -9.44553  -9.44553  -9.44553  -9.44553
  -9.52940  -9.52940  -9.52940  -9.52940  -9.52940
  -9.61434  -9.61435  -9.61435  -9.61435  -9.61434
  -9.70072  -9.70072  -9.70072  -9.70072  -9.70072
  -9.78888  -9.78888  -9.78888  -9.78888  -9.78888
  -9.87929  -9.87929  -9.87929  -9.87929  -9.87929
  -9.97237  -9.97237  -9.97237  -9.97237  -9.97237
 -10.06861 -10.06861 -10.06861 -10.06861 -10.06861
 -10.16842 -10.16842 -10.16842 -10.16842 -10.16842
 -10.27207 -10.27207 -10.27207 -10.27207 -10.27207
 -10.37313 -10.37313 -10.37313 -10.37313 -10.37313
 -10.39543 -10.39543 -10.39543 -10.39543 -10.39544
 -10.21461 -10.21461 -10.21461 -10.21462 -10.21464
  -9.97727  -9.97727  -9.97727  -9.97728  -9.97730
  -9.83383  -9.83384  -9.83384  -9.83385  -9.83388
  -9.79663  -9.79663  -9.79664  -9.79665  -9.79667
  -9.84233  -9.84233  -9.84234  -9.84235  -9.84237
  -9.94759  -9.94759  -9.94761  -9.94761  -9.94763
 -10.09458 -10.09457 -10.09458 -10.09458 -10.09460
 -10.27046 -10.27046 -10.27046 -10.27047 -10.27049
 -10.46623 -10.46624 -10.46624 -10.46626 -10.46626
 -10.67567 -10.67567 -10.67567 -10.67567 -10.67570
 -10.89444 -10.89445 -10.89445 -10.89445 -10.89447
 -11.11961 -11.11961 -11.11962 -11.11963 -11.11964
 -11.34911 -11.34911 -11.34911 -11.34912 -11.34913
 -11.58157 -11.58157 -11.58158 -11.58158 -11.58159
 -11.81606 -11.81607 -11.81606 -11.81608 -11.81609
 -12.05191 -12.05191 -12.05192 -12.05192 -12.05193
 --------------------/ IPRT= 1  / IGRD= 1  /RECOM   / Z1=37   / DATE= 26.01.98  
  -9.24849  -9.24849  -9.24849  -9.24849  -9.24849
  -9.33086  -9.33086  -9.33086  -9.33086  -9.33086
  -9.41379  -9.41379  -9.41379  -9.41379  -9.41379
  -9.49748  -9.49747  -9.49747  -9.49748  -9.49748
  -9.58218  -9.58218  -9.58218  -9.58218  -9.58218
  -9.66823  -9.66823  -9.66823  -9.66823  -9.66823
  -9.75599  -9.75599  -9.75599  -9.75599  -9.75599
  -9.84589  -9.84589  -9.84589  -9.84589  -9.84589
  -9.93835  -9.93835  -9.93835  -9.93835  -9.93835
 -10.03383 -10.03383 -10.03383 -10.03383 -10.03383
 -10.13275 -10.13274 -10.13274 -10.13274 -10.13274
 -10.23549 -10.23549 -10.23549 -10.23549 -10.23549
 -10.34011 -10.34011 -10.34011 -10.34011 -10.34011
 -10.41679 -10.41678 -10.41679 -10.41679 -10.41679
 -10.37851 -10.37851 -10.37851 -10.37852 -10.37853
 -10.24305 -10.24305 -10.24306 -10.24306 -10.24308
 -10.13741 -10.13741 -10.13741 -10.13742 -10.13744
 -10.11186 -10.11186 -10.11187 -10.11188 -10.11189
 -10.16025 -10.16025 -10.16025 -10.16026 -10.16028
 -10.26490 -10.26490 -10.26490 -10.26491 -10.26493
 -10.40982 -10.40982 -10.40983 -10.40984 -10.40985
 -10.58287 -10.58287 -10.58288 -10.58288 -10.58290
 -10.77527 -10.77527 -10.77528 -10.77528 -10.77530
 -10.98089 -10.98090 -10.98090 -10.98090 -10.98092
 -11.19549 -11.19548 -11.19549 -11.19549 -11.19551
 -11.41617 -11.41617 -11.41617 -11.41618 -11.41619
 -11.64093 -11.64093 -11.64093 -11.64094 -11.64095
 -11.86846 -11.86846 -11.86846 -11.86847 -11.86847
 -12.09790 -12.09790 -12.09790 -12.09790 -12.09791
 -12.32862 -12.32862 -12.32862 -12.32862 -12.32863
 --------------------/ IPRT= 1  / IGRD= 1  /RECOM   / Z1=38   / DATE= 26.01.98  
  -9.22145  -9.22145  -9.22145  -9.22145  -9.22145
  -9.30374  -9.30374  -9.30374  -9.30374  -9.30374
  -9.38656  -9.38656  -9.38656  -9.38656  -9.38656
  -9.47010  -9.47010  -9.47010  -9.47010  -9.47010
  -9.55461  -9.55461  -9.55461  -9.55461  -9.55461
  -9.64042  -9.64042  -9.64042  -9.64042  -9.64042
  -9.72786  -9.72786  -9.72786  -9.72786  -9.72786
  -9.81735  -9.81735  -9.81735  -9.81735  -9.81735
  -9.90933  -9.90933  -9.90933  -9.90933  -9.90933
 -10.00423 -10.00423 -10.00423 -10.00423 -10.00423
 -10.10249 -10.10249 -10.10249 -10.10249 -10.10249
 -10.20446 -10.20446 -10.20446 -10.20446 -10.20446
 -10.30712 -10.30712 -10.30712 -10.30712 -10.30712
 -10.36114 -10.36114 -10.36114 -10.36114 -10.36114
 -10.23442 -10.23441 -10.23441 -10.23442 -10.23443
 -10.00369 -10.00370 -10.00370 -10.00371 -10.00372
  -9.84324  -9.84323  -9.84325  -9.84325  -9.84326
  -9.78823  -9.78823  -9.78824  -9.78824  -9.78826
  -9.81993  -9.81993  -9.81994  -9.81995  -9.81996
  -9.91495  -9.91495  -9.91495  -9.91496  -9.91497
 -10.05456 -10.05456 -10.05456 -10.05457 -10.05458
 -10.22517 -10.22517 -10.22516 -10.22517 -10.22519
 -10.41710 -10.41711 -10.41712 -10.41712 -10.41714
 -10.62371 -10.62371 -10.62371 -10.62372 -10.62373
 -10.84031 -10.84032 -10.84032 -10.84032 -10.84033
 -11.06376 -11.06375 -11.06376 -11.06377 -11.06378
 -11.29182 -11.29182 -11.29183 -11.29183 -11.29184
 -11.52303 -11.52303 -11.52304 -11.52304 -11.52305
 -11.75640 -11.75641 -11.75641 -11.75641 -11.75642
 -11.99122 -11.99122 -11.99122 -11.99122 -11.99123
 --------------------/ IPRT= 1  / IGRD= 1  /RECOM   / Z1=39   / DATE= 26.01.98  
  -9.19875  -9.19875  -9.19875  -9.19875  -9.19875
  -9.28098  -9.28098  -9.28098  -9.28098  -9.28098
  -9.36371  -9.36371  -9.36371  -9.36371  -9.36371
  -9.44714  -9.44714  -9.44714  -9.44714  -9.44714
  -9.53150  -9.53150  -9.53150  -9.53150  -9.53150
  -9.61710  -9.61710  -9.61710  -9.61710  -9.61710
  -9.70429  -9.70429  -9.70429  -9.70429  -9.70429
  -9.79347  -9.79347  -9.79347  -9.79347  -9.79347
  -9.88508  -9.88508  -9.88508  -9.88508  -9.88508
  -9.97956  -9.97956  -9.97956  -9.97956  -9.97956
 -10.07733 -10.07733 -10.07733 -10.07733 -10.07733
 -10.17880 -10.17879 -10.17879 -10.17880 -10.17879
 -10.28325 -10.28325 -10.28325 -10.28325 -10.28325
 -10.37462 -10.37462 -10.37462 -10.37462 -10.37462
 -10.39288 -10.39288 -10.39288 -10.39288 -10.39289
 -10.31936 -10.31936 -10.31936 -10.31937 -10.31938
 -10.24379 -10.24379 -10.24380 -10.24380 -10.24381
 -10.22832 -10.22833 -10.22833 -10.22834 -10.22835
 -10.27883 -10.27883 -10.27883 -10.27883 -10.27885
 -10.38252 -10.38252 -10.38253 -10.38253 -10.38256
 -10.52518 -10.52519 -10.52519 -10.52519 -10.52521
 -10.69527 -10.69527 -10.69526 -10.69528 -10.69529
 -10.88423 -10.88423 -10.88423 -10.88424 -10.88424
 -11.08605 -11.08605 -11.08605 -11.08606 -11.08607
 -11.29655 -11.29655 -11.29655 -11.29656 -11.29657
 -11.51291 -11.51292 -11.51292 -11.51292 -11.51293
 -11.73321 -11.73321 -11.73321 -11.73321 -11.73322
 -11.95617 -11.95617 -11.95617 -11.95618 -11.95618
 -12.18101 -12.18102 -12.18102 -12.18102 -12.18103
 -12.40717 -12.40717 -12.40717 -12.40717 -12.40718
 --------------------/ IPRT= 1  / IGRD= 1  /RECOM   / Z1=40   / DATE= 26.01.98  
  -9.17293  -9.17293  -9.17293  -9.17293  -9.17293
  -9.25510  -9.25510  -9.25510  -9.25510  -9.25510
  -9.33774  -9.33774  -9.33774  -9.33774  -9.33774
  -9.42105  -9.42105  -9.42105  -9.42105  -9.42104
  -9.50524  -9.50524  -9.50524  -9.50523  -9.50524
  -9.59062  -9.59061  -9.59061  -9.59062  -9.59062
  -9.67752  -9.67752  -9.67752  -9.67752  -9.67752
  -9.76635  -9.76635  -9.76635  -9.76635  -9.76635
  -9.85751  -9.85751  -9.85751  -9.85751  -9.85751
  -9.95147  -9.95147  -9.95147  -9.95147  -9.95147
 -10.04864 -10.04864 -10.04864 -10.04864 -10.04864
 -10.14942 -10.14942 -10.14942 -10.14942 -10.14942
 -10.25353 -10.25353 -10.25353 -10.25353 -10.25353
 -10.35052 -10.35052 -10.35052 -10.35052 -10.35052
 -10.39752 -10.39752 -10.39752 -10.39752 -10.39752
 -10.36845 -10.36845 -10.36844 -10.36846 -10.36845
 -10.32383 -10.32383 -10.32384 -10.32384 -10.32385
 -10.32344 -10.32344 -10.32345 -10.32345 -10.32346
 -10.38031 -10.38031 -10.38031 -10.38032 -10.38033
 -10.48601 -10.48601 -10.48601 -10.48602 -10.48603
 -10.62832 -10.62831 -10.62831 -10.62833 -10.62833
 -10.79659 -10.79659 -10.79660 -10.79660 -10.79661
 -10.98277 -10.98277 -10.98277 -10.98277 -10.98278
 -11.18112 -11.18112 -11.18112 -11.18112 -11.18113
 -11.38766 -11.38766 -11.38766 -11.38767 -11.38767
 -11.59974 -11.59974 -11.59975 -11.59974 -11.59975
 -11.81556 -11.81556 -11.81556 -11.81556 -11.81557
 -12.03398 -12.03398 -12.03399 -12.03399 -12.03399
 -12.25430 -12.25430 -12.25430 -12.25430 -12.25430
 -12.47600 -12.47600 -12.47600 -12.47601 -12.47601
 --------------------/ IPRT= 1  / IGRD= 1  /RECOM   / Z1=41   / DATE= 26.01.98  
  -9.14408  -9.14408  -9.14408  -9.14408  -9.14408
  -9.22617  -9.22617  -9.22617  -9.22617  -9.22617
  -9.30872  -9.30872  -9.30872  -9.30872  -9.30872
  -9.39189  -9.39189  -9.39189  -9.39189  -9.39189
  -9.47589  -9.47589  -9.47589  -9.47589  -9.47589
  -9.56104  -9.56104  -9.56104  -9.56104  -9.56104
  -9.64763  -9.64763  -9.64763  -9.64763  -9.64763
  -9.73605  -9.73605  -9.73605  -9.73605  -9.73605
  -9.82672  -9.82672  -9.82672  -9.82672  -9.82672
  -9.92008  -9.92008  -9.92008  -9.92008  -9.92008
 -10.01653 -10.01653 -10.01653 -10.01653 -10.01653
 -10.11650 -10.11650 -10.11650 -10.11650 -10.11650
 -10.22036 -10.22036 -10.22036 -10.22036 -10.22036
 -10.32846 -10.32846 -10.32846 -10.32846 -10.32846
 -10.44113 -10.44113 -10.44113 -10.44113 -10.44113
 -10.55868 -10.55868 -10.55868 -10.55868 -10.55868
 -10.68139 -10.68139 -10.68139 -10.68139 -10.68139
 -10.80954 -10.80954 -10.80954 -10.80954 -10.80954
 -10.94338 -10.94338 -10.94338 -10.94338 -10.94338
 -11.08310 -11.08310 -11.08310 -11.08310 -11.08310
 -11.22885 -11.22885 -11.22885 -11.22885 -11.22885
 -11.38075 -11.38075 -11.38075 -11.38075 -11.38075
 -11.53875 -11.53875 -11.53875 -11.53875 -11.53875
 -11.70277 -11.70276 -11.70276 -11.70276 -11.70276
 -11.87260 -11.87260 -11.87260 -11.87260 -11.87260
 -12.04802 -12.04803 -12.04803 -12.04802 -12.04802
 -12.22868 -12.22868 -12.22868 -12.22868 -12.22868
 -12.41421 -12.41421 -12.41421 -12.41421 -12.41421
 -12.60424 -12.60424 -12.60424 -12.60424 -12.60424
 -12.79838 -12.79838 -12.79838 -12.79838 -12.79838
 --------------------/ IPRT= 1  / IGRD= 1  /RECOM   / Z1=42   / DATE= 26.01.98  
  -9.12303  -9.12303  -9.12303  -9.12303  -9.12303
  -9.20508  -9.20508  -9.20508  -9.20508  -9.20508
  -9.28756  -9.28756  -9.28756  -9.28756  -9.28756
  -9.37064  -9.37064  -9.37064  -9.37064  -9.37064
  -9.45452  -9.45452  -9.45452  -9.45452  -9.45452
  -9.53951  -9.53951  -9.53951  -9.53951  -9.53951
  -9.62588  -9.62588  -9.62588  -9.62588  -9.62588
  -9.71405  -9.71405  -9.71405  -9.71405  -9.71405
  -9.80441  -9.80441  -9.80441  -9.80441  -9.80441
  -9.89740  -9.89740  -9.89740  -9.89740  -9.89740
  -9.99343  -9.99343  -9.99343  -9.99343  -9.99343
 -10.09293 -10.09293 -10.09293 -10.09293 -10.09293
 -10.19604 -10.19604 -10.19604 -10.19604 -10.19604
 -10.29803 -10.29803 -10.29803 -10.29803 -10.29803
 -10.37183 -10.37182 -10.37183 -10.37183 -10.37183
 -10.38383 -10.38383 -10.38383 -10.38383 -10.38384
 -10.36382 -10.36382 -10.36382 -10.36382 -10.36383
 -10.36941 -10.36941 -10.36941 -10.36941 -10.36942
 -10.42382 -10.42382 -10.42383 -10.42383 -10.42384
 -10.52444 -10.52444 -10.52444 -10.52444 -10.52445
 -10.66107 -10.66107 -10.66108 -10.66108 -10.66109
 -10.82373 -10.82373 -10.82374 -10.82374 -10.82375
 -11.00442 -11.00442 -11.00443 -11.00443 -11.00443
 -11.19740 -11.19740 -11.19740 -11.19740 -11.19741
 -11.39865 -11.39865 -11.39865 -11.39865 -11.39866
 -11.60553 -11.60553 -11.60553 -11.60553 -11.60554
 -11.81625 -11.81625 -11.81625 -11.81625 -11.81625
 -12.02972 -12.02972 -12.02972 -12.02972 -12.02973
 -12.24527 -12.24527 -12.24527 -12.24527 -12.24527
 -12.46241 -12.46241 -12.46241 -12.46241 -12.46242
 --------------------/ IPRT= 1  / IGRD= 1  /RECOM   / Z1=43   / DATE= 26.01.98  
  -9.09890  -9.09890  -9.09890  -9.09890  -9.09890
  -9.18088  -9.18088  -9.18088  -9.18088  -9.18088
  -9.26330  -9.26330  -9.26330  -9.26330  -9.26330
  -9.34627  -9.34627  -9.34627  -9.34627  -9.34627
  -9.43002  -9.43002  -9.43002  -9.43002  -9.43002
  -9.51481  -9.51481  -9.51481  -9.51481  -9.51481
  -9.60096  -9.60096  -9.60096  -9.60096  -9.60096
  -9.68882  -9.68882  -9.68882  -9.68882  -9.68882
  -9.77881  -9.77881  -9.77881  -9.77881  -9.77881
  -9.87134  -9.87134  -9.87134  -9.87134  -9.87134
  -9.96685  -9.96685  -9.96685  -9.96685  -9.96685
 -10.06573 -10.06573 -10.06573 -10.06573 -10.06573
 -10.16831 -10.16831 -10.16831 -10.16831 -10.16831
 -10.27343 -10.27343 -10.27343 -10.27343 -10.27343
 -10.37270 -10.37270 -10.37270 -10.37270 -10.37270
 -10.45166 -10.45166 -10.45166 -10.45166 -10.45166
 -10.51262 -10.51262 -10.51262 -10.51262 -10.51263
 -10.57807 -10.57807 -10.57807 -10.57807 -10.57808
 -10.66615 -10.66614 -10.66614 -10.66614 -10.66614
 -10.78134 -10.78134 -10.78134 -10.78133 -10.78135
 -10.92024 -10.92024 -10.92024 -10.92024 -10.92024
 -11.07730 -11.07730 -11.07730 -11.07730 -11.07730
 -11.24744 -11.24744 -11.24745 -11.24745 -11.24745
 -11.42689 -11.42689 -11.42689 -11.42689 -11.42689
 -11.61303 -11.61303 -11.61303 -11.61303 -11.61304
 -11.80421 -11.80421 -11.80421 -11.80421 -11.80422
 -11.99936 -11.99935 -11.99936 -11.99936 -11.99937
 -12.19783 -12.19784 -12.19784 -12.19784 -12.19784
 -12.39926 -12.39926 -12.39926 -12.39926 -12.39926
 -12.60329 -12.60329 -12.60329 -12.60329 -12.60329
 --------------------/ IPRT= 1  / IGRD= 1  /RECOM   / Z1=44   / DATE= 26.01.98  
  -9.07526  -9.07526  -9.07526  -9.07526  -9.07526
  -9.15721  -9.15721  -9.15721  -9.15721  -9.15721
  -9.23954  -9.23954  -9.23954  -9.23954  -9.23954
  -9.32243  -9.32242  -9.32242  -9.32243  -9.32243
  -9.40605  -9.40605  -9.40605  -9.40605  -9.40605
  -9.49067  -9.49067  -9.49067  -9.49067  -9.49067
  -9.57659  -9.57659  -9.57659  -9.57659  -9.57659
  -9.66417  -9.66417  -9.66417  -9.66417  -9.66417
  -9.75381  -9.75381  -9.75381  -9.75381  -9.75381
  -9.84592  -9.84592  -9.84592  -9.84592  -9.84592
  -9.94093  -9.94093  -9.94093  -9.94093  -9.94093
 -10.03924 -10.03924 -10.03924 -10.03924 -10.03924
 -10.14125 -10.14125 -10.14125 -10.14125 -10.14125
 -10.24730 -10.24730 -10.24730 -10.24730 -10.24730
 -10.35771 -10.35770 -10.35770 -10.35770 -10.35770
 -10.47141 -10.47141 -10.47141 -10.47141 -10.47141
 -10.56588 -10.56587 -10.56587 -10.56588 -10.56588
 -10.55623 -10.55623 -10.55623 -10.55623 -10.55623
 -10.43252 -10.43251 -10.43251 -10.43251 -10.43252
 -10.32183 -10.32183 -10.32183 -10.32182 -10.32183
 -10.28815 -10.28815 -10.28816 -10.28816 -10.28817
 -10.32994 -10.32994 -10.32994 -10.32995 -10.32995
 -10.43007 -10.43006 -10.43007 -10.43007 -10.43008
 -10.57224 -10.57225 -10.57225 -10.57225 -10.57226
 -10.74394 -10.74394 -10.74394 -10.74394 -10.74395
 -10.93609 -10.93609 -10.93609 -10.93610 -10.93610
 -11.14229 -11.14229 -11.14230 -11.14229 -11.14230
 -11.35812 -11.35811 -11.35811 -11.35812 -11.35813
 -11.58053 -11.58053 -11.58054 -11.58054 -11.58055
 -11.80743 -11.80743 -11.80743 -11.80743 -11.80744
 --------------------/ IPRT= 1  / IGRD= 1  /RECOM   / Z1=45   / DATE= 26.01.98  
  -9.05152  -9.05152  -9.05152  -9.05152  -9.05152
  -9.13335  -9.13335  -9.13335  -9.13335  -9.13335
  -9.21554  -9.21554  -9.21554  -9.21554  -9.21554
  -9.29819  -9.29819  -9.29819  -9.29819  -9.29819
  -9.38151  -9.38151  -9.38151  -9.38151  -9.38151
  -9.46574  -9.46574  -9.46574  -9.46574  -9.46574
  -9.55114  -9.55114  -9.55114  -9.55114  -9.55114
  -9.63806  -9.63806  -9.63806  -9.63806  -9.63806
  -9.72688  -9.72688  -9.72688  -9.72688  -9.72688
  -9.81803  -9.81803  -9.81803  -9.81803  -9.81803
  -9.91190  -9.91190  -9.91190  -9.91190  -9.91190
 -10.00891 -10.00891 -10.00891 -10.00891 -10.00891
 -10.10948 -10.10948 -10.10948 -10.10948 -10.10948
 -10.21395 -10.21395 -10.21395 -10.21395 -10.21395
 -10.32267 -10.32267 -10.32267 -10.32267 -10.32267
 -10.43561 -10.43561 -10.43561 -10.43561 -10.43561
 -10.54626 -10.54626 -10.54626 -10.54626 -10.54626
 -10.62073 -10.62073 -10.62073 -10.62073 -10.62074
 -10.62350 -10.62351 -10.62351 -10.62351 -10.62351
 -10.59550 -10.59550 -10.59550 -10.59550 -10.59550
 -10.59917 -10.59917 -10.59917 -10.59918 -10.59918
 -10.65559 -10.65559 -10.65559 -10.65559 -10.65560
 -10.76013 -10.76013 -10.76013 -10.76013 -10.76014
 -10.90179 -10.90180 -10.90180 -10.90180 -10.90180
 -11.07030 -11.07030 -11.07030 -11.07030 -11.07031
 -11.25760 -11.25761 -11.25761 -11.25761 -11.25760
 -11.45784 -11.45784 -11.45784 -11.45784 -11.45786
 -11.66694 -11.66694 -11.66694 -11.66694 -11.66695
 -11.88210 -11.88210 -11.88210 -11.88210 -11.88210
 -12.10137 -12.10137 -12.10137 -12.10137 -12.10137
 --------------------/ IPRT= 1  / IGRD= 1  /RECOM   / Z1=46   / DATE= 26.01.98  
  -9.02065  -9.02065  -9.02065  -9.02065  -9.02065
  -9.10243  -9.10243  -9.10243  -9.10243  -9.10243
  -9.18452  -9.18452  -9.18452  -9.18452  -9.18452
  -9.26708  -9.26708  -9.26708  -9.26708  -9.26708
  -9.35026  -9.35026  -9.35026  -9.35026  -9.35026
  -9.43429  -9.43429  -9.43429  -9.43429  -9.43429
  -9.51942  -9.51942  -9.51942  -9.51942  -9.51942
  -9.60599  -9.60599  -9.60599  -9.60599  -9.60599
  -9.69436  -9.69436  -9.69436  -9.69436  -9.69436
  -9.78495  -9.78495  -9.78495  -9.78495  -9.78495
  -9.87813  -9.87813  -9.87813  -9.87813  -9.87813
  -9.97432  -9.97432  -9.97432  -9.97432  -9.97432
 -10.07390 -10.07390 -10.07390 -10.07390 -10.07390
 -10.17723 -10.17723 -10.17723 -10.17723 -10.17723
 -10.28460 -10.28460 -10.28460 -10.28460 -10.28460
 -10.39584 -10.39584 -10.39584 -10.39584 -10.39584
 -10.49852 -10.49852 -10.49852 -10.49852 -10.49852
 -10.52392 -10.52392 -10.52392 -10.52392 -10.52392
 -10.42241 -10.42242 -10.42242 -10.42242 -10.42243
 -10.30182 -10.30183 -10.30184 -10.30184 -10.30183
 -10.24949 -10.24949 -10.24949 -10.24949 -10.24950
 -10.27471 -10.27471 -10.27471 -10.27471 -10.27472
 -10.36218 -10.36218 -10.36219 -10.36219 -10.36220
 -10.49511 -10.49512 -10.49512 -10.49512 -10.49513
 -10.66007 -10.66007 -10.66008 -10.66008 -10.66008
 -10.84728 -10.84728 -10.84728 -10.84728 -10.84729
 -11.04973 -11.04973 -11.04973 -11.04974 -11.04974
 -11.26262 -11.26262 -11.26262 -11.26263 -11.26263
 -11.48264 -11.48264 -11.48264 -11.48265 -11.48265
 -11.70746 -11.70746 -11.70747 -11.70747 -11.70747
 --------------------/ IPRT= 1  / IGRD= 1  /RECOM   / Z1=47   / DATE= 26.01.98  
  -8.99050  -8.99050  -8.99050  -8.99050  -8.99050
  -9.07223  -9.07223  -9.07223  -9.07223  -9.07223
  -9.15426  -9.15426  -9.15426  -9.15426  -9.15426
  -9.23672  -9.23672  -9.23672  -9.23672  -9.23672
  -9.31976  -9.31976  -9.31976  -9.31976  -9.31976
  -9.40360  -9.40360  -9.40360  -9.40360  -9.40360
  -9.48850  -9.48849  -9.48849  -9.48849  -9.48849
  -9.57474  -9.57474  -9.57474  -9.57474  -9.57474
  -9.66270  -9.66270  -9.66270  -9.66270  -9.66270
  -9.75277  -9.75277  -9.75277  -9.75277  -9.75277
  -9.84533  -9.84533  -9.84533  -9.84533  -9.84533
  -9.94075  -9.94075  -9.94075  -9.94075  -9.94075
 -10.03943 -10.03943 -10.03943 -10.03943 -10.03942
 -10.14168 -10.14168 -10.14168 -10.14168 -10.14168
 -10.24783 -10.24783 -10.24783 -10.24783 -10.24783
 -10.35808 -10.35808 -10.35808 -10.35808 -10.35808
 -10.47011 -10.47011 -10.47011 -10.47011 -10.47011
 -10.56951 -10.56951 -10.56951 -10.56951 -10.56951
 -10.63312 -10.63312 -10.63312 -10.63312 -10.63312
 -10.66853 -10.66854 -10.66854 -10.66854 -10.66854
 -10.71231 -10.71231 -10.71230 -10.71230 -10.71231
 -10.78818 -10.78818 -10.78818 -10.78818 -10.78818
 -10.89964 -10.89964 -10.89964 -10.89964 -10.89965
 -11.04098 -11.04098 -11.04098 -11.04098 -11.04098
 -11.20473 -11.20473 -11.20473 -11.20473 -11.20474
 -11.38447 -11.38447 -11.38447 -11.38447 -11.38447
 -11.57529 -11.57529 -11.57529 -11.57529 -11.57529
 -11.77378 -11.77378 -11.77378 -11.77378 -11.77378
 -11.97767 -11.97767 -11.97767 -11.97767 -11.97767
 -12.18541 -12.18541 -12.18541 -12.18541 -12.18542
 --------------------/ IPRT= 1  / IGRD= 1  /RECOM   / Z1=48   / DATE= 26.01.98  
  -8.96105  -8.96105  -8.96105  -8.96105  -8.96105
  -9.04273  -9.04273  -9.04273  -9.04273  -9.04273
  -9.12470  -9.12470  -9.12470  -9.12470  -9.12470
  -9.20707  -9.20707  -9.20707  -9.20707  -9.20707
  -9.28999  -9.28999  -9.28999  -9.28999  -9.28999
  -9.37366  -9.37366  -9.37366  -9.37366  -9.37366
  -9.45832  -9.45832  -9.45832  -9.45832  -9.45832
  -9.54427  -9.54427  -9.54427  -9.54427  -9.54427
  -9.63186  -9.63186  -9.63186  -9.63186  -9.63186
  -9.72145  -9.72145  -9.72145  -9.72145  -9.72145
  -9.81341  -9.81341  -9.81341  -9.81341  -9.81341
  -9.90812  -9.90812  -9.90812  -9.90812  -9.90812
 -10.00596 -10.00596 -10.00596 -10.00596 -10.00596
 -10.10723 -10.10723 -10.10723 -10.10723 -10.10723
 -10.21225 -10.21224 -10.21224 -10.21224 -10.21224
 -10.32122 -10.32121 -10.32121 -10.32121 -10.32122
 -10.43252 -10.43251 -10.43251 -10.43251 -10.43251
 -10.53498 -10.53498 -10.53498 -10.53498 -10.53497
 -10.60900 -10.60900 -10.60900 -10.60900 -10.60901
 -10.65791 -10.65790 -10.65790 -10.65790 -10.65790
 -10.71156 -10.71156 -10.71156 -10.71156 -10.71156
 -10.79243 -10.79243 -10.79243 -10.79243 -10.79243
 -10.90534 -10.90534 -10.90534 -10.90534 -10.90535
 -11.04587 -11.04587 -11.04587 -11.04587 -11.04588
 -11.20740 -11.20740 -11.20740 -11.20740 -11.20741
 -11.38399 -11.38399 -11.38399 -11.38400 -11.38400
 -11.57111 -11.57111 -11.57111 -11.57112 -11.57112
 -11.76560 -11.76560 -11.76560 -11.76560 -11.76561
 -11.96535 -11.96535 -11.96535 -11.96535 -11.96536
 -12.16898 -12.16898 -12.16898 -12.16899 -12.16899
 --------------------/ IPRT= 1  / IGRD= 1  /RECOM   / Z1=49   / DATE= 26.01.98  
  -8.93225  -8.93225  -8.93225  -8.93225  -8.93225
  -9.01390  -9.01390  -9.01390  -9.01390  -9.01390
  -9.09580  -9.09580  -9.09580  -9.09580  -9.09580
  -9.17809  -9.17809  -9.17809  -9.17809  -9.17809
  -9.26090  -9.26090  -9.26090  -9.26090  -9.26090
  -9.34441  -9.34441  -9.34441  -9.34441  -9.34441
  -9.42887  -9.42887  -9.42887  -9.42887  -9.42887
  -9.51455  -9.51455  -9.51455  -9.51455  -9.51455
  -9.60178  -9.60178  -9.60178  -9.60178  -9.60178
  -9.69092  -9.69092  -9.69092  -9.69092  -9.69092
  -9.78233  -9.78233  -9.78233  -9.78233  -9.78233
  -9.87638  -9.87638  -9.87638  -9.87638  -9.87638
  -9.97342  -9.97342  -9.97342  -9.97342  -9.97342
 -10.07377 -10.07377 -10.07377 -10.07377 -10.07377
 -10.17771 -10.17771 -10.17771 -10.17771 -10.17771
 -10.28550 -10.28550 -10.28550 -10.28550 -10.28550
 -10.39669 -10.39669 -10.39669 -10.39669 -10.39669
 -10.50723 -10.50723 -10.50723 -10.50723 -10.50723
 -10.60923 -10.60923 -10.60923 -10.60923 -10.60923
 -10.70179 -10.70179 -10.70179 -10.70179 -10.70179
 -10.79604 -10.79604 -10.79604 -10.79603 -10.79603
 -10.90384 -10.90384 -10.90384 -10.90385 -10.90385
 -11.02995 -11.02995 -11.02995 -11.02995 -11.02995
 -11.17332 -11.17332 -11.17332 -11.17332 -11.17332
 -11.33070 -11.33070 -11.33070 -11.33070 -11.33070
 -11.49880 -11.49880 -11.49880 -11.49880 -11.49880
 -11.67495 -11.67495 -11.67495 -11.67496 -11.67496
 -11.85735 -11.85735 -11.85735 -11.85735 -11.85735
 -12.04480 -12.04480 -12.04480 -12.04480 -12.04480
 -12.23648 -12.23648 -12.23648 -12.23648 -12.23648
 --------------------/ IPRT= 1  / IGRD= 1  /RECOM   / Z1=50   / DATE= 26.01.98  
  -8.90409  -8.90409  -8.90409  -8.90409  -8.90409
  -8.98569  -8.98569  -8.98569  -8.98569  -8.98569
  -9.06755  -9.06755  -9.06755  -9.06755  -9.06755
  -9.14976  -9.14976  -9.14976  -9.14976  -9.14976
  -9.23246  -9.23246  -9.23246  -9.23246  -9.23246
  -9.31584  -9.31584  -9.31584  -9.31584  -9.31584
  -9.40010  -9.40010  -9.40010  -9.40010  -9.40010
  -9.48552  -9.48552  -9.48552  -9.48552  -9.48552
  -9.57243  -9.57243  -9.57243  -9.57243  -9.57243
  -9.66115  -9.66115  -9.66115  -9.66115  -9.66115
  -9.75206  -9.75206  -9.75206  -9.75206  -9.75206
  -9.84549  -9.84549  -9.84549  -9.84549  -9.84549
  -9.94180  -9.94180  -9.94180  -9.94180  -9.94180
 -10.04130 -10.04130 -10.04130 -10.04130 -10.04130
 -10.14426 -10.14426 -10.14426 -10.14426 -10.14426
 -10.25094 -10.25094 -10.25094 -10.25094 -10.25094
 -10.36087 -10.36087 -10.36087 -10.36087 -10.36087
 -10.46917 -10.46917 -10.46917 -10.46917 -10.46917
 -10.56438 -10.56438 -10.56438 -10.56438 -10.56438
 -10.64333 -10.64333 -10.64333 -10.64333 -10.64333
 -10.72103 -10.72103 -10.72103 -10.72103 -10.72104
 -10.81469 -10.81469 -10.81469 -10.81469 -10.81469
 -10.93119 -10.93119 -10.93119 -10.93119 -10.93119
 -11.06927 -11.06927 -11.06927 -11.06927 -11.06928
 -11.22464 -11.22464 -11.22464 -11.22464 -11.22464
 -11.39284 -11.39284 -11.39285 -11.39286 -11.39286
 -11.57039 -11.57039 -11.57039 -11.57039 -11.57039
 -11.75479 -11.75479 -11.75479 -11.75479 -11.75479
 -11.94446 -11.94446 -11.94446 -11.94446 -11.94446
 -12.13833 -12.13833 -12.13833 -12.13833 -12.13833
 --------------------/ IPRT= 1  / IGRD= 1  /RECOM   / Z1=51   / DATE= 26.01.98  
  -8.87653  -8.87653  -8.87653  -8.87653  -8.87653
  -8.95810  -8.95810  -8.95810  -8.95810  -8.95810
  -9.03990  -9.03990  -9.03990  -9.03990  -9.03990
  -9.12205  -9.12205  -9.12205  -9.12205  -9.12205
  -9.20465  -9.20465  -9.20465  -9.20465  -9.20465
  -9.28789  -9.28789  -9.28789  -9.28789  -9.28789
  -9.37197  -9.37197  -9.37197  -9.37197  -9.37197
  -9.45716  -9.45716  -9.45716  -9.45716  -9.45716
  -9.54377  -9.54377  -9.54377  -9.54377  -9.54377
  -9.63210  -9.63210  -9.63210  -9.63210  -9.63210
  -9.72253  -9.72253  -9.72253  -9.72253  -9.72253
  -9.81539  -9.81539  -9.81539  -9.81539  -9.81539
  -9.91102  -9.91103  -9.91103  -9.91102  -9.91102
 -10.00972 -10.00972 -10.00972 -10.00972 -10.00972
 -10.11175 -10.11175 -10.11175 -10.11175 -10.11175
 -10.21739 -10.21739 -10.21739 -10.21739 -10.21739
 -10.32666 -10.32666 -10.32666 -10.32666 -10.32666
 -10.43827 -10.43827 -10.43827 -10.43827 -10.43827
 -10.54881 -10.54882 -10.54882 -10.54882 -10.54882
 -10.65670 -10.65670 -10.65670 -10.65670 -10.65670
 -10.76618 -10.76618 -10.76618 -10.76618 -10.76618
 -10.88364 -10.88364 -10.88364 -10.88364 -10.88364
 -11.01271 -11.01271 -11.01271 -11.01271 -11.01271
 -11.15370 -11.15370 -11.15370 -11.15370 -11.15370
 -11.30515 -11.30515 -11.30515 -11.30515 -11.30515
 -11.46533 -11.46533 -11.46533 -11.46533 -11.46533
 -11.63269 -11.63269 -11.63269 -11.63269 -11.63269
 -11.80619 -11.80619 -11.80619 -11.80619 -11.80619
 -11.98510 -11.98510 -11.98510 -11.98510 -11.98510
 -12.16884 -12.16884 -12.16884 -12.16884 -12.16884
 --------------------/ IPRT= 1  / IGRD= 1  /RECOM   / Z1=52   / DATE= 26.01.98  
  -8.84955  -8.84955  -8.84955  -8.84955  -8.84955
  -8.93109  -8.93108  -8.93108  -8.93108  -8.93109
  -9.01285  -9.01285  -9.01285  -9.01285  -9.01285
  -9.09493  -9.09493  -9.09493  -9.09493  -9.09493
  -9.17743  -9.17743  -9.17743  -9.17743  -9.17743
  -9.26056  -9.26056  -9.26056  -9.26056  -9.26056
  -9.34448  -9.34448  -9.34448  -9.34448  -9.34448
  -9.42945  -9.42945  -9.42945  -9.42945  -9.42945
  -9.51576  -9.51576  -9.51576  -9.51576  -9.51576
  -9.60375  -9.60375  -9.60375  -9.60375  -9.60375
  -9.69373  -9.69373  -9.69373  -9.69373  -9.69373
  -9.78605  -9.78605  -9.78605  -9.78605  -9.78605
  -9.88105  -9.88105  -9.88105  -9.88105  -9.88105
  -9.97900  -9.97900  -9.97900  -9.97900  -9.97900
 -10.08018 -10.08018 -10.08018 -10.08018 -10.08018
 -10.18486 -10.18486 -10.18486 -10.18486 -10.18486
 -10.29325 -10.29325 -10.29325 -10.29325 -10.29325
 -10.40561 -10.40561 -10.40561 -10.40561 -10.40561
 -10.52222 -10.52222 -10.52222 -10.52222 -10.52222
 -10.64333 -10.64333 -10.64333 -10.64333 -10.64333
 -10.76924 -10.76924 -10.76924 -10.76924 -10.76924
 -10.89986 -10.89986 -10.89986 -10.89986 -10.89987
 -11.03356 -11.03356 -11.03356 -11.03356 -11.03356
 -11.16747 -11.16747 -11.16747 -11.16747 -11.16747
 -11.30138 -11.30138 -11.30138 -11.30138 -11.30138
 -11.43922 -11.43922 -11.43922 -11.43922 -11.43922
 -11.58553 -11.58553 -11.58553 -11.58553 -11.58553
 -11.74255 -11.74255 -11.74255 -11.74256 -11.74256
 -11.91017 -11.91017 -11.91017 -11.91017 -11.91017
 -12.08701 -12.08701 -12.08701 -12.08701 -12.08701
 --------------------/ IPRT= 1  / IGRD= 1  /RECOM   / Z1=53   / DATE= 26.01.98  
  -8.76566  -8.76566  -8.76566  -8.76566  -8.76566
  -8.84707  -8.84707  -8.84707  -8.84707  -8.84707
  -8.92866  -8.92866  -8.92866  -8.92866  -8.92866
  -9.01048  -9.01048  -9.01048  -9.01048  -9.01048
  -9.09264  -9.09264  -9.09264  -9.09264  -9.09264
  -9.17527  -9.17527  -9.17527  -9.17527  -9.17527
  -9.25853  -9.25853  -9.25853  -9.25853  -9.25853
  -9.34260  -9.34260  -9.34260  -9.34260  -9.34260
  -9.42773  -9.42773  -9.42773  -9.42773  -9.42773
  -9.51418  -9.51418  -9.51418  -9.51418  -9.51418
  -9.60224  -9.60224  -9.60224  -9.60224  -9.60224
  -9.69216  -9.69216  -9.69216  -9.69216  -9.69216
  -9.78422  -9.78422  -9.78422  -9.78422  -9.78422
  -9.87866  -9.87866  -9.87866  -9.87866  -9.87866
  -9.97565  -9.97565  -9.97565  -9.97565  -9.97565
 -10.07541 -10.07541 -10.07541 -10.07541 -10.07541
 -10.17804 -10.17803 -10.17803 -10.17803 -10.17804
 -10.28371 -10.28371 -10.28371 -10.28371 -10.28371
 -10.39255 -10.39255 -10.39255 -10.39255 -10.39255
 -10.50470 -10.50470 -10.50470 -10.50470 -10.50470
 -10.62033 -10.62033 -10.62033 -10.62033 -10.62033
 -10.73957 -10.73957 -10.73957 -10.73957 -10.73957
 -10.86220 -10.86220 -10.86220 -10.86220 -10.86220
 -10.98782 -10.98782 -10.98782 -10.98782 -10.98782
 -11.11667 -11.11667 -11.11667 -11.11667 -11.11667
 -11.24989 -11.24989 -11.24989 -11.24989 -11.24989
 -11.38873 -11.38873 -11.38873 -11.38873 -11.38873
 -11.53392 -11.53392 -11.53392 -11.53392 -11.53392
 -11.68563 -11.68563 -11.68563 -11.68563 -11.68563
 -11.84365 -11.84365 -11.84365 -11.84365 -11.84365
 --------------------/ IPRT= 1  / IGRD= 1  /RECOM   / Z1=54   / DATE= 26.01.98  
  -8.68606  -8.68606  -8.68606  -8.68606  -8.68606
  -8.76740  -8.76740  -8.76740  -8.76740  -8.76740
  -8.84890  -8.84890  -8.84890  -8.84890  -8.84890
  -8.93059  -8.93059  -8.93059  -8.93059  -8.93059
  -9.01256  -9.01256  -9.01256  -9.01256  -9.01256
  -9.09493  -9.09493  -9.09493  -9.09493  -9.09493
  -9.17782  -9.17782  -9.17782  -9.17782  -9.17782
  -9.26139  -9.26139  -9.26139  -9.26139  -9.26139
  -9.34586  -9.34586  -9.34586  -9.34586  -9.34586
  -9.43145  -9.43144  -9.43144  -9.43145  -9.43145
  -9.51837  -9.51837  -9.51837  -9.51837  -9.51837
  -9.60687  -9.60687  -9.60687  -9.60687  -9.60687
  -9.69717  -9.69717  -9.69717  -9.69717  -9.69717
  -9.78944  -9.78944  -9.78944  -9.78944  -9.78944
  -9.88385  -9.88385  -9.88385  -9.88385  -9.88385
  -9.98052  -9.98052  -9.98052  -9.98052  -9.98052
 -10.07956 -10.07956 -10.07956 -10.07956 -10.07956
 -10.18106 -10.18106 -10.18106 -10.18106 -10.18106
 -10.28512 -10.28512 -10.28512 -10.28512 -10.28512
 -10.39184 -10.39184 -10.39184 -10.39184 -10.39184
 -10.50138 -10.50137 -10.50137 -10.50137 -10.50138
 -10.61393 -10.61393 -10.61393 -10.61393 -10.61393
 -10.72976 -10.72976 -10.72976 -10.72976 -10.72976
 -10.84917 -10.84917 -10.84917 -10.84917 -10.84917
 -10.97257 -10.97257 -10.97257 -10.97257 -10.97257
 -11.10041 -11.10041 -11.10041 -11.10041 -11.10041
 -11.23314 -11.23314 -11.23314 -11.23314 -11.23314
 -11.37123 -11.37123 -11.37123 -11.37123 -11.37123
 -11.51510 -11.51510 -11.51510 -11.51510 -11.51510
 -11.66500 -11.66500 -11.66500 -11.66500 -11.66500
