    6    5   30    1    6     /CARBON             /DICKSON ET AL 1992          
================================================================================
    4    2    2    1    2    1    1                                             
================================================================================
  11.00000  12.00000  13.00000  14.00000  15.00000
   0.00000   0.13793   0.27586   0.41379   0.55172   0.68966   0.82759   0.96552
   1.10345   1.24138   1.37931   1.51724   1.65517   1.79310   1.93103   2.06897
   2.20690   2.34483   2.48276   2.62069   2.75862   2.89655   3.03448   3.17241
   3.31034   3.44828   3.58621   3.72414   3.86207   4.00000
---------------------/ IPRT= 1  / IGRD= 1  /--------/ Z1= 1   / DATE= 16/11/93  
 -12.58331 -12.49792 -12.34992 -12.10832 -11.73933
 -12.66494 -12.63496 -12.56086 -12.39556 -12.08433
 -12.63814 -12.67751 -12.69001 -12.61264 -12.37037
 -12.49479 -12.61581 -12.73079 -12.75860 -12.60152
 -12.30974 -12.50831 -12.72439 -12.85899 -12.79183
 -12.16741 -12.42130 -12.71757 -12.94247 -12.95647
 -12.10714 -12.38970 -12.73824 -13.02891 -13.10811
 -12.11226 -12.40956 -12.79117 -13.12751 -13.25646
 -12.16553 -12.47314 -12.87610 -13.24284 -13.40795
 -12.25632 -12.57089 -12.98637 -13.37201 -13.56297
 -12.37569 -12.69380 -13.11519 -13.51167 -13.72134
 -12.51651 -12.83552 -13.25830 -13.66017 -13.88356
 -12.67216 -12.99038 -13.41211 -13.81642 -14.05035
 -12.83731 -13.15342 -13.57249 -13.97749 -14.22016
 -13.00957 -13.32135 -13.73405 -14.13610 -14.38602
 -13.18921 -13.49447 -13.89665 -14.29156 -14.54700
 -13.38144 -13.68193 -14.07613 -14.46517 -14.72348
 -13.58710 -13.88713 -14.28059 -14.66906 -14.92761
 -13.79521 -14.09566 -14.48984 -14.87885 -15.13716
 -14.00164 -14.30194 -14.69586 -15.08466 -15.34306
 -14.20855 -14.50885 -14.90277 -15.29158 -15.54998
 -14.41552 -14.71585 -15.10980 -15.49865 -15.75703
 -14.62238 -14.92270 -15.31664 -15.70547 -15.96386
 -14.82928 -15.12960 -15.52354 -15.91237 -16.17076
 -15.03619 -15.33651 -15.73045 -16.11928 -16.37767
 -15.24309 -15.54340 -15.93734 -16.32617 -16.58456
 -15.44998 -15.75029 -16.14424 -16.53307 -16.79146
 -15.65687 -15.95719 -16.35113 -16.73996 -16.99835
 -15.86377 -16.16409 -16.55803 -16.94686 -17.20525
 -16.07067 -16.37099 -16.76493 -17.15376 -17.41215
---------------------/ IPRT= 2  / IGRD= 1  /--------/ Z1= 1   / DATE= 16/11/93  
 -12.91583 -12.94945 -13.03818 -13.09185 -12.99546
 -13.00492 -13.03618 -13.11909 -13.17598 -13.10739
 -13.09744 -13.12702 -13.20594 -13.26693 -13.22351
 -13.19323 -13.22214 -13.29996 -13.36699 -13.34594
 -13.29291 -13.32184 -13.40061 -13.47474 -13.47328
 -13.39721 -13.42651 -13.50710 -13.58832 -13.60369
 -13.50691 -13.53662 -13.61909 -13.70662 -13.73623
 -13.62294 -13.65292 -13.73682 -13.82954 -13.87119
 -13.74568 -13.77567 -13.86015 -13.95668 -14.00853
 -13.87451 -13.90419 -13.98821 -14.08704 -14.14751
 -14.00901 -14.03806 -14.12051 -14.22015 -14.28799
 -14.14987 -14.17807 -14.25821 -14.35769 -14.43197
 -14.29819 -14.32537 -14.40300 -14.50196 -14.58211
 -14.45225 -14.47815 -14.55290 -14.65097 -14.73681
 -14.60385 -14.62768 -14.69742 -14.79273 -14.88456
 -14.75202 -14.77294 -14.83511 -14.92518 -15.02306
 -14.92095 -14.93976 -14.99632 -15.08228 -15.18394
 -15.12442 -15.14301 -15.19906 -15.28462 -15.38663
 -15.33461 -15.35339 -15.40993 -15.49587 -15.59755
 -15.54026 -15.55899 -15.61533 -15.70114 -15.80294
 -15.74719 -15.76591 -15.82226 -15.90807 -16.00987
 -15.95428 -15.97301 -16.02940 -16.11522 -16.21700
 -16.16109 -16.17982 -16.23619 -16.32200 -16.42379
 -16.36799 -16.38672 -16.44309 -16.52891 -16.63070
 -16.57490 -16.59363 -16.65001 -16.73582 -16.83761
 -16.78180 -16.80052 -16.85690 -16.94271 -17.04450
 -16.98869 -17.00742 -17.06379 -17.14961 -17.25140
 -17.19558 -17.21431 -17.27068 -17.35650 -17.45829
 -17.40248 -17.42121 -17.47758 -17.56340 -17.66519
 -17.60938 -17.62811 -17.68448 -17.77029 -17.87209
---------------------/ IPRT= 1  / IGRD= 2  /--------/ Z1= 1   / DATE= 16/11/93  
 -12.48429 -12.47613 -12.46799 -12.37773 -12.10473
 -12.54441 -12.55603 -12.58733 -12.55250 -12.34469
 -12.57682 -12.61233 -12.66989 -12.67090 -12.51719
 -12.56322 -12.63326 -12.71671 -12.74740 -12.64339
 -12.52846 -12.63628 -12.74467 -12.80140 -12.74315
 -12.50250 -12.64234 -12.77251 -12.85282 -12.83616
 -12.50546 -12.66765 -12.81518 -12.91654 -12.93629
 -12.54550 -12.72278 -12.88310 -13.00134 -13.05042
 -12.62452 -12.81210 -12.98126 -13.11162 -13.18227
 -12.73402 -12.92887 -13.10460 -13.24407 -13.33056
 -12.86518 -13.06559 -13.24706 -13.39428 -13.49291
 -13.01325 -13.21776 -13.40408 -13.55779 -13.66577
 -13.17457 -13.38172 -13.57146 -13.73011 -13.84531
 -13.34516 -13.55361 -13.74553 -13.90792 -14.02917
 -13.52028 -13.72934 -13.92372 -14.09060 -14.21846
 -13.69853 -13.90798 -14.10602 -14.27910 -14.41461
 -13.88837 -14.09807 -14.29884 -14.47645 -14.61713
 -14.09377 -14.30349 -14.50452 -14.68255 -14.82370
 -14.30212 -14.51181 -14.71260 -14.89023 -15.03093
 -14.50846 -14.71818 -14.91905 -15.09684 -15.23771
 -14.71538 -14.92508 -15.12596 -15.30374 -15.44460
 -14.92237 -15.13206 -15.33293 -15.51068 -15.65152
 -15.12922 -15.33893 -15.53979 -15.71756 -15.85841
 -15.33611 -15.54582 -15.74669 -15.92445 -16.06530
 -15.54302 -15.75273 -15.95360 -16.13135 -16.27220
 -15.74992 -15.95962 -16.16049 -16.33825 -16.47910
 -15.95681 -16.16652 -16.36738 -16.54515 -16.68600
 -16.16371 -16.37341 -16.57428 -16.75204 -16.89289
 -16.37061 -16.58031 -16.78118 -16.95894 -17.09979
 -16.57751 -16.78720 -16.98808 -17.16584 -17.30669
---------------------/ IPRT= 2  / IGRD= 2  /--------/ Z1= 1   / DATE= 16/11/93  
 -17.78419 -17.04249 -16.13722 -15.15523 -14.19677
 -17.91888 -17.19636 -16.29836 -15.32136 -14.37922
 -18.05329 -17.34983 -16.46140 -15.49322 -14.57136
 -18.18629 -17.50153 -16.62500 -15.66935 -14.77103
 -18.31836 -17.65118 -16.78790 -15.84723 -14.97413
 -18.45014 -17.79866 -16.94886 -16.02424 -15.17631
 -18.58439 -17.94707 -17.11034 -16.20146 -15.37712
 -18.72650 -18.10365 -17.27946 -16.38468 -15.58088
 -18.88083 -18.27447 -17.46244 -16.57932 -15.79228
 -19.04929 -18.46284 -17.66321 -16.78953 -16.01597
 -19.23284 -18.67044 -17.88389 -17.01779 -16.25502
 -19.43023 -18.89502 -18.12193 -17.26184 -16.50755
 -19.63975 -19.13335 -18.37363 -17.51812 -16.77033
 -19.85887 -19.38295 -18.63733 -17.78639 -17.04470
 -20.08326 -19.64321 -18.91630 -18.07406 -17.34280
 -20.30742 -19.90738 -19.20414 -18.37616 -17.66125
 -20.52460 -20.15085 -19.46408 -18.64695 -17.94435
 -20.73241 -20.36104 -19.67581 -18.85971 -18.15827
 -20.93843 -20.56477 -19.87809 -19.06102 -18.35847
 -21.14565 -20.77285 -20.08671 -19.27000 -18.56787
 -21.35254 -20.97973 -20.29356 -19.47685 -18.77470
 -21.55938 -21.18644 -20.50019 -19.68342 -18.98122
 -21.76630 -21.39342 -20.70721 -19.89047 -19.18830
 -21.97319 -21.60031 -20.91409 -20.09735 -19.39517
 -22.18010 -21.80720 -21.12098 -20.30423 -19.60205
 -22.38700 -22.01410 -21.32789 -20.51114 -19.80896
 -22.59389 -22.22099 -21.53478 -20.71803 -20.01585
 -22.80079 -22.42789 -21.74167 -20.92492 -20.22274
 -23.00768 -22.63479 -21.94857 -21.13182 -20.42964
 -23.21458 -22.84169 -22.15547 -21.33873 -20.63655
---------------------/ IPRT= 1  / IGRD= 3  /--------/ Z1= 1   / DATE= 16/11/93  
 -13.17798 -13.18293 -13.20765 -13.15151 -12.88962
 -13.24200 -13.26053 -13.31059 -13.29533 -13.09336
 -13.28254 -13.31970 -13.38538 -13.39445 -13.24026
 -13.28133 -13.34865 -13.43282 -13.46327 -13.35239
 -13.26035 -13.36225 -13.46634 -13.51680 -13.44566
 -13.24630 -13.37853 -13.50084 -13.57006 -13.53523
 -13.25776 -13.41208 -13.54917 -13.63538 -13.63262
 -13.30332 -13.47337 -13.62178 -13.72190 -13.74501
 -13.38563 -13.56696 -13.72371 -13.83417 -13.87627
 -13.49699 -13.68643 -13.84969 -13.96830 -14.02451
 -13.62933 -13.82466 -13.99351 -14.11929 -14.18678
 -13.77813 -13.97748 -14.15085 -14.28277 -14.35940
 -13.93985 -14.14148 -14.31788 -14.45448 -14.53853
 -14.11064 -14.31317 -14.49131 -14.63143 -14.72188
 -14.28603 -14.48899 -14.66922 -14.81360 -14.91093
 -14.46476 -14.66834 -14.85200 -15.00228 -15.10731
 -14.65498 -14.85908 -15.04541 -15.20000 -15.31015
 -14.86041 -15.06456 -15.25115 -15.40615 -15.51677
 -15.06873 -15.27282 -15.45917 -15.61378 -15.72396
 -15.27510 -15.47920 -15.66564 -15.82040 -15.93073
 -15.48200 -15.68611 -15.87255 -16.02731 -16.13763
 -15.68898 -15.89309 -16.07951 -16.23425 -16.34455
 -15.89584 -16.09995 -16.28638 -16.44113 -16.55144
 -16.10274 -16.30684 -16.49327 -16.64802 -16.75834
 -16.30964 -16.51375 -16.70018 -16.85493 -16.96524
 -16.51654 -16.72065 -16.90708 -17.06182 -17.17214
 -16.72344 -16.92754 -17.11397 -17.26871 -17.37903
 -16.93033 -17.13443 -17.32086 -17.47561 -17.58592
 -17.13723 -17.34133 -17.52776 -17.68251 -17.79282
 -17.34413 -17.54824 -17.73466 -17.88940 -17.99972
---------------------/ IPRT= 2  / IGRD= 3  /--------/ Z1= 1   / DATE= 16/11/93  
 -18.83600 -18.08732 -17.21237 -16.28336 -15.37840
 -18.95922 -18.22782 -17.36410 -16.44665 -15.56247
 -19.08571 -18.37217 -17.52105 -16.61671 -15.75430
 -19.21515 -18.51967 -17.68213 -16.79185 -15.95121
 -19.34726 -18.66923 -17.84507 -16.96860 -16.14858
 -19.48180 -18.81964 -18.00757 -17.14336 -16.34158
 -19.61995 -18.97218 -18.17046 -17.31637 -16.52999
 -19.76485 -19.13115 -18.33868 -17.49284 -16.71930
 -19.91929 -19.30068 -18.51711 -17.67803 -16.91523
 -20.08524 -19.48425 -18.71004 -17.87676 -17.12331
 -20.26393 -19.68394 -18.92023 -18.09228 -17.34739
 -20.45428 -19.89790 -19.14568 -18.32295 -17.58612
 -20.65473 -20.12319 -19.38323 -18.56590 -17.83676
 -20.86301 -20.35769 -19.63147 -18.82091 -18.10044
 -21.07530 -20.60110 -19.89329 -19.09412 -18.38737
 -21.28771 -20.84862 -20.16370 -19.38101 -18.69384
 -21.49778 -21.08189 -20.41275 -19.64207 -18.96913
 -21.70495 -21.29118 -20.62350 -19.85395 -19.18233
 -21.91158 -21.49578 -20.82672 -20.05610 -19.38322
 -22.11857 -21.70353 -21.03500 -20.26476 -19.59236
 -22.32546 -21.91042 -21.24186 -20.47161 -19.79921
 -22.53235 -22.11719 -21.44854 -20.67824 -20.00575
 -22.73927 -22.32414 -21.65554 -20.88527 -20.21282
 -22.94615 -22.53102 -21.86242 -21.09214 -20.41969
 -23.15305 -22.73792 -22.06931 -21.29903 -20.62658
 -23.35995 -22.94482 -22.27621 -21.50594 -20.83348
 -23.56684 -23.15171 -22.48311 -21.71283 -21.04037
 -23.77373 -23.35861 -22.69000 -21.91972 -21.24727
 -23.98063 -23.56551 -22.89690 -22.12662 -21.45417
 -24.18753 -23.77241 -23.10379 -22.33353 -21.66107
---------------------/ IPRT= 1  / IGRD= 4  /--------/ Z1= 1   / DATE= 16/11/93  
 -19.09387 -17.88461 -16.57060 -15.22319 -13.90796
 -19.25459 -18.10629 -16.85480 -15.56429 -14.29166
 -19.27575 -18.20445 -17.04572 -15.84745 -14.64579
 -19.14587 -18.16405 -17.13150 -16.06709 -14.96916
 -18.96404 -18.06879 -17.16932 -16.25080 -15.26721
 -18.84213 -18.01381 -17.22441 -16.43008 -15.54616
 -18.82989 -18.04524 -17.33136 -16.62465 -15.81379
 -18.89996 -18.14848 -17.48689 -16.83983 -16.08008
 -19.02762 -18.30877 -17.68637 -17.07952 -16.35412
 -19.20416 -18.51962 -17.92785 -17.34705 -16.64309
 -19.42188 -18.77407 -18.20760 -17.64301 -16.95103
 -19.66834 -19.05901 -18.51430 -17.95922 -17.27272
 -19.92976 -19.35958 -18.83451 -18.28514 -17.60035
 -20.20242 -19.67393 -19.16816 -18.62230 -17.93682
 -20.50634 -20.03053 -19.54649 -19.00073 -18.31009
 -20.84276 -20.43027 -19.96990 -19.42044 -18.71980
 -21.14141 -20.77199 -20.32706 -19.77399 -19.06550
 -21.35686 -20.99138 -20.54785 -19.99442 -19.28520
 -21.55563 -21.18638 -20.74151 -20.18842 -19.47990
 -21.76556 -21.39772 -20.95336 -20.40014 -19.69135
 -21.97239 -21.60452 -21.16014 -20.60693 -19.89814
 -22.17881 -21.81073 -21.36626 -20.81307 -20.10433
 -22.38593 -22.01795 -21.57352 -21.02032 -20.31157
 -22.59280 -22.22481 -21.78038 -21.22717 -20.51841
 -22.79968 -22.43167 -21.98723 -21.43404 -20.72528
 -23.00659 -22.63858 -22.19416 -21.64096 -20.93221
 -23.21348 -22.84547 -22.40105 -21.84784 -21.13909
 -23.42037 -23.05237 -22.60794 -22.05474 -21.34598
 -23.62727 -23.25927 -22.81484 -22.26164 -21.55288
 -23.83417 -23.46617 -23.02174 -22.46853 -21.75979
---------------------/ IPRT= 2  / IGRD= 4  /--------/ Z1= 1   / DATE= 16/11/93  
 -13.08645 -13.04467 -12.90635 -12.64303 -12.22903
 -13.16875 -13.14642 -13.05459 -12.85267 -12.49791
 -13.25486 -13.24687 -13.19028 -13.03717 -12.73402
 -13.34541 -13.34790 -13.31764 -13.20305 -12.94478
 -13.44063 -13.45037 -13.43889 -13.35410 -13.13497
 -13.54069 -13.55499 -13.55602 -13.49374 -13.30900
 -13.64591 -13.66260 -13.67105 -13.62537 -13.47095
 -13.75692 -13.77423 -13.78617 -13.75237 -13.62464
 -13.87379 -13.89043 -13.90299 -13.87746 -13.77323
 -13.99551 -14.01081 -14.02212 -14.00218 -13.91867
 -14.12160 -14.13541 -14.14437 -14.12817 -14.06299
 -14.25365 -14.26587 -14.27183 -14.25799 -14.20887
 -14.39393 -14.40438 -14.40702 -14.39457 -14.35925
 -14.54084 -14.54927 -14.54836 -14.53662 -14.51351
 -14.68394 -14.68998 -14.68473 -14.67315 -14.66264
 -14.82152 -14.82494 -14.81471 -14.80287 -14.80567
 -14.98308 -14.98482 -14.97125 -14.95911 -14.97053
 -15.18586 -15.18744 -15.17357 -15.16140 -15.17360
 -15.39670 -15.39843 -15.38484 -15.37270 -15.38416
 -15.60211 -15.60379 -15.59009 -15.57794 -15.58969
 -15.80904 -15.81072 -15.79703 -15.78489 -15.79661
 -16.01618 -16.01786 -16.00419 -15.99204 -16.00373
 -16.22297 -16.22464 -16.21097 -16.19882 -16.21052
 -16.42987 -16.43155 -16.41787 -16.40573 -16.41743
 -16.63678 -16.63847 -16.62478 -16.61264 -16.62434
 -16.84368 -16.84536 -16.83168 -16.81953 -16.83123
 -17.05057 -17.05225 -17.03857 -17.02642 -17.03813
 -17.25746 -17.25914 -17.24546 -17.23332 -17.24502
 -17.46436 -17.46604 -17.45236 -17.44022 -17.45192
 -17.67126 -17.67294 -17.65927 -17.64712 -17.65882
---------------------/ IPRT= 1  / IGRD= 1  /--------/ Z1= 2   / DATE= 16/11/93  
 -11.38503 -11.33856 -11.21921 -10.95333 -10.48043
 -11.44473 -11.42788 -11.36082 -11.18024 -10.83008
 -11.45793 -11.46566 -11.44091 -11.33838 -11.11259
 -11.42799 -11.46197 -11.47565 -11.44485 -11.33755
 -11.37855 -11.44080 -11.49237 -11.52662 -11.52295
 -11.33463 -11.42579 -11.51548 -11.60681 -11.68517
 -11.31860 -11.43509 -11.55822 -11.69517 -11.83359
 -11.34773 -11.48220 -11.62924 -11.79760 -11.97582
 -11.41917 -11.56510 -11.72749 -11.91546 -12.11788
 -11.52287 -11.67620 -11.84845 -12.04851 -12.26527
 -11.64986 -11.80832 -11.98724 -12.19514 -12.42092
 -11.79380 -11.95501 -12.13741 -12.34913 -12.57926
 -11.94929 -12.11041 -12.29258 -12.50370 -12.73320
 -12.11218 -12.27059 -12.44902 -12.65532 -12.87968
 -12.27907 -12.43266 -12.60432 -12.80216 -13.01755
 -12.44859 -12.59585 -12.75856 -12.94533 -13.14906
 -12.62156 -12.76175 -12.91470 -13.08950 -13.28057
 -12.79732 -12.93020 -13.07344 -13.23643 -13.41492
 -12.96536 -13.08906 -13.22044 -13.36890 -13.53153
 -13.12307 -13.23559 -13.35267 -13.48338 -13.62628
 -13.28349 -13.38583 -13.48986 -13.60423 -13.72877
 -13.47575 -13.57492 -13.67489 -13.78416 -13.90296
 -13.68707 -13.78720 -13.88839 -13.99920 -14.11974
 -13.89343 -13.99346 -14.09451 -14.20513 -14.32545
 -14.09979 -14.19969 -14.30059 -14.41102 -14.53113
 -14.30702 -14.40699 -14.50799 -14.61853 -14.73877
 -14.51385 -14.61381 -14.71478 -14.82531 -14.94552
 -14.72071 -14.82067 -14.92164 -15.03215 -15.15235
 -14.92764 -15.02759 -15.12856 -15.23909 -15.35930
 -15.13453 -15.23449 -15.33546 -15.44598 -15.56619
---------------------/ IPRT= 2  / IGRD= 1  /--------/ Z1= 2   / DATE= 16/11/93  
 -11.85404 -11.82918 -11.81189 -11.83575 -11.89650
 -11.97937 -11.94400 -11.92052 -11.95853 -12.06695
 -12.10019 -12.05627 -12.02784 -12.07761 -12.22558
 -12.21534 -12.16605 -12.13476 -12.19258 -12.36732
 -12.32605 -12.27460 -12.24233 -12.30403 -12.49203
 -12.43370 -12.38283 -12.35111 -12.41287 -12.60203
 -12.53920 -12.49048 -12.46031 -12.52033 -12.70429
 -12.64330 -12.59716 -12.56904 -12.62740 -12.80539
 -12.74636 -12.70284 -12.67687 -12.73367 -12.90551
 -12.84850 -12.80761 -12.78358 -12.83815 -13.00252
 -12.95162 -12.91325 -12.89075 -12.94212 -13.09730
 -13.06307 -13.02695 -13.00570 -13.05384 -13.20011
 -13.18966 -13.15540 -13.13532 -13.18126 -13.32102
 -13.32706 -13.29436 -13.27538 -13.31980 -13.45476
 -13.46682 -13.43558 -13.41755 -13.46033 -13.59041
 -13.60690 -13.57709 -13.55990 -13.60071 -13.72527
 -13.75073 -13.72232 -13.70587 -13.74458 -13.86342
 -13.89926 -13.87225 -13.85652 -13.89312 -14.00617
 -14.03731 -14.01226 -13.99767 -14.03155 -14.13679
 -14.16160 -14.13922 -14.12627 -14.15675 -14.25179
 -14.29291 -14.27314 -14.26180 -14.28911 -14.37447
 -14.47626 -14.45731 -14.44649 -14.47280 -14.55511
 -14.69027 -14.67107 -14.66009 -14.68671 -14.76994
 -14.89632 -14.87716 -14.86618 -14.89277 -14.97589
 -15.10234 -15.08320 -15.07226 -15.09880 -15.18182
 -15.30976 -15.29061 -15.27966 -15.30622 -15.38931
 -15.51656 -15.49740 -15.48645 -15.51303 -15.59608
 -15.72342 -15.70426 -15.69331 -15.71988 -15.80293
 -15.93034 -15.91120 -15.90025 -15.92680 -16.00987
 -16.13724 -16.11809 -16.10714 -16.13370 -16.21676
---------------------/ IPRT= 1  / IGRD= 2  /--------/ Z1= 2   / DATE= 16/11/93  
 -16.70058 -15.60199 -14.46182 -13.30869 -12.16880
 -16.81239 -15.74767 -14.66130 -13.58369 -12.53951
 -16.89574 -15.85740 -14.81267 -13.80364 -12.86117
 -16.95302 -15.94297 -14.93612 -13.99010 -13.14549
 -16.99318 -16.01611 -15.04935 -14.16128 -13.39932
 -17.03042 -16.09072 -15.16849 -14.33284 -13.63097
 -17.09072 -16.18645 -15.30656 -14.51487 -13.85422
 -17.19718 -16.32011 -15.47332 -14.71460 -14.08210
 -17.34817 -16.48999 -15.66686 -14.93159 -14.31852
 -17.53327 -16.68779 -15.88107 -15.16261 -14.56420
 -17.74371 -16.90655 -16.11106 -15.40529 -14.81983
 -17.97496 -17.14302 -16.35525 -15.65933 -15.08545
 -18.22363 -17.39474 -16.61254 -15.92448 -15.36049
 -18.48610 -17.65825 -16.87938 -16.19706 -15.64121
 -18.75866 -17.92966 -17.15135 -16.47217 -15.92268
 -19.03690 -18.20501 -17.42492 -16.74661 -16.20186
 -19.31444 -18.47883 -17.69591 -17.01726 -16.47592
 -19.58800 -18.74853 -17.96260 -17.28301 -16.74389
 -19.87483 -19.03024 -18.23938 -17.55667 -17.01765
 -20.17861 -19.32740 -18.52914 -17.84053 -17.29926
 -20.47464 -19.61713 -18.81126 -18.11606 -17.57151
 -20.70937 -19.84988 -19.04153 -18.34416 -17.79847
 -20.90786 -20.04897 -19.24137 -18.54465 -17.99930
 -21.11576 -20.25678 -19.44909 -18.75231 -18.20692
 -21.32369 -20.46465 -19.65687 -18.96000 -18.41457
 -21.52997 -20.67098 -19.86325 -19.16643 -18.62101
 -21.73698 -20.87797 -20.07023 -19.37341 -18.82800
 -21.94392 -21.08491 -20.27718 -19.58034 -19.03492
 -22.15078 -21.29177 -20.48404 -19.78720 -19.24179
 -22.35769 -21.49869 -20.69095 -19.99411 -19.44870
---------------------/ IPRT= 2  / IGRD= 2  /--------/ Z1= 2   / DATE= 16/11/93  
 -11.96519 -12.04057 -12.04261 -11.80187 -11.18736
 -12.02395 -12.08063 -12.08454 -11.91049 -11.45765
 -12.08985 -12.12596 -12.12681 -12.00892 -11.70021
 -12.16284 -12.18217 -12.17996 -12.10737 -11.91605
 -12.23567 -12.24200 -12.23750 -12.20092 -12.10276
 -12.30310 -12.29966 -12.29387 -12.28561 -12.26008
 -12.36735 -12.35714 -12.35123 -12.36487 -12.39422
 -12.43285 -12.41868 -12.41387 -12.44409 -12.51324
 -12.50665 -12.49066 -12.48774 -12.53010 -12.62676
 -12.59677 -12.58028 -12.57947 -12.63029 -12.74503
 -12.70742 -12.69108 -12.69207 -12.74837 -12.87421
 -12.83055 -12.81471 -12.81709 -12.87620 -13.00736
 -12.95586 -12.94081 -12.94409 -13.00367 -13.13516
 -13.07894 -13.06490 -13.06876 -13.12687 -13.25470
 -13.19805 -13.18529 -13.18954 -13.24485 -13.36596
 -13.31489 -13.30353 -13.30803 -13.35958 -13.47200
 -13.43532 -13.42523 -13.42971 -13.47705 -13.58016
 -13.56161 -13.55250 -13.55665 -13.59965 -13.69363
 -13.67197 -13.66438 -13.66841 -13.70609 -13.78827
 -13.76157 -13.75644 -13.76095 -13.79228 -13.85932
 -13.86033 -13.85785 -13.86324 -13.88886 -13.94152
 -14.03344 -14.03183 -14.03755 -14.06140 -14.10953
 -14.25055 -14.24867 -14.25429 -14.27867 -14.32819
 -14.45623 -14.45439 -14.46002 -14.48433 -14.53368
 -14.66187 -14.66005 -14.66570 -14.68995 -14.73913
 -14.86952 -14.86769 -14.87334 -14.89762 -14.94690
 -15.07628 -15.07445 -15.08009 -15.10437 -15.15362
 -15.28312 -15.28129 -15.28693 -15.31121 -15.36046
 -15.49006 -15.48823 -15.49387 -15.51815 -15.56741
 -15.69695 -15.69512 -15.70076 -15.72504 -15.77429
---------------------/ IPRT= 1  / IGRD= 1  /--------/ Z1= 3   / DATE= 16/11/93  
 -11.50143 -11.41773 -11.24286 -10.93411 -10.44375
 -11.58540 -11.54073 -11.44653 -11.25065 -10.87884
 -11.64009 -11.63510 -11.61038 -11.50984 -11.24463
 -11.67211 -11.70543 -11.73583 -11.70919 -11.53521
 -11.70514 -11.77174 -11.84212 -11.86855 -11.76969
 -11.76094 -11.85247 -11.94727 -12.00705 -11.96675
 -11.84273 -11.95039 -12.05649 -12.13366 -12.13736
 -11.94352 -12.05973 -12.16791 -12.25193 -12.28825
 -12.05856 -12.17737 -12.28203 -12.36671 -12.42687
 -12.18514 -12.30255 -12.40135 -12.48405 -12.56118
 -12.31987 -12.43316 -12.52526 -12.60499 -12.69369
 -12.45828 -12.56490 -12.64855 -12.72325 -12.81892
 -12.59560 -12.69305 -12.76546 -12.83189 -12.93074
 -12.72169 -12.80732 -12.86545 -12.92056 -13.02013
 -12.82082 -12.89150 -12.93300 -12.97530 -13.07509
 -12.88661 -12.94014 -12.96381 -12.99294 -13.09299
 -12.92965 -12.96703 -12.97359 -12.98937 -13.08786
 -12.96109 -12.98575 -12.97737 -12.97982 -13.07366
 -12.98799 -13.00282 -12.98152 -12.97100 -13.05810
 -13.02334 -13.03020 -12.99756 -12.97491 -13.05467
 -13.05105 -13.05116 -13.00858 -12.97503 -13.04775
 -12.98272 -12.97746 -12.92671 -12.88369 -12.94913
 -12.88614 -12.87739 -12.82116 -12.77138 -12.83058
 -12.89670 -12.88650 -12.82791 -12.77502 -12.83080
 -13.06646 -13.05606 -12.99713 -12.94375 -12.99895
 -13.29525 -13.28496 -13.22624 -13.17314 -13.22869
 -13.49809 -13.48778 -13.42902 -13.37587 -13.43135
 -13.70327 -13.69295 -13.63417 -13.58100 -13.63645
 -13.91161 -13.90130 -13.84254 -13.78938 -13.84486
 -14.11814 -14.10783 -14.04906 -13.99590 -14.05138
---------------------/ IPRT= 1  / IGRD= 2  /--------/ Z1= 3   / DATE= 16/11/93  
 -11.12473 -11.02591 -10.82438 -10.48195  -9.96056
 -11.22009 -11.16401 -11.04420 -10.81291 -10.40635
 -11.27246 -11.26229 -11.21748 -11.08500 -10.78487
 -11.28996 -11.32597 -11.34567 -11.29543 -11.08982
 -11.30453 -11.38075 -11.45078 -11.46420 -11.33896
 -11.34561 -11.45049 -11.55356 -11.61060 -11.54962
 -11.41824 -11.54020 -11.66078 -11.74389 -11.73184
 -11.51406 -11.64459 -11.77163 -11.86800 -11.89184
 -11.62807 -11.76149 -11.88807 -11.98930 -12.03862
 -11.75833 -11.89146 -12.01445 -12.11622 -12.18348
 -11.90067 -12.03148 -12.14928 -12.24911 -12.32850
 -12.04758 -12.17301 -12.28250 -12.37654 -12.46230
 -12.19131 -12.30727 -12.40359 -12.48649 -12.57289
 -12.32340 -12.42566 -12.50451 -12.57186 -12.65450
 -12.43473 -12.52005 -12.57988 -12.63104 -12.70821
 -12.52112 -12.58792 -12.62967 -12.66656 -12.73802
 -12.58739 -12.63691 -12.66320 -12.68813 -12.75304
 -12.63988 -12.67553 -12.69013 -12.70562 -12.76269
 -12.68625 -12.71127 -12.71775 -12.72632 -12.77504
 -12.73934 -12.75646 -12.75786 -12.76204 -12.80300
 -12.78992 -12.80129 -12.80017 -12.80230 -12.83635
 -12.77393 -12.78098 -12.77949 -12.78129 -12.80764
 -12.74361 -12.74774 -12.74704 -12.74935 -12.76847
 -12.79994 -12.80271 -12.80279 -12.80559 -12.82045
 -12.97860 -12.98116 -12.98141 -12.98432 -12.99840
 -13.20214 -13.20483 -13.20498 -13.20782 -13.22236
 -13.40596 -13.40861 -13.40878 -13.41164 -13.42609
 -13.61154 -13.61419 -13.61436 -13.61722 -13.63164
 -13.81954 -13.82219 -13.82236 -13.82522 -13.83967
 -14.02616 -14.02881 -14.02899 -14.03185 -14.04629
---------------------/ IPRT= 1  / IGRD= 1  /--------/ Z1= 4   / DATE= 16/11/93  
 -10.93558 -10.80034 -10.53102 -10.07003  -9.42108
 -11.06730 -10.95732 -10.74185 -10.37454  -9.84060
 -11.19861 -11.11338 -10.95078 -10.67564 -10.25521
 -11.32683 -11.26314 -11.14759 -10.95546 -10.63930
 -11.44914 -11.40107 -11.32156 -11.19499 -10.96544
 -11.56575 -11.52814 -11.47400 -11.39501 -11.23318
 -11.67808 -11.64825 -11.61178 -11.56541 -11.45451
 -11.78871 -11.76595 -11.74203 -11.71631 -11.64178
 -11.90488 -11.88845 -11.87316 -11.85928 -11.80951
 -12.03250 -12.02108 -12.01125 -12.00357 -11.97028
 -12.15070 -12.14323 -12.13713 -12.13294 -12.11205
 -12.22438 -12.22067 -12.21812 -12.21750 -12.20950
 -12.23528 -12.23537 -12.23656 -12.23989 -12.24599
 -12.17956 -12.18330 -12.18760 -12.19354 -12.21234
 -12.05757 -12.06460 -12.07066 -12.07630 -12.10398
 -11.92239 -11.93213 -11.93902 -11.94270 -11.97569
 -11.84743 -11.85916 -11.86683 -11.86946 -11.90588
 -11.85907 -11.87190 -11.88043 -11.88349 -11.92199
 -11.91292 -11.92586 -11.93422 -11.93672 -11.97477
 -11.98002 -11.99229 -11.99912 -11.99896 -12.03366
 -12.05866 -12.06996 -12.07449 -12.07023 -12.09950
 -12.15373 -12.16437 -12.16674 -12.15800 -12.18091
 -12.24181 -12.25203 -12.25241 -12.23911 -12.25498
 -12.29915 -12.30878 -12.30705 -12.28912 -12.29744
 -12.34430 -12.35305 -12.34922 -12.32723 -12.32876
 -12.46253 -12.47074 -12.46578 -12.44180 -12.43995
 -12.67561 -12.68385 -12.67898 -12.65513 -12.65352
 -12.88672 -12.89498 -12.89017 -12.86642 -12.86495
 -13.09007 -13.09832 -13.09345 -13.06962 -13.06803
 -13.29787 -13.30614 -13.30128 -13.27746 -13.27590
---------------------/ IPRT= 2  / IGRD= 1  /--------/ Z1= 4   / DATE= 16/11/93  
 -11.49142 -11.47206 -11.44219 -11.39280 -11.27210
 -11.59683 -11.58027 -11.55313 -11.50696 -11.39967
 -11.70235 -11.68860 -11.66421 -11.62124 -11.52738
 -11.80786 -11.79694 -11.77528 -11.73550 -11.65509
 -11.91414 -11.90599 -11.88706 -11.85049 -11.78337
 -12.02726 -12.02168 -12.00530 -11.97179 -11.91681
 -12.15582 -12.15224 -12.13808 -12.10737 -12.06186
 -12.30602 -12.30365 -12.29117 -12.26287 -12.22325
 -12.47346 -12.47145 -12.46001 -12.43386 -12.39788
 -12.65045 -12.64802 -12.63698 -12.61288 -12.58032
 -12.83370 -12.83058 -12.81981 -12.79787 -12.76896
 -13.02224 -13.01896 -13.00903 -12.98955 -12.96422
 -13.21537 -13.21251 -13.20401 -13.18723 -13.16519
 -13.41253 -13.41024 -13.40316 -13.38892 -13.36984
 -13.61319 -13.61108 -13.60490 -13.59264 -13.57618
 -13.81595 -13.81363 -13.80780 -13.79699 -13.78282
 -14.01913 -14.01646 -14.01076 -14.00108 -13.98896
 -14.22176 -14.21885 -14.21333 -14.20459 -14.19424
 -14.42393 -14.42110 -14.41599 -14.40802 -14.39908
 -14.62594 -14.62354 -14.61903 -14.61162 -14.60365
 -14.82830 -14.82644 -14.82243 -14.81528 -14.80783
 -15.03174 -15.03015 -15.02620 -15.01884 -15.01150
 -15.23543 -15.23396 -15.22974 -15.22170 -15.21404
 -15.43816 -15.43698 -15.43253 -15.42352 -15.41510
 -15.64018 -15.63955 -15.63515 -15.62520 -15.61584
 -15.84429 -15.84402 -15.83974 -15.82932 -15.81943
 -16.05138 -16.05109 -16.04679 -16.03641 -16.02656
 -16.25840 -16.25809 -16.25380 -16.24343 -16.23361
 -16.46519 -16.46489 -16.46061 -16.45022 -16.44037
 -16.67212 -16.67182 -16.66753 -16.65714 -16.64730
---------------------/ IPRT= 1  / IGRD= 1  /--------/ Z1= 5   / DATE= 16/11/93  
 -11.16941 -11.10342 -10.95223 -10.64495 -10.13110
 -11.28235 -11.22205 -11.08715 -10.81716 -10.36655
 -11.39543 -11.34082 -11.22224 -10.98957 -10.60229
 -11.50851 -11.45959 -11.35731 -11.16197 -10.83802
 -11.62156 -11.57835 -11.49238 -11.33436 -11.07372
 -11.73462 -11.69710 -11.62742 -11.50670 -11.30933
 -11.84655 -11.81465 -11.76075 -11.67574 -11.53889
 -11.95500 -11.92849 -11.88864 -11.83433 -11.74927
 -12.05774 -12.03625 -12.00755 -11.97544 -11.92738
 -12.16197 -12.14471 -12.12382 -12.10514 -12.07912
 -12.28377 -12.26937 -12.25330 -12.24201 -12.22838
 -12.40557 -12.39339 -12.38096 -12.37510 -12.37076
 -12.45961 -12.45166 -12.44579 -12.44935 -12.45925
 -12.40700 -12.40663 -12.41225 -12.43209 -12.46503
 -12.28794 -12.29625 -12.31495 -12.35313 -12.41164
 -12.15770 -12.17275 -12.20168 -12.25391 -12.33212
 -12.05935 -12.07797 -12.11238 -12.17180 -12.26052
 -12.01739 -12.03745 -12.07414 -12.13646 -12.22997
 -12.04096 -12.06152 -12.09904 -12.16263 -12.25873
 -12.11793 -12.13857 -12.17630 -12.24056 -12.33839
 -12.22717 -12.24751 -12.28495 -12.34924 -12.44777
 -12.36070 -12.38048 -12.41733 -12.48123 -12.57976
 -12.51396 -12.53302 -12.56911 -12.63245 -12.73075
 -12.68173 -12.69999 -12.73515 -12.79780 -12.89577
 -12.85686 -12.87409 -12.90805 -12.96966 -13.06678
 -13.03713 -13.05322 -13.08583 -13.14614 -13.24189
 -13.22625 -13.24147 -13.27305 -13.33229 -13.42675
 -13.43015 -13.44521 -13.47662 -13.53566 -13.62988
 -13.63875 -13.65390 -13.68541 -13.74455 -13.83891
 -13.84521 -13.86033 -13.89182 -13.95093 -14.04525
---------------------/ IPRT= 1  / IGRD= 2  /--------/ Z1= 5   / DATE= 16/11/93  
 -10.91573 -10.84883 -10.69332 -10.38061  -9.85505
 -11.03109 -10.97031 -10.83212 -10.55782 -10.09729
 -11.14657 -11.09195 -10.97108 -10.73523 -10.33983
 -11.26206 -11.21358 -11.11005 -10.91264 -10.58236
 -11.37755 -11.33519 -11.24899 -11.09003 -10.82485
 -11.49303 -11.45682 -11.38793 -11.26739 -11.06727
 -11.60801 -11.57782 -11.52562 -11.44177 -11.30378
 -11.72143 -11.69693 -11.65938 -11.60676 -11.52157
 -11.83235 -11.81296 -11.78661 -11.75597 -11.70778
 -11.94529 -11.93027 -11.91155 -11.89352 -11.86635
 -12.06997 -12.05854 -12.04493 -12.03345 -12.01701
 -12.19677 -12.18836 -12.17858 -12.17105 -12.16083
 -12.28721 -12.28185 -12.27622 -12.27342 -12.27064
 -12.31604 -12.31414 -12.31382 -12.31837 -12.32733
 -12.29549 -12.29709 -12.30241 -12.31514 -12.33731
 -12.24415 -12.24887 -12.25891 -12.27810 -12.31092
 -12.18933 -12.19649 -12.20980 -12.23253 -12.27141
 -12.16786 -12.17683 -12.19214 -12.21612 -12.25722
 -12.20252 -12.21277 -12.22919 -12.25299 -12.29375
 -12.28727 -12.29839 -12.31533 -12.33827 -12.37737
 -12.40148 -12.41316 -12.43029 -12.45214 -12.48919
 -12.53828 -12.55028 -12.56735 -12.58801 -12.62294
 -12.69379 -12.70594 -12.72274 -12.74217 -12.77502
 -12.86321 -12.87538 -12.89175 -12.90986 -12.94053
 -13.03981 -13.05195 -13.06777 -13.08427 -13.11221
 -13.22149 -13.23358 -13.24883 -13.26361 -13.28846
 -13.41162 -13.42369 -13.43854 -13.45204 -13.47448
 -13.61569 -13.62776 -13.64255 -13.65581 -13.67783
 -13.82419 -13.83626 -13.85109 -13.86447 -13.88673
 -14.03068 -14.04274 -14.05756 -14.07091 -14.09311
---------------------/ IPRT= 1  / IGRD= 1  /--------/ Z1= 6   / DATE= 16/11/93  
 -10.48782 -10.43347 -10.32367 -10.08425  -9.64157
 -10.59112 -10.54144 -10.44170 -10.22672  -9.83154
 -10.69456 -10.64954 -10.55988 -10.36936 -10.02172
 -10.79798 -10.75763 -10.67805 -10.51200 -10.21190
 -10.90141 -10.86572 -10.79621 -10.65463 -10.40207
 -11.00484 -10.97382 -10.91439 -10.79727 -10.59226
 -11.10826 -11.08191 -11.03254 -10.93989 -10.78240
 -11.21149 -11.18972 -11.15020 -11.08127 -10.96969
 -11.31395 -11.29644 -11.26591 -11.21778 -11.14583
 -11.41504 -11.40124 -11.37811 -11.34562 -11.30206
 -11.51493 -11.50428 -11.48693 -11.46446 -11.43709
 -11.61492 -11.60720 -11.59474 -11.57897 -11.56032
 -11.71613 -11.71130 -11.70331 -11.69269 -11.67925
 -11.81921 -11.81679 -11.81244 -11.80557 -11.79518
 -11.92461 -11.92381 -11.92189 -11.91741 -11.90877
 -12.03235 -12.03253 -12.03210 -12.02908 -12.02147
 -12.14228 -12.14310 -12.14369 -12.14171 -12.13493
 -12.25471 -12.25605 -12.25750 -12.25652 -12.25076
 -12.37162 -12.37337 -12.37557 -12.37556 -12.37092
 -12.49308 -12.49511 -12.49786 -12.49870 -12.49524
 -12.61662 -12.61872 -12.62177 -12.62331 -12.62110
 -12.73828 -12.74025 -12.74327 -12.74531 -12.74455
 -12.85863 -12.86032 -12.86305 -12.86545 -12.86622
 -12.98233 -12.98368 -12.98604 -12.98869 -12.99091
 -13.11267 -13.11371 -13.11576 -13.11861 -13.12204
 -13.22491 -13.22556 -13.22720 -13.23028 -13.23521
 -13.31717 -13.31733 -13.31841 -13.32177 -13.32860
 -13.43674 -13.43650 -13.43712 -13.44070 -13.44903
 -13.61138 -13.61098 -13.61143 -13.61509 -13.62398
 -13.82510 -13.82473 -13.82522 -13.82886 -13.83763
