    6    5   35    1    6
******************************************
  11.00000  12.00000  13.00000  14.00000  15.00000
   0.00000   0.14613   0.29447   0.44091   0.58771   0.73560   0.88252   1.02938
   1.17609   1.32428   1.47129   1.61805   1.76492   1.91169   2.06070   2.20683
   2.35218   2.49969   2.64738   2.79379   2.94101   3.08991   3.23553   3.38202
   3.52892   3.67669   3.82347   3.97081   4.11727   4.26482   4.41162   4.55871
   4.70586   4.85309   5.00000
**** 0**************************************
 -28.57985 -28.58442 -28.58457 -28.59232 -28.66368
 -27.64601 -27.64606 -27.64536 -27.64814 -27.70274
 -26.96739 -26.96656 -26.96404 -26.96577 -27.00969
 -26.46643 -26.46630 -26.46270 -26.46381 -26.51426
 -26.08883 -26.08890 -26.08515 -26.08946 -26.16408
 -25.80531 -25.80494 -25.80254 -25.81069 -25.92463
 -25.58989 -25.58973 -25.58852 -25.60313 -25.76182
 -25.42996 -25.42964 -25.42994 -25.45138 -25.65108
 -25.32418 -25.32484 -25.32592 -25.35247 -25.58177
 -25.23463 -25.23591 -25.23792 -25.26984 -25.52626
 -25.18177 -25.18280 -25.18550 -25.22052 -25.49183
 -25.14654 -25.14757 -25.15122 -25.18838 -25.46810
 -25.13019 -25.13229 -25.13545 -25.17347 -25.45478
 -25.12406 -25.12587 -25.13027 -25.16725 -25.44678
 -25.17259 -25.17497 -25.17856 -25.21156 -25.46941
 -25.23530 -25.23766 -25.24086 -25.26963 -25.50111
 -25.30045 -25.30365 -25.30646 -25.33070 -25.53782
 -25.36844 -25.37148 -25.37467 -25.39478 -25.57790
 -25.43708 -25.44117 -25.44363 -25.46108 -25.62188
 -25.50731 -25.51175 -25.51401 -25.52892 -25.66892
 -25.57815 -25.58318 -25.58504 -25.59802 -25.71930
 -25.64951 -25.65517 -25.65727 -25.66771 -25.77269
 -25.72152 -25.72741 -25.72971 -25.73853 -25.82813
 -25.79336 -25.80038 -25.80236 -25.80969 -25.88592
 -25.86526 -25.87314 -25.87455 -25.88187 -25.94629
 -25.93706 -25.94590 -25.94782 -25.95402 -26.00867
 -26.00929 -26.01918 -26.02108 -26.02639 -26.07282
 -26.08180 -26.09171 -26.09497 -26.09825 -26.13748
 -26.15426 -26.16505 -26.16777 -26.17144 -26.20478
 -26.22547 -26.23777 -26.24025 -26.24421 -26.27210
 -26.29819 -26.31082 -26.31388 -26.31648 -26.34092
 -26.37053 -26.38418 -26.38779 -26.39015 -26.40995
 -26.44228 -26.45722 -26.46088 -26.46340 -26.47996
 -26.51470 -26.52973 -26.53447 -26.53663 -26.55055
 -26.58708 -26.60274 -26.60772 -26.60973 -26.62195
**** 1**************************************
 -28.96471 -29.02428 -29.03129 -29.04233 -29.13599
 -27.91429 -27.93097 -27.93330 -27.94435 -28.02254
 -27.16524 -27.17127 -27.17259 -27.17865 -27.23800
 -26.62640 -26.62935 -26.63081 -26.63444 -26.67279
 -26.21787 -26.21926 -26.21900 -26.22009 -26.24386
 -25.89749 -25.89934 -25.89833 -25.89582 -25.90905
 -25.65181 -25.65277 -25.65169 -25.64804 -25.65544
 -25.47426 -25.47581 -25.47313 -25.46955 -25.47547
 -25.34494 -25.34562 -25.34483 -25.34035 -25.34965
 -25.26047 -25.26267 -25.26015 -25.25690 -25.26756
 -25.20740 -25.20924 -25.20802 -25.20510 -25.21864
 -25.17775 -25.18008 -25.17940 -25.17741 -25.19249
 -25.16350 -25.16716 -25.16674 -25.16434 -25.18258
 -25.16398 -25.16872 -25.16784 -25.16655 -25.18513
 -25.17625 -25.18245 -25.18246 -25.18074 -25.20002
 -25.18600 -25.19285 -25.19333 -25.19347 -25.21149
 -25.20524 -25.21425 -25.21393 -25.21542 -25.23352
 -25.22239 -25.23323 -25.23394 -25.23460 -25.25378
 -25.27446 -25.28646 -25.28739 -25.28841 -25.30539
 -25.34142 -25.35422 -25.35675 -25.35707 -25.37124
 -25.40929 -25.42514 -25.42751 -25.42704 -25.43920
 -25.47866 -25.49477 -25.49723 -25.49786 -25.50808
 -25.54855 -25.56671 -25.56974 -25.56997 -25.57835
 -25.61836 -25.63864 -25.64176 -25.64176 -25.64912
 -25.68869 -25.71053 -25.71492 -25.71460 -25.72079
 -25.75941 -25.78261 -25.78728 -25.78749 -25.79200
 -25.83004 -25.85506 -25.86058 -25.86040 -25.86467
 -25.90118 -25.92769 -25.93364 -25.93401 -25.93734
 -25.97258 -25.99920 -26.00693 -26.00731 -26.00988
 -26.04354 -26.07147 -26.07978 -26.08083 -26.08222
 -26.11478 -26.14326 -26.15312 -26.15358 -26.15564
 -26.18663 -26.21525 -26.22610 -26.22708 -26.22886
 -26.25912 -26.28685 -26.29920 -26.30092 -26.30187
 -26.32995 -26.35883 -26.37235 -26.37462 -26.37515
 -26.40229 -26.42968 -26.44571 -26.44779 -26.44856
**** 2**************************************
 -29.47931 -29.82468 -29.88408 -29.89570 -29.93498
 -28.27089 -28.36260 -28.37307 -28.37770 -28.41149
 -27.31967 -27.34420 -27.34735 -27.35063 -27.37855
 -26.66354 -26.67255 -26.67340 -26.67589 -26.70119
 -26.22071 -26.22459 -26.22508 -26.22725 -26.25000
 -25.90667 -25.90940 -25.90982 -25.91150 -25.93200
 -25.67137 -25.67234 -25.67225 -25.67383 -25.68967
 -25.48590 -25.48504 -25.48484 -25.48502 -25.49832
 -25.34041 -25.34151 -25.34083 -25.34095 -25.34773
 -25.23377 -25.23409 -25.23432 -25.23284 -25.23860
 -25.15824 -25.15854 -25.15881 -25.15726 -25.16079
 -25.10882 -25.10909 -25.10834 -25.10726 -25.11040
 -25.08422 -25.08465 -25.08456 -25.08380 -25.08618
 -25.07355 -25.07290 -25.07278 -25.07222 -25.07440
 -25.08248 -25.08186 -25.08155 -25.08058 -25.08308
 -25.09875 -25.09683 -25.09661 -25.09582 -25.09798
 -25.15376 -25.15161 -25.15123 -25.15122 -25.15202
 -25.21522 -25.21212 -25.21194 -25.21083 -25.21188
 -25.27923 -25.27638 -25.27616 -25.27575 -25.27624
 -25.34665 -25.34323 -25.34292 -25.34253 -25.34263
 -25.41652 -25.41196 -25.41077 -25.41011 -25.41009
 -25.48687 -25.48214 -25.48120 -25.48068 -25.48088
 -25.55794 -25.55312 -25.55233 -25.55197 -25.55162
 -25.63025 -25.62500 -25.62400 -25.62381 -25.62327
 -25.70456 -25.69736 -25.69680 -25.69629 -25.69570
 -25.77729 -25.77017 -25.76886 -25.76854 -25.76743
 -25.85146 -25.84298 -25.84150 -25.84124 -25.84085
 -25.92526 -25.91629 -25.91491 -25.91399 -25.91360
 -25.99967 -25.99037 -25.98785 -25.98771 -25.98752
 -26.07373 -26.06340 -26.06143 -26.06119 -26.06059
 -26.14835 -26.13743 -26.13501 -26.13472 -26.13399
 -26.22292 -26.21195 -26.20816 -26.20784 -26.20699
 -26.29712 -26.28542 -26.28257 -26.28149 -26.28121
 -26.37138 -26.35937 -26.35566 -26.35466 -26.35497
 -26.44558 -26.43394 -26.42885 -26.42853 -26.42790
**** 3**************************************
 -28.12268 -28.12268 -28.12644 -28.14181 -28.28080
 -27.19503 -27.19503 -27.19635 -27.21079 -27.33283
 -26.55165 -26.55165 -26.55266 -26.56596 -26.67659
 -26.11158 -26.11158 -26.11158 -26.12267 -26.22999
 -25.81409 -25.81409 -25.81594 -25.82715 -25.93638
 -25.61765 -25.61765 -25.61881 -25.63180 -25.74322
 -25.48775 -25.48774 -25.48943 -25.50219 -25.61411
 -25.39830 -25.39900 -25.40028 -25.41268 -25.51616
 -25.33071 -25.33070 -25.33224 -25.34285 -25.43045
 -25.27910 -25.27906 -25.27979 -25.28837 -25.35636
 -25.23849 -25.23845 -25.23957 -25.24599 -25.29648
 -25.21144 -25.21117 -25.21169 -25.21680 -25.25344
 -25.19320 -25.19320 -25.19321 -25.19702 -25.22386
 -25.18776 -25.18750 -25.18792 -25.19022 -25.21000
 -25.19293 -25.19293 -25.19317 -25.19501 -25.20875
 -25.20716 -25.20716 -25.20733 -25.20783 -25.21803
 -25.23037 -25.23037 -25.23026 -25.23124 -25.23706
 -25.25871 -25.25874 -25.25888 -25.25978 -25.26291
 -25.29666 -25.29667 -25.29632 -25.29671 -25.29819
 -25.32914 -25.32975 -25.32943 -25.32964 -25.32909
 -25.37093 -25.37093 -25.37059 -25.37049 -25.36910
 -25.41398 -25.41399 -25.41361 -25.41325 -25.40964
 -25.47231 -25.47231 -25.47233 -25.47252 -25.46956
 -25.54421 -25.54519 -25.54464 -25.54384 -25.54213
 -25.61657 -25.61651 -25.61635 -25.61636 -25.61410
 -25.68852 -25.68852 -25.68843 -25.68841 -25.68646
 -25.76197 -25.76195 -25.76173 -25.76069 -25.75944
 -25.83451 -25.83451 -25.83436 -25.83404 -25.83282
 -25.90758 -25.90758 -25.90743 -25.90745 -25.90621
 -25.98086 -25.98084 -25.98068 -25.98056 -25.97999
 -26.05410 -26.05410 -26.05406 -26.05413 -26.05336
 -26.12781 -26.12781 -26.12762 -26.12752 -26.12671
 -26.20080 -26.20080 -26.20084 -26.20076 -26.20044
 -26.27457 -26.27457 -26.27457 -26.27427 -26.27408
 -26.34798 -26.34797 -26.34797 -26.34756 -26.34715
**** 4**************************************
 -74.00000 -74.00000 -74.00000 -74.00000 -74.00000
 -74.00000 -74.00000 -74.00000 -74.00000 -74.00000
 -74.00000 -74.00000 -74.00000 -74.00000 -74.00000
 -74.00000 -74.00000 -74.00000 -74.00000 -74.00000
 -74.00000 -74.00000 -74.00000 -74.00000 -74.00000
 -50.44571 -51.42440 -52.41882 -53.38727 -49.13634
 -42.22206 -42.23217 -42.26199 -42.14719 -42.15625
 -37.27051 -37.27002 -37.26997 -37.26985 -37.27289
 -33.80535 -33.80491 -33.80483 -33.80443 -33.80492
 -31.35425 -31.35325 -31.35304 -31.35261 -31.34747
 -29.62009 -29.61942 -29.61900 -29.61754 -29.60853
 -28.40249 -28.40112 -28.40109 -28.39906 -28.38406
 -27.54172 -27.54066 -27.53993 -27.53816 -27.51957
 -26.94597 -26.94486 -26.94385 -26.94312 -26.92202
 -26.54367 -26.54156 -26.54115 -26.53985 -26.52032
 -26.27054 -26.26948 -26.26868 -26.26676 -26.24995
 -26.09761 -26.09601 -26.09468 -26.09225 -26.07966
 -25.98403 -25.98461 -25.98316 -25.98086 -25.97004
 -25.91930 -25.91787 -25.91816 -25.91757 -25.90934
 -25.87852 -25.87718 -25.87705 -25.87661 -25.87063
 -25.85739 -25.85636 -25.85607 -25.85420 -25.85039
 -25.84801 -25.84685 -25.84678 -25.84625 -25.84426
 -25.84933 -25.84845 -25.84827 -25.84786 -25.84578
 -25.85328 -25.85258 -25.85261 -25.85198 -25.84969
 -25.86097 -25.86038 -25.86065 -25.86027 -25.86014
 -25.87010 -25.86982 -25.86995 -25.86962 -25.86825
 -25.89293 -25.89271 -25.89161 -25.89131 -25.89176
 -25.90718 -25.90703 -25.90764 -25.90757 -25.90673
 -25.95061 -25.95028 -25.94954 -25.94949 -25.94890
 -26.02019 -26.02229 -26.02142 -26.02165 -26.02100
 -26.09326 -26.09313 -26.09276 -26.09044 -26.08970
 -26.16397 -26.16413 -26.16402 -26.16394 -26.16395
 -26.23657 -26.23641 -26.23629 -26.23624 -26.23679
 -26.30971 -26.30954 -26.30887 -26.30913 -26.30896
 -26.38274 -26.38256 -26.38185 -26.38234 -26.38172
**** 5**************************************
 -74.00000 -74.00000 -74.00000 -74.00000 -74.00000
 -74.00000 -74.00000 -74.00000 -74.00000 -74.00000
 -74.00000 -74.00000 -74.00000 -74.00000 -74.00000
 -74.00000 -74.00000 -74.00000 -74.00000 -74.00000
 -74.00000 -74.00000 -74.00000 -74.00000 -74.00000
 -74.00000 -74.00000 -74.00000 -74.00000 -74.00000
 -74.00000 -74.00000 -74.00000 -74.00000 -74.00000
 -40.11275 -40.11275 -40.11274 -40.11256 -40.11255
 -35.89834 -35.89834 -35.89834 -35.89834 -35.89831
 -32.90918 -32.90918 -32.90918 -32.90917 -32.91114
 -30.79232 -30.79230 -30.79230 -30.79228 -30.79205
 -29.29029 -29.29028 -29.29028 -29.29026 -29.29034
 -28.22796 -28.22795 -28.22795 -28.22786 -28.22765
 -27.47599 -27.47599 -27.47599 -27.47581 -27.47604
 -26.95035 -26.95035 -26.95035 -26.95030 -26.94964
 -26.58583 -26.58583 -26.58583 -26.58572 -26.58609
 -26.33650 -26.33650 -26.33651 -26.33644 -26.33643
 -26.16501 -26.16501 -26.16501 -26.16530 -26.16534
 -26.04429 -26.04429 -26.04429 -26.04427 -26.04392
 -25.96198 -25.96198 -25.96198 -25.96197 -25.96140
 -25.91813 -25.91813 -25.91813 -25.91788 -25.91766
 -25.88430 -25.88430 -25.88430 -25.88430 -25.88407
 -25.87690 -25.87690 -25.87690 -25.87667 -25.87644
 -25.92196 -25.92196 -25.92196 -25.92197 -25.92173
 -25.97577 -25.97577 -25.97577 -25.97578 -25.97565
 -26.03483 -26.03483 -26.03483 -26.03483 -26.03472
 -26.09887 -26.09887 -26.09887 -26.09850 -26.09844
 -26.16462 -26.16462 -26.16462 -26.16462 -26.16455
 -26.23335 -26.23335 -26.23335 -26.23336 -26.23273
 -26.30311 -26.30311 -26.30311 -26.30311 -26.30306
 -26.37367 -26.37367 -26.37367 -26.37367 -26.37354
 -26.44558 -26.44558 -26.44558 -26.44549 -26.44550
 -26.51781 -26.51781 -26.51781 -26.51781 -26.51782
 -26.59039 -26.59039 -26.59039 -26.59039 -26.59028
 -26.66343 -26.66343 -26.66343 -26.66344 -26.66344
