    6    5   50    1    6 F: Be 75. Si3N4 0.055 Si 0.7 A:Si 3. 200. 380.       
================================================================================
  11.00000  12.00000  13.00000  14.00000  15.00000
   0.00000   0.09590   0.19179   0.28769   0.38359   0.47949   0.57538   0.67128
   0.76718   0.86308   0.95897   1.05487   1.15077   1.24667   1.34256   1.43846
   1.53436   1.63025   1.72615   1.82205   1.91795   2.01384   2.10974   2.20564
   2.30154   2.39743   2.49333   2.58923   2.68513   2.78102   2.87692   2.97282
   3.06872   3.16461   3.26051   3.35641   3.45230   3.54820   3.64410   3.74000
   3.83589   3.93179   4.02769   4.12359   4.21948   4.31538   4.41128   4.50718
   4.60307   4.69897
================================================================================
 -60.00000 -60.00000 -60.00000 -60.00000 -60.00000
 -60.00000 -60.00000 -60.00000 -60.00000 -60.00000
 -60.00000 -60.00000 -60.00000 -60.00000 -60.00000
 -60.00000 -60.00000 -60.00000 -60.00000 -60.00000
 -60.00000 -60.00000 -60.00000 -60.00000 -60.00000
 -60.00000 -60.00000 -60.00000 -60.00000 -60.00000
 -60.00000 -60.00000 -60.00000 -60.00000 -60.00000
 -60.00000 -60.00000 -60.00000 -60.00000 -60.00000
 -60.00000 -60.00000 -60.00000 -60.00000 -60.00000
 -60.00000 -60.00000 -60.00000 -60.00000 -60.00000
 -60.00000 -60.00000 -60.00000 -60.00000 -60.00000
 -60.00000 -60.00000 -60.00000 -60.00000 -60.00000
 -60.00000 -60.00000 -60.00000 -60.00000 -60.00000
 -57.41855 -57.41855 -57.41855 -57.41855 -57.41855
 -53.31772 -53.31772 -53.31772 -53.31772 -53.31772
 -49.83741 -49.83741 -49.83741 -49.83741 -49.83741
 -46.88291 -46.88291 -46.88291 -46.88291 -46.88291
 -44.37465 -44.37465 -44.37465 -44.37465 -44.37465
 -42.24529 -42.24529 -42.24529 -42.24529 -42.24529
 -40.43739 -40.43739 -40.43739 -40.43739 -40.43739
 -38.90228 -38.90228 -38.90228 -38.90228 -38.90228
 -37.59925 -37.59925 -37.59925 -37.59925 -37.59925
 -36.49429 -36.49429 -36.49429 -36.49429 -36.49429
 -35.55800 -35.55800 -35.55800 -35.55800 -35.55800
 -34.76390 -34.76390 -34.76390 -34.76390 -34.76390
 -34.08814 -34.08814 -34.08814 -34.08814 -34.08814
 -33.51006 -33.51006 -33.51006 -33.51006 -33.51006
 -33.01268 -33.01268 -33.01268 -33.01268 -33.01268
 -32.58256 -32.58256 -32.58256 -32.58256 -32.58256
 -32.20922 -32.20922 -32.20922 -32.20922 -32.20922
 -31.88435 -31.88435 -31.88435 -31.88435 -31.88435
 -31.60124 -31.60124 -31.60124 -31.60124 -31.60124
 -31.35432 -31.35432 -31.35432 -31.35432 -31.35432
 -31.13895 -31.13895 -31.13895 -31.13895 -31.13895
 -30.95127 -30.95127 -30.95127 -30.95127 -30.95127
 -30.78804 -30.78804 -30.78804 -30.78804 -30.78804
 -30.64660 -30.64660 -30.64660 -30.64660 -30.64660
 -30.52469 -30.52469 -30.52469 -30.52469 -30.52469
 -30.42039 -30.42039 -30.42039 -30.42039 -30.42039
 -30.33198 -30.33198 -30.33198 -30.33198 -30.33198
 -30.25792 -30.25792 -30.25792 -30.25792 -30.25792
 -30.19676 -30.19676 -30.19676 -30.19676 -30.19676
 -30.14717 -30.14717 -30.14717 -30.14717 -30.14717
 -30.10788 -30.10788 -30.10788 -30.10788 -30.10788
 -30.07772 -30.07772 -30.07772 -30.07772 -30.07772
 -30.05562 -30.05562 -30.05562 -30.05562 -30.05562
 -30.04060 -30.04060 -30.04060 -30.04060 -30.04060
 -30.03179 -30.03179 -30.03179 -30.03179 -30.03179
 -30.02839 -30.02839 -30.02839 -30.02839 -30.02839
 -30.02973 -30.02973 -30.02973 -30.02973 -30.02973
================================================================================
 -60.00000 -60.00000 -60.00000 -60.00000 -60.00000
 -60.00000 -60.00000 -60.00000 -60.00000 -60.00000
 -60.00000 -60.00000 -60.00000 -60.00000 -60.00000
 -60.00000 -60.00000 -60.00000 -60.00000 -60.00000
 -60.00000 -60.00000 -60.00000 -60.00000 -60.00000
 -60.00000 -60.00000 -60.00000 -60.00000 -60.00000
 -60.00000 -60.00000 -60.00000 -60.00000 -60.00000
 -60.00000 -60.00000 -60.00000 -60.00000 -60.00000
 -60.00000 -60.00000 -60.00000 -60.00000 -60.00000
 -60.00000 -60.00000 -60.00000 -60.00000 -60.00000
 -60.00000 -60.00000 -60.00000 -60.00000 -60.00000
 -60.00000 -60.00000 -60.00000 -60.00000 -60.00000
 -60.00000 -60.00000 -60.00000 -60.00000 -60.00000
 -56.65813 -56.65813 -56.65813 -56.65813 -56.65813
 -52.55578 -52.55578 -52.55578 -52.55578 -52.55578
 -49.07453 -49.07453 -49.07453 -49.07453 -49.07453
 -46.11975 -46.11975 -46.11975 -46.11975 -46.11975
 -43.61201 -43.61201 -43.61201 -43.61201 -43.61201
 -41.48402 -41.48402 -41.48402 -41.48402 -41.48402
 -39.67840 -39.67840 -39.67840 -39.67840 -39.67840
 -38.14648 -38.14648 -38.14648 -38.14648 -38.14648
 -36.84760 -36.84760 -36.84760 -36.84760 -36.84760
 -35.74773 -35.74773 -35.74773 -35.74773 -35.74773
 -34.81740 -34.81740 -34.81740 -34.81740 -34.81740
 -34.02999 -34.02999 -34.02999 -34.02999 -34.02999
 -33.36147 -33.36147 -33.36147 -33.36147 -33.36147
 -32.79104 -32.79104 -32.79104 -32.79104 -32.79104
 -32.30160 -32.30160 -32.30160 -32.30160 -32.30160
 -31.87962 -31.87962 -31.87962 -31.87962 -31.87962
 -31.51450 -31.51450 -31.51450 -31.51450 -31.51450
 -31.19783 -31.19783 -31.19783 -31.19783 -31.19783
 -30.92276 -30.92276 -30.92276 -30.92276 -30.92276
 -30.68362 -30.68362 -30.68362 -30.68362 -30.68362
 -30.47566 -30.47566 -30.47566 -30.47566 -30.47566
 -30.29494 -30.29494 -30.29494 -30.29494 -30.29494
 -30.13820 -30.13820 -30.13820 -30.13820 -30.13820
 -30.00273 -30.00273 -30.00273 -30.00273 -30.00273
 -29.88627 -29.88627 -29.88627 -29.88627 -29.88627
 -29.78690 -29.78690 -29.78690 -29.78690 -29.78690
 -29.70293 -29.70293 -29.70293 -29.70293 -29.70293
 -29.63282 -29.63282 -29.63282 -29.63282 -29.63282
 -29.57516 -29.57516 -29.57516 -29.57516 -29.57516
 -29.52864 -29.52864 -29.52864 -29.52864 -29.52864
 -29.49203 -29.49203 -29.49203 -29.49203 -29.49203
 -29.46419 -29.46419 -29.46419 -29.46419 -29.46419
 -29.44408 -29.44408 -29.44408 -29.44408 -29.44408
 -29.43077 -29.43077 -29.43077 -29.43077 -29.43077
 -29.42339 -29.42339 -29.42339 -29.42339 -29.42339
 -29.42121 -29.42121 -29.42121 -29.42121 -29.42121
 -29.42355 -29.42355 -29.42355 -29.42355 -29.42355
================================================================================
 -60.00000 -60.00000 -60.00000 -60.00000 -60.00000
 -60.00000 -60.00000 -60.00000 -60.00000 -60.00000
 -60.00000 -60.00000 -60.00000 -60.00000 -60.00000
 -60.00000 -60.00000 -60.00000 -60.00000 -60.00000
 -60.00000 -60.00000 -60.00000 -60.00000 -60.00000
 -60.00000 -60.00000 -60.00000 -60.00000 -60.00000
 -60.00000 -60.00000 -60.00000 -60.00000 -60.00000
 -60.00000 -60.00000 -60.00000 -60.00000 -60.00000
 -60.00000 -60.00000 -60.00000 -60.00000 -60.00000
 -60.00000 -60.00000 -60.00000 -60.00000 -60.00000
 -60.00000 -60.00000 -60.00000 -60.00000 -60.00000
 -60.00000 -60.00000 -60.00000 -60.00000 -60.00000
 -60.00000 -60.00000 -60.00000 -60.00000 -60.00000
 -56.24855 -56.24855 -56.24855 -56.24855 -56.24855
 -52.14414 -52.14414 -52.14414 -52.14414 -52.14414
 -48.66086 -48.66086 -48.66086 -48.66086 -48.66086
 -45.70414 -45.70414 -45.70414 -45.70414 -45.70414
 -43.19458 -43.19458 -43.19458 -43.19458 -43.19458
 -41.06495 -41.06495 -41.06495 -41.06495 -41.06495
 -39.25793 -39.25793 -39.25793 -39.25793 -39.25793
 -37.72493 -37.72493 -37.72493 -37.72493 -37.72493
 -36.42535 -36.42535 -36.42535 -36.42535 -36.42535
 -35.32526 -35.32526 -35.32526 -35.32526 -35.32526
 -34.39518 -34.39518 -34.39518 -34.39518 -34.39518
 -33.60848 -33.60848 -33.60848 -33.60848 -33.60848
 -32.94107 -32.94107 -32.94107 -32.94107 -32.94107
 -32.37213 -32.37213 -32.37213 -32.37213 -32.37213
 -31.88456 -31.88456 -31.88456 -31.88456 -31.88456
 -31.46482 -31.46482 -31.46482 -31.46482 -31.46482
 -31.10232 -31.10232 -31.10232 -31.10232 -31.10232
 -30.78865 -30.78865 -30.78865 -30.78865 -30.78865
 -30.51691 -30.51691 -30.51691 -30.51691 -30.51691
 -30.28137 -30.28137 -30.28137 -30.28137 -30.28137
 -30.07722 -30.07722 -30.07722 -30.07722 -30.07722
 -29.90043 -29.90043 -29.90043 -29.90043 -29.90043
 -29.74765 -29.74765 -29.74765 -29.74765 -29.74765
 -29.61610 -29.61610 -29.61610 -29.61610 -29.61610
 -29.50345 -29.50345 -29.50345 -29.50345 -29.50345
 -29.40771 -29.40771 -29.40771 -29.40771 -29.40771
 -29.32716 -29.32716 -29.32716 -29.32716 -29.32716
 -29.26022 -29.26022 -29.26022 -29.26022 -29.26022
 -29.20546 -29.20546 -29.20546 -29.20546 -29.20546
 -29.16155 -29.16155 -29.16155 -29.16155 -29.16155
 -29.12726 -29.12726 -29.12726 -29.12726 -29.12726
 -29.10147 -29.10147 -29.10147 -29.10147 -29.10147
 -29.08314 -29.08314 -29.08314 -29.08314 -29.08314
 -29.07136 -29.07136 -29.07136 -29.07136 -29.07136
 -29.06530 -29.06530 -29.06530 -29.06530 -29.06530
 -29.06423 -29.06423 -29.06423 -29.06423 -29.06423
 -29.06751 -29.06751 -29.06751 -29.06751 -29.06751
================================================================================
 -60.00000 -60.00000 -60.00000 -60.00000 -60.00000
 -60.00000 -60.00000 -60.00000 -60.00000 -60.00000
 -60.00000 -60.00000 -60.00000 -60.00000 -60.00000
 -60.00000 -60.00000 -60.00000 -60.00000 -60.00000
 -60.00000 -60.00000 -60.00000 -60.00000 -60.00000
 -60.00000 -60.00000 -60.00000 -60.00000 -60.00000
 -60.00000 -60.00000 -60.00000 -60.00000 -60.00000
 -60.00000 -60.00000 -60.00000 -60.00000 -60.00000
 -60.00000 -60.00000 -60.00000 -60.00000 -60.00000
 -60.00000 -60.00000 -60.00000 -60.00000 -60.00000
 -60.00000 -60.00000 -60.00000 -60.00000 -60.00000
 -60.00000 -60.00000 -60.00000 -60.00000 -60.00000
 -60.00000 -60.00000 -60.00000 -60.00000 -60.00000
 -55.97482 -55.97482 -55.97482 -55.97482 -55.97482
 -51.86902 -51.86902 -51.86902 -51.86902 -51.86902
 -48.38432 -48.38432 -48.38432 -48.38432 -48.38432
 -45.42614 -45.42614 -45.42614 -45.42614 -45.42614
 -42.91512 -42.91512 -42.91512 -42.91512 -42.91512
 -40.78403 -40.78403 -40.78403 -40.78403 -40.78403
 -38.97557 -38.97557 -38.97557 -38.97557 -38.97557
 -37.44119 -37.44119 -37.44119 -37.44119 -37.44119
 -36.14035 -36.14035 -36.14035 -36.14035 -36.14035
 -35.03914 -35.03914 -35.03914 -35.03914 -35.03914
 -34.10815 -34.10815 -34.10815 -34.10815 -34.10815
 -33.32071 -33.32071 -33.32071 -33.32071 -33.32071
 -32.65276 -32.65276 -32.65276 -32.65276 -32.65276
 -32.08347 -32.08347 -32.08347 -32.08347 -32.08347
 -31.59576 -31.59576 -31.59576 -31.59576 -31.59576
 -31.17616 -31.17616 -31.17616 -31.17616 -31.17616
 -30.81409 -30.81409 -30.81409 -30.81409 -30.81409
 -30.50116 -30.50116 -30.50116 -30.50116 -30.50116
 -30.23047 -30.23047 -30.23047 -30.23047 -30.23047
 -29.99629 -29.99629 -29.99629 -29.99629 -29.99629
 -29.79378 -29.79378 -29.79378 -29.79378 -29.79378
 -29.61888 -29.61888 -29.61888 -29.61888 -29.61888
 -29.46821 -29.46821 -29.46821 -29.46821 -29.46821
 -29.33894 -29.33894 -29.33894 -29.33894 -29.33894
 -29.22869 -29.22869 -29.22869 -29.22869 -29.22869
 -29.13541 -29.13541 -29.13541 -29.13541 -29.13541
 -29.05730 -29.05730 -29.05730 -29.05730 -29.05730
 -28.99273 -28.99273 -28.99273 -28.99273 -28.99273
 -28.94023 -28.94023 -28.94023 -28.94023 -28.94023
 -28.89843 -28.89843 -28.89843 -28.89843 -28.89843
 -28.86608 -28.86608 -28.86608 -28.86608 -28.86608
 -28.84204 -28.84204 -28.84204 -28.84204 -28.84204
 -28.82527 -28.82527 -28.82527 -28.82527 -28.82527
 -28.81485 -28.81485 -28.81485 -28.81485 -28.81485
 -28.80997 -28.80997 -28.80997 -28.80997 -28.80997
 -28.80990 -28.80990 -28.80990 -28.80990 -28.80990
 -28.81403 -28.81403 -28.81403 -28.81403 -28.81403
================================================================================
 -60.00000 -60.00000 -60.00000 -60.00000 -60.00000
 -60.00000 -60.00000 -60.00000 -60.00000 -60.00000
 -60.00000 -60.00000 -60.00000 -60.00000 -60.00000
 -60.00000 -60.00000 -60.00000 -60.00000 -60.00000
 -60.00000 -60.00000 -60.00000 -60.00000 -60.00000
 -60.00000 -60.00000 -60.00000 -60.00000 -60.00000
 -60.00000 -60.00000 -60.00000 -60.00000 -60.00000
 -60.00000 -60.00000 -60.00000 -60.00000 -60.00000
 -60.00000 -60.00000 -60.00000 -60.00000 -60.00000
 -60.00000 -60.00000 -60.00000 -60.00000 -60.00000
 -60.00000 -60.00000 -60.00000 -60.00000 -60.00000
 -60.00000 -60.00000 -60.00000 -60.00000 -60.00000
 -60.00000 -60.00000 -60.00000 -60.00000 -60.00000
 -55.77077 -55.77077 -55.77077 -55.77077 -55.77077
 -51.66409 -51.66409 -51.66409 -51.66409 -51.66409
 -48.17847 -48.17847 -48.17847 -48.17847 -48.17847
 -45.21934 -45.21934 -45.21934 -45.21934 -45.21934
 -42.70732 -42.70732 -42.70732 -42.70732 -42.70732
 -40.57520 -40.57520 -40.57520 -40.57520 -40.57520
 -38.76568 -38.76568 -38.76568 -38.76568 -38.76568
 -37.23022 -37.23022 -37.23022 -37.23022 -37.23022
 -35.92831 -35.92831 -35.92831 -35.92831 -35.92831
 -34.82608 -34.82608 -34.82608 -34.82608 -34.82608
 -33.89410 -33.89410 -33.89410 -33.89410 -33.89410
 -33.10572 -33.10572 -33.10572 -33.10572 -33.10572
 -32.43687 -32.43687 -32.43687 -32.43687 -32.43687
 -31.86673 -31.86673 -31.86673 -31.86673 -31.86673
 -31.37827 -31.37827 -31.37827 -31.37827 -31.37827
 -30.95805 -30.95805 -30.95805 -30.95805 -30.95805
 -30.59557 -30.59557 -30.59557 -30.59557 -30.59557
 -30.28243 -30.28243 -30.28243 -30.28243 -30.28243
 -30.01178 -30.01178 -30.01178 -30.01178 -30.01178
 -29.77788 -29.77788 -29.77788 -29.77788 -29.77788
 -29.57589 -29.57589 -29.57589 -29.57589 -29.57589
 -29.40176 -29.40176 -29.40176 -29.40176 -29.40176
 -29.25208 -29.25208 -29.25208 -29.25208 -29.25208
 -29.12401 -29.12401 -29.12401 -29.12401 -29.12401
 -29.01514 -29.01514 -29.01514 -29.01514 -29.01514
 -28.92339 -28.92339 -28.92339 -28.92339 -28.92339
 -28.84692 -28.84692 -28.84692 -28.84692 -28.84692
 -28.78404 -28.78404 -28.78404 -28.78404 -28.78404
 -28.73323 -28.73323 -28.73323 -28.73323 -28.73323
 -28.69308 -28.69308 -28.69308 -28.69308 -28.69308
 -28.66228 -28.66228 -28.66228 -28.66228 -28.66228
 -28.63969 -28.63969 -28.63969 -28.63969 -28.63969
 -28.62424 -28.62424 -28.62424 -28.62424 -28.62424
 -28.61500 -28.61500 -28.61500 -28.61500 -28.61500
 -28.61115 -28.61115 -28.61115 -28.61115 -28.61115
 -28.61198 -28.61198 -28.61198 -28.61198 -28.61198
 -28.61688 -28.61688 -28.61688 -28.61688 -28.61688
================================================================================
 -60.00000 -60.00000 -60.00000 -60.00000 -60.00000
 -60.00000 -60.00000 -60.00000 -60.00000 -60.00000
 -60.00000 -60.00000 -60.00000 -60.00000 -60.00000
 -60.00000 -60.00000 -60.00000 -60.00000 -60.00000
 -60.00000 -60.00000 -60.00000 -60.00000 -60.00000
 -60.00000 -60.00000 -60.00000 -60.00000 -60.00000
 -60.00000 -60.00000 -60.00000 -60.00000 -60.00000
 -60.00000 -60.00000 -60.00000 -60.00000 -60.00000
 -60.00000 -60.00000 -60.00000 -60.00000 -60.00000
 -60.00000 -60.00000 -60.00000 -60.00000 -60.00000
 -60.00000 -60.00000 -60.00000 -60.00000 -60.00000
 -60.00000 -60.00000 -60.00000 -60.00000 -60.00000
 -60.00000 -60.00000 -60.00000 -60.00000 -60.00000
 -55.60824 -55.60824 -55.60824 -55.60824 -55.60824
 -51.50102 -51.50102 -51.50102 -51.50102 -51.50102
 -48.01482 -48.01482 -48.01482 -48.01482 -48.01482
 -45.05507 -45.05507 -45.05507 -45.05507 -45.05507
 -42.54241 -42.54241 -42.54241 -42.54241 -42.54241
 -40.40960 -40.40960 -40.40960 -40.40960 -40.40960
 -38.59936 -38.59936 -38.59936 -38.59936 -38.59936
 -37.06315 -37.06315 -37.06315 -37.06315 -37.06315
 -35.76046 -35.76046 -35.76046 -35.76046 -35.76046
 -34.65743 -34.65743 -34.65743 -34.65743 -34.65743
 -33.72466 -33.72466 -33.72466 -33.72466 -33.72466
 -32.93547 -32.93547 -32.93547 -32.93547 -32.93547
 -32.26577 -32.26577 -32.26577 -32.26577 -32.26577
 -31.69476 -31.69476 -31.69476 -31.69476 -31.69476
 -31.20545 -31.20545 -31.20545 -31.20545 -31.20545
 -30.78442 -30.78442 -30.78442 -30.78442 -30.78442
 -30.42123 -30.42123 -30.42123 -30.42123 -30.42123
 -30.10752 -30.10752 -30.10752 -30.10752 -30.10752
 -29.83646 -29.83646 -29.83646 -29.83646 -29.83646
 -29.60233 -29.60233 -29.60233 -29.60233 -29.60233
 -29.40031 -29.40031 -29.40031 -29.40031 -29.40031
 -29.22633 -29.22633 -29.22633 -29.22633 -29.22633
 -29.07700 -29.07700 -29.07700 -29.07700 -29.07700
 -28.94948 -28.94948 -28.94948 -28.94948 -28.94948
 -28.84134 -28.84134 -28.84134 -28.84134 -28.84134
 -28.75049 -28.75049 -28.75049 -28.75049 -28.75049
 -28.67506 -28.67506 -28.67506 -28.67506 -28.67506
 -28.61333 -28.61333 -28.61333 -28.61333 -28.61333
 -28.56372 -28.56372 -28.56372 -28.56372 -28.56372
 -28.52480 -28.52480 -28.52480 -28.52480 -28.52480
 -28.49523 -28.49523 -28.49523 -28.49523 -28.49523
 -28.47380 -28.47380 -28.47380 -28.47380 -28.47380
 -28.45944 -28.45944 -28.45944 -28.45944 -28.45944
 -28.45120 -28.45120 -28.45120 -28.45120 -28.45120
 -28.44825 -28.44825 -28.44825 -28.44825 -28.44825
 -28.44988 -28.44988 -28.44988 -28.44988 -28.44988
 -28.45546 -28.45546 -28.45546 -28.45546 -28.45546
