    1    5   50    1    1 F: Be 75. Si3N4 0.055 Si 0.7 A:Si 3. 200. 380.       
================================================================================
  11.00000  12.00000  13.00000  14.00000  15.00000
   0.00000   0.09590   0.19179   0.28769   0.38359   0.47949   0.57538   0.67128
   0.76718   0.86308   0.95897   1.05487   1.15077   1.24667   1.34256   1.43846
   1.53436   1.63025   1.72615   1.82205   1.91795   2.01384   2.10974   2.20564
   2.30154   2.39743   2.49333   2.58923   2.68513   2.78102   2.87692   2.97282
   3.06872   3.16461   3.26051   3.35641   3.45230   3.54820   3.64410   3.74000
   3.83589   3.93179   4.02769   4.12359   4.21948   4.31538   4.41128   4.50718
   4.60307   4.69897
================================================================================
 -60.00000 -60.00000 -60.00000 -60.00000 -60.00000
 -60.00000 -60.00000 -60.00000 -60.00000 -60.00000
 -60.00000 -60.00000 -60.00000 -60.00000 -60.00000
 -60.00000 -60.00000 -60.00000 -60.00000 -60.00000
 -60.00000 -60.00000 -60.00000 -60.00000 -60.00000
 -60.00000 -60.00000 -60.00000 -60.00000 -60.00000
 -60.00000 -60.00000 -60.00000 -60.00000 -60.00000
 -60.00000 -60.00000 -60.00000 -60.00000 -60.00000
 -60.00000 -60.00000 -60.00000 -60.00000 -60.00000
 -60.00000 -60.00000 -60.00000 -60.00000 -60.00000
 -60.00000 -60.00000 -60.00000 -60.00000 -60.00000
 -60.00000 -60.00000 -60.00000 -60.00000 -60.00000
 -60.00000 -60.00000 -60.00000 -60.00000 -60.00000
 -57.41855 -57.41855 -57.41855 -57.41855 -57.41855
 -53.31772 -53.31772 -53.31772 -53.31772 -53.31772
 -49.83741 -49.83741 -49.83741 -49.83741 -49.83741
 -46.88291 -46.88291 -46.88291 -46.88291 -46.88291
 -44.37465 -44.37465 -44.37465 -44.37465 -44.37465
 -42.24529 -42.24529 -42.24529 -42.24529 -42.24529
 -40.43739 -40.43739 -40.43739 -40.43739 -40.43739
 -38.90228 -38.90228 -38.90228 -38.90228 -38.90228
 -37.59925 -37.59925 -37.59925 -37.59925 -37.59925
 -36.49429 -36.49429 -36.49429 -36.49429 -36.49429
 -35.55800 -35.55800 -35.55800 -35.55800 -35.55800
 -34.76390 -34.76390 -34.76390 -34.76390 -34.76390
 -34.08814 -34.08814 -34.08814 -34.08814 -34.08814
 -33.51006 -33.51006 -33.51006 -33.51006 -33.51006
 -33.01268 -33.01268 -33.01268 -33.01268 -33.01268
 -32.58256 -32.58256 -32.58256 -32.58256 -32.58256
 -32.20922 -32.20922 -32.20922 -32.20922 -32.20922
 -31.88435 -31.88435 -31.88435 -31.88435 -31.88435
 -31.60124 -31.60124 -31.60124 -31.60124 -31.60124
 -31.35432 -31.35432 -31.35432 -31.35432 -31.35432
 -31.13895 -31.13895 -31.13895 -31.13895 -31.13895
 -30.95127 -30.95127 -30.95127 -30.95127 -30.95127
 -30.78804 -30.78804 -30.78804 -30.78804 -30.78804
 -30.64660 -30.64660 -30.64660 -30.64660 -30.64660
 -30.52469 -30.52469 -30.52469 -30.52469 -30.52469
 -30.42039 -30.42039 -30.42039 -30.42039 -30.42039
 -30.33198 -30.33198 -30.33198 -30.33198 -30.33198
 -30.25792 -30.25792 -30.25792 -30.25792 -30.25792
 -30.19676 -30.19676 -30.19676 -30.19676 -30.19676
 -30.14717 -30.14717 -30.14717 -30.14717 -30.14717
 -30.10788 -30.10788 -30.10788 -30.10788 -30.10788
 -30.07772 -30.07772 -30.07772 -30.07772 -30.07772
 -30.05562 -30.05562 -30.05562 -30.05562 -30.05562
 -30.04060 -30.04060 -30.04060 -30.04060 -30.04060
 -30.03179 -30.03179 -30.03179 -30.03179 -30.03179
 -30.02839 -30.02839 -30.02839 -30.02839 -30.02839
 -30.02973 -30.02973 -30.02973 -30.02973 -30.02973
