    1    8   15    1    1  /Hydrogen  produced from ADAS205-output (R.Dux)       
===============================================================================
  10.00000  11.00000  12.00000  13.00000  14.00000  15.00000  16.00000  17.00000
   0.00755   0.30858   0.70652   1.00755   1.30858   1.70652   2.00755   2.30858
   2.70652   3.00755   3.30858   3.70652   4.00755   4.30858   4.70652
[ Z1= 1 ] complete BALMER-Multiplett                           lambda= 656.47 nm
 -12.62332 -12.62155 -12.63790 -12.70538 -12.83731 -13.13556 -13.55515 -13.93214
 -10.37749 -10.37677 -10.39299 -10.46334 -10.56928 -10.76314 -10.96570 -11.28754
  -9.06347  -9.06292  -9.07670  -9.13555  -9.19972  -9.28276  -9.37451  -9.69389
  -8.67230  -8.67215  -8.68490  -8.72977  -8.75736  -8.77534  -8.83106  -9.15751
  -8.52161  -8.52192  -8.53373  -8.56048  -8.54317  -8.50604  -8.54392  -8.88244
  -8.49135  -8.49188  -8.50105  -8.50228  -8.42157  -8.33105  -8.35700  -8.71100
  -8.52846  -8.52894  -8.53610  -8.52317  -8.40168  -8.28324  -8.30059  -8.65633
  -8.59324  -8.59361  -8.59950  -8.58100  -8.43026  -8.29130  -8.29682  -8.63949
  -8.70907  -8.70924  -8.71392  -8.69775  -8.52508  -8.36123  -8.34521  -8.65258
  -8.81542  -8.81538  -8.81914  -8.80781  -8.63197  -8.45197  -8.41697  -8.68510
  -8.93234  -8.93206  -8.93484  -8.92734  -8.75400  -8.55475  -8.49898  -8.72731
  -9.08726  -9.08667  -9.08845  -9.08458  -8.92248  -8.69619  -8.61295  -8.79223
  -9.20277  -9.20194  -9.20318  -9.20106  -9.05270  -8.80600  -8.70215  -8.84717
  -9.31654  -9.31546  -9.31628  -9.31524  -9.18381  -8.91814  -8.79360  -8.90665
  -9.46407  -9.46264  -9.46306  -9.46273  -9.35611  -9.07022  -8.91779  -8.99158
