   17    8   15    1   17     Carbon (metastable resolved) from ADAS205 (R.Dux)    
===============================================================================
  10.00000  11.00000  12.00000  13.00000  14.00000  15.00000  16.00000  17.00000
   0.00755   0.30858   0.70652   1.00755   1.30858   1.70652   2.00755   2.30858
   2.70652   3.00755   3.30858   3.70652   4.00755   4.30858   4.70652
 1334.6 Z= 1 M=1 E=   9.3 I=  24.4 MET=2S2 2P         2P UP=2S1 2P2        2D  1
 -11.14019 -11.14021 -11.14033 -11.14154 -11.15348   5.88376   6.37937 -40.00000
  -9.23901  -9.23904  -9.23914  -9.24021  -9.25024   7.75861   8.19614 -40.00000
  -8.14912  -8.14914  -8.14933  -8.15108  -8.16335   8.81655   9.19933 -40.00000
  -7.80621  -7.80623  -7.80645  -7.80853  -7.82229   9.14757   9.51330 -40.00000
  -7.65815  -7.65817  -7.65837  -7.66029  -7.67344   9.29640   9.66248  -0.69539
  -7.60039  -7.60041  -7.60055  -7.60198  -7.61295   9.35974   9.72798  -1.07357
  -7.60639  -7.60640  -7.60652  -7.60764  -7.61690   9.35524   9.71627  10.53689
  -7.63190  -7.63192  -7.63201  -7.63287  -7.64056   9.32831   9.67398  10.48509
  -7.67904  -7.67906  -7.67911  -7.67974  -7.68566   9.27600   9.59200  10.38168
  -7.71910  -7.71911  -7.71916  -7.71965  -7.72448   9.23075   9.52013  10.28791
  -7.76070  -7.76071  -7.76075  -7.76115  -7.76508   9.18364   9.44492  10.18662
  -7.81666  -7.81667  -7.81669  -7.81699  -7.82000   9.12072   9.34508  -3.38037
  -7.85923  -7.85924  -7.85926  -7.85950  -7.86197   9.07339   9.27131   9.93956
  -7.90186  -7.90186  -7.90188  -7.90208  -7.90410   9.02658   9.20007   9.83275
  -7.95817  -7.95817  -7.95820  -7.95834  -7.95991  -7.97662   9.11039   9.69417
 1036.3 Z= 1 M=1 E=  12.0 I=  24.4 MET=2S2 2P         2P UP=2S1 2P2        2S  1
 -12.82404 -12.82404 -12.82406 -12.82412 -12.82410  -5.48525  -4.65019 -40.00000
 -10.29715 -10.29717 -10.29733 -10.29878 -10.30593  -3.02391  -2.17757 -40.00000
  -8.77669  -8.77674  -8.77717  -8.78111  -8.80121  -1.67737  -0.83768 -40.00000
  -8.28665  -8.28669  -8.28713  -8.29114  -8.31206  -1.32270  -0.49320 -40.00000
  -8.05826  -8.05829  -8.05863  -8.06164  -8.07817  -1.22063  -0.40033  -1.12094
  -7.94630  -7.94632  -7.94649  -7.94819  -7.95849  -1.25158  -0.43478  -1.50152
  -7.93023  -7.93023  -7.93034  -7.93140  -7.93839  -1.33986  -0.51849  -0.12986
  -7.93788  -7.93788  -7.93795  -7.93858  -7.94318  -1.45279  -0.62400  -0.21756
  -7.96359  -7.96359  -7.96362  -7.96393  -7.96655  -1.61862  -0.77892  -0.34027
  -7.98789  -7.98789  -7.98791  -7.98809  -7.98981  -1.74890  -0.90190  -0.43483
  -8.01374  -8.01374  -8.01375  -8.01387  -8.01503  -1.88007  -1.02762  -0.53025
  -8.04875  -8.04875  -8.04875  -8.04881  -8.04955  -2.05234  -1.19647  -3.82385
  -8.07536  -8.07536  -8.07536  -8.07541  -8.07596  -2.18075  -1.32552  -0.75684
  -8.10193  -8.10193  -8.10194  -8.10198  -8.10241  -2.30695  -1.45523  -0.85750
  -8.13695  -8.13695  -8.13697  -8.13699  -8.13734  -8.14266  -1.62704  -0.99428
  903.7 Z= 1 M=1 E=  13.7 I=  24.4 MET=2S2 2P         2P UP=2S1 2P2        2P  1
 -13.06852 -13.06852 -13.06850 -13.06831 -13.06643  -5.71029  -4.81785 -40.00000
 -10.17855 -10.17855 -10.17855 -10.17841 -10.17725  -2.98923  -2.07424 -40.00000
  -8.46291  -8.46291  -8.46290  -8.46286  -8.46246  -1.53747  -0.60668 -40.00000
  -7.89053  -7.89053  -7.89053  -7.89054  -7.89060  -1.18313  -0.25201 -40.00000
  -7.60201  -7.60201  -7.60201  -7.60206  -7.60248  -1.13583  -0.20950  -0.47806
  -7.44117  -7.44117  -7.44118  -7.44125  -7.44196  -1.36678  -0.44355  -0.84717
  -7.40191  -7.40191  -7.40192  -7.40200  -7.40277  -1.63327  -0.70857  -0.10798
  -7.39263  -7.39263  -7.39264  -7.39272  -7.39349  -1.92951  -1.00105  -0.39035
  -7.40187  -7.40187  -7.40188  -7.40195  -7.40266  -2.34213  -1.40675  -0.77354
  -7.41642  -7.41642  -7.41643  -7.41649  -7.41714  -2.66149  -1.72036  -1.06625
  -7.43395  -7.43395  -7.43396  -7.43402  -7.43460  -2.98336  -2.03666  -1.36012
  -7.45928  -7.45928  -7.45928  -7.45933  -7.45984  -3.40973  -2.45655  -3.14503
  -7.47919  -7.47919  -7.47919  -7.47924  -7.47969  -3.73120  -2.77419  -2.05224
  -7.49940  -7.49940  -7.49940  -7.49944  -7.49985  -4.05005  -3.09061  -2.34466
  -7.52633  -7.52633  -7.52633  -7.52637  -7.52673  -7.53032  -3.50438  -2.72547
  858.1 Z= 1 M=1 E=  14.4 I=  24.4 MET=2S2 2P         2P UP=2S2 3S         2S  1
 -14.08928 -14.08926 -14.08907 -14.08754 -14.08586  -7.70934  -6.93569 -40.00000
 -11.01671 -11.01671 -11.01677 -11.01760 -11.03798  -4.67133  -3.95166 -40.00000
  -9.27345  -9.27350  -9.27408  -9.27978  -9.33577  -3.05916  -2.43599 -40.00000
  -8.79810  -8.79818  -8.79899  -8.80696  -8.87781  -2.59042  -2.04641 -40.00000
  -8.65245  -8.65253  -8.65340  -8.66200  -8.73635  -2.38447  -1.90734  -2.81944
  -8.65778  -8.65786  -8.65865  -8.66635  -8.73364  -2.29742  -1.87769  -3.27224
  -8.71294  -8.71301  -8.71369  -8.72042  -8.77971  -2.31182  -1.91143  -1.61008
  -8.79414  -8.79421  -8.79477  -8.80040  -8.85068  -2.35306  -1.96033  -1.66398
  -8.91649  -8.91653  -8.91695  -8.92118  -8.95986  -2.42638  -2.03186  -1.72886
  -9.01150  -9.01154  -9.01187  -9.01517  -9.04593  -2.48898  -2.08673  -1.77261
  -9.10541  -9.10542  -9.10569  -9.10820  -9.13203  -2.55513  -2.14119  -1.81297
  -9.22610  -9.22610  -9.22626  -9.22794  -9.24410  -2.64672  -2.21262  -5.64234
  -9.31436  -9.31439  -9.31450  -9.31566  -9.32713  -2.71870  -2.26660  -1.90202
  -9.40005  -9.40005  -9.40012  -9.40086  -9.40844  -2.79284  -2.32092  -1.94168
  -9.50938  -9.50938  -9.50942  -9.50974  -9.51322  -9.54911  -2.39378  -1.99773
  687.0 Z= 1 M=1 E=  18.0 I=  24.4 MET=2S2 2P         2P UP=2S2 3D         2D  1
 -15.38511 -15.38418 -15.37489 -15.29630 -14.98496  -7.86278  -6.86496 -40.00000
 -11.59309 -11.59240 -11.58558 -11.52687 -11.28197  -4.28133  -3.18294 -40.00000
  -9.38104  -9.38062  -9.37642  -9.33946  -9.17309  -2.33925  -1.24853 -40.00000
  -8.66976  -8.66949  -8.66685  -8.64324  -8.52850  -1.77176  -0.73176 -40.00000
  -8.31856  -8.31840  -8.31691  -8.30331  -8.23116  -1.53775  -0.54308  -1.31729
  -8.10581  -8.10574  -8.10510  -8.09910  -8.06308  -1.47775  -0.50821  -1.74516
  -8.03880  -8.03876  -8.03842  -8.03513  -8.01379  -1.51915  -0.55067  -0.07632
  -8.01086  -8.01084  -8.01066  -8.00890  -7.99661  -1.59412  -0.61536  -0.12810
  -8.00221  -8.00221  -8.00213  -8.00141  -7.99586  -1.71735  -0.71445  -0.19309
  -8.00561  -8.00561  -8.00558  -8.00524  -8.00244  -1.81957  -0.79389  -0.23809
  -8.01294  -8.01294  -8.01292  -8.01280  -8.01160  -1.92613  -0.87566  -0.28062
  -8.02545  -8.02545  -8.02545  -8.02545  -8.02533  -2.07164  -0.98696  -4.11456
  -8.03591  -8.03591  -8.03591  -8.03595  -8.03622  -2.18466  -1.07370  -0.37929
  -8.04676  -8.04676  -8.04676  -8.04682  -8.04727  -2.30011  -1.16271  -0.42560
  -8.06138  -8.06138  -8.06138  -8.06145  -8.06197  -8.06409  -1.28392  -0.49327
  977.0 Z= 2 M=1 E=  12.7 I=  47.9 MET=2S2(1S)        1P UP=2S2P(1P)       1P  2
 -11.82709 -11.78180 -11.77614 -11.77602 -11.78044 -11.82292 -12.10882 -12.87395
  -9.23457  -9.18371  -9.17691  -9.17653  -9.17963  -9.21003  -9.43325 -10.13336
  -7.80764  -7.77569  -7.77136  -7.77108  -7.77297  -7.79122  -7.93752  -8.51908
  -7.39023  -7.36987  -7.36703  -7.36690  -7.36848  -7.38302  -7.49896  -8.02153
  -7.21173  -7.19891  -7.19704  -7.19702  -7.19872  -7.21299  -7.32297  -7.85708
  -7.14426  -7.13988  -7.13921  -7.13934  -7.14110  -7.15578  -7.26992  -7.83151
  -7.15866  -7.15740  -7.15723  -7.15736  -7.15890  -7.17227  -7.28063  -7.83297
  -7.19923  -7.19892  -7.19889  -7.19902  -7.20027  -7.21176  -7.31057  -7.84234
  -7.27147  -7.27142  -7.27142  -7.27152  -7.27248  -7.28160  -7.36613  -7.86093
  -7.33210  -7.33209  -7.33209  -7.33218  -7.33296  -7.34051  -7.41396  -7.87515
  -7.39454  -7.39454  -7.39454  -7.39461  -7.39523  -7.40144  -7.46425  -7.88864
  -7.47770  -7.47770  -7.47770  -7.47774  -7.47822  -7.48300  -7.53312  -7.90643
  -7.54039  -7.54039  -7.54042  -7.54044  -7.54084  -7.54475  -7.58656  -7.92109
  -7.60276  -7.60276  -7.60276  -7.60279  -7.60311  -7.60632  -7.64103  -7.93778
  -7.68458  -7.68458  -7.68458  -7.68461  -7.68488  -7.68736  -7.71437  -7.96414
 1175.7 Z= 2 M=1 E=  17.0 I=  47.9 MET=2S2(1S)        1P UP=2P2(3P)        3P  2
 -13.33894 -13.22623 -13.21321 -13.21233 -13.21674 -13.26014 -13.55175 -14.32167
  -9.88160  -9.74179  -9.72499  -9.72352  -9.72599  -9.75224  -9.95758 -10.64028
  -8.06527  -7.92889  -7.91255  -7.91090  -7.91084  -7.91249  -7.97742  -8.47410
  -7.62083  -7.48039  -7.46346  -7.46167  -7.46047  -7.44683  -7.42169  -7.80384
  -7.50923  -7.35229  -7.33294  -7.33103  -7.33036  -7.31289  -7.25082  -7.62813
  -7.66778  -7.49641  -7.47487  -7.47305  -7.47478  -7.46786  -7.42843  -7.85677
  -7.96379  -7.79547  -7.77440  -7.77268  -7.77526  -7.77485  -7.75057  -8.17352
  -8.34303  -8.17880  -8.15835  -8.15663  -8.15900  -8.16063  -8.13440  -8.52074
  -8.86176  -8.69362  -8.67253  -8.67064  -8.67241  -8.67473  -8.64119  -8.95999
  -9.24822  -9.06875  -9.04579  -9.04363  -9.04495  -9.04736  -9.00905  -9.26969
  -9.62738  -9.42987  -9.40386  -9.40133  -9.40226  -9.40461  -9.36319  -9.56279
 -10.11938  -9.88860  -9.85649  -9.85324  -9.85376  -9.85593  -9.81345  -9.93171
 -10.48655 -10.22402 -10.18542 -10.18143 -10.18168 -10.18369 -10.14262 -10.20151
 -10.85065 -10.55135 -10.50428 -10.49932 -10.49932 -10.50115 -10.46315 -10.46666
 -11.32799 -10.97402 -10.91188 -10.90515 -10.90484 -10.90646 -10.87441 -10.81378
 1175.7 Z= 2 M=2 E=  17.0 I=  47.9 MET=2S2P(3P)       3D UP=2P2(3P)        3P  2
 -11.34089 -11.34101 -11.34106 -11.34151 -11.34607 -11.38974 -11.68244 -12.45336
  -9.20863  -9.20884  -9.20888  -9.20917  -9.21228  -9.24266  -9.46998 -10.17740
  -8.00097  -8.00136  -8.00140  -8.00162  -8.00370  -8.02389  -8.19269  -8.82636
  -7.64757  -7.64806  -7.64815  -7.64832  -7.65007  -7.66602  -7.80615  -8.39327
  -7.50540  -7.50601  -7.50610  -7.50628  -7.50792  -7.52157  -7.64167  -8.18680
  -7.46258  -7.46325  -7.46333  -7.46352  -7.46505  -7.47689  -7.57771  -8.07291
  -7.48731  -7.48808  -7.48817  -7.48832  -7.48974  -7.50025  -7.58802  -8.04720
  -7.53292  -7.53400  -7.53412  -7.53427  -7.53546  -7.54465  -7.62023  -8.04478
  -7.60888  -7.61065  -7.61085  -7.61098  -7.61195  -7.61945  -7.68036  -8.05853
  -7.67155  -7.67419  -7.67447  -7.67457  -7.67537  -7.68180  -7.73309  -8.07593
  -7.73588  -7.73977  -7.74016  -7.74028  -7.74094  -7.74640  -7.78951  -8.09764
  -7.82125  -7.82773  -7.82839  -7.82851  -7.82902  -7.83344  -7.86783  -8.13234
  -7.88506  -7.89456  -7.89553  -7.89567  -7.89609  -7.89984  -7.92908  -8.16307
  -7.94749  -7.96135  -7.96278  -7.96296  -7.96332  -7.96649  -7.99155  -8.19769
  -8.02693  -8.04942  -8.05173  -8.05199  -8.05227  -8.05482  -8.07557  -8.24921
  459.6 Z= 2 M=1 E=  33.5 I=  47.9 MET=2S2(1S)        1P UP=2S3D(3D)       3D  2
 -21.06056 -20.95320 -20.93685 -20.90218 -20.76493 -20.57086 -20.24894 -20.47775
 -14.03668 -13.90440 -13.88554 -13.85915 -13.74838 -13.59148 -13.28890 -13.33225
 -10.08274  -9.95712  -9.94002  -9.92148  -9.83794  -9.71269  -9.43026  -9.25408
  -8.90612  -8.77938  -8.76244  -8.74818  -8.68277  -8.57506  -8.30349  -8.06835
  -8.41139  -8.27012  -8.25139  -8.24054  -8.19128  -8.10191  -7.86279  -7.70487
  -8.30818  -8.15322  -8.13275  -8.12529  -8.09344  -8.03178  -7.86474  -7.84514
  -8.49381  -8.34237  -8.32262  -8.31704  -8.29453  -8.24815  -8.11878  -8.13981
  -8.81081  -8.66473  -8.64586  -8.64154  -8.62537  -8.58826  -8.47594  -8.49818
  -9.27587  -9.12804  -9.10885  -9.10545  -9.09488  -9.06659  -8.96829  -8.97041
  -9.63316  -9.47581  -9.45503  -9.45192  -9.44426  -9.42129  -9.33126  -9.31000
  -9.98888  -9.81533  -9.79176  -9.78864  -9.78311  -9.76467  -9.68195  -9.63307
 -10.45546 -10.25078 -10.22136 -10.21789 -10.21429 -10.20077 -10.12711 -10.03791
 -10.80643 -10.57095 -10.53517 -10.53114 -10.52850 -10.51802 -10.45122 -10.33042
 -11.15658 -10.88423 -10.84002 -10.83510 -10.83311 -10.82514 -10.76541 -10.61372
 -11.61919 -11.28940 -11.22989 -11.22328 -11.22174 -11.21641 -11.16641 -10.97775
  459.6 Z= 2 M=2 E=  33.5 I=  47.9 MET=2S2P(3P)       3D UP=2S3D(3D)       3D  2
 -19.06251 -19.06798 -19.06470 -19.03136 -18.89426 -18.70045 -18.37963 -18.60943
 -13.36371 -13.37145 -13.36943 -13.34480 -13.23466 -13.08190 -12.80131 -12.86938
 -10.01844 -10.02959 -10.02886 -10.01220  -9.93080  -9.82408  -9.64553  -9.60634
  -8.93286  -8.94705  -8.94714  -8.93483  -8.87237  -8.79425  -8.68795  -8.65778
  -8.40755  -8.42384  -8.42454  -8.41579  -8.36885  -8.31059  -8.25363  -8.26355
  -8.10297  -8.12006  -8.12121  -8.11576  -8.08372  -8.04081  -8.01402  -8.06128
  -8.01733  -8.03499  -8.03639  -8.03268  -8.00901  -7.97355  -7.95623  -8.01349
  -8.00069  -8.01993  -8.02163  -8.01917  -8.00184  -7.97227  -7.96177  -8.02223
  -8.02299  -8.04507  -8.04718  -8.04580  -8.03441  -8.01132  -8.00747  -8.06895
  -8.05649  -8.08125  -8.08370  -8.08287  -8.07468  -8.05572  -8.05530  -8.11624
  -8.09738  -8.12524  -8.12806  -8.12759  -8.12179  -8.10646  -8.10826  -8.16792
  -8.15733  -8.18991  -8.19326  -8.19316  -8.18955  -8.17828  -8.18149  -8.23854
  -8.20494  -8.24149  -8.24528  -8.24538  -8.24292  -8.23417  -8.23768  -8.29198
  -8.25342  -8.29423  -8.29853  -8.29874  -8.29711  -8.29048  -8.29381  -8.34475
  -8.31813  -8.36480  -8.36973  -8.37012  -8.36917  -8.36477  -8.36756  -8.41318
  312.4 Z= 3 M=1 E=  39.7 I=  64.5 MET=2S1            2P UP=3P1            2P  3
 -25.32209 -25.32193 -25.32031 -25.30437 -25.17590 -24.73891 -24.42651 -24.54025
 -16.84905 -16.84894 -16.84778 -16.83646 -16.73993 -16.34423 -15.97772 -16.02598
 -11.85888 -11.85881 -11.85808 -11.85099 -11.78704 -11.46044 -11.04084 -11.00898
 -10.25685 -10.25682 -10.25633 -10.25141 -10.20582  -9.93718  -9.49995  -9.41816
  -9.49547  -9.49544  -9.49510  -9.49173  -9.45982  -9.24814  -8.82063  -8.71363
  -9.06554  -9.06552  -9.06532  -9.06339  -9.04468  -8.90395  -8.53237  -8.42919
  -8.92585  -8.92583  -8.92571  -8.92451  -8.91280  -8.81782  -8.51228  -8.42296
  -8.85629  -8.85628  -8.85621  -8.85550  -8.84845  -8.78805  -8.55400  -8.47830
  -8.82198  -8.82198  -8.82194  -8.82158  -8.81810  -8.78662  -8.63551  -8.57468
  -8.81782  -8.81782  -8.81779  -8.81759  -8.81556  -8.79678  -8.69379  -8.64355
  -8.82227  -8.82227  -8.82226  -8.82215  -8.82097  -8.80992  -8.74248  -8.70294
  -8.83439  -8.83439  -8.83438  -8.83433  -8.83377  -8.82841  -8.79194  -8.76601
  -8.84573  -8.84573  -8.84573  -8.84570  -8.84539  -8.84236  -8.82033  -8.80350
  -8.85794  -8.85794  -8.85794  -8.85793  -8.85775  -8.85607  -8.84326  -8.83393
  -8.87471  -8.87471  -8.87471  -8.87471  -8.87463  -8.87390  -8.86807  -8.86602
  419.7 Z= 3 M=1 E=  37.5 I=  64.5 MET=2S1            2P UP=3S1            2S  3
 -24.11108 -24.11108 -24.11093 -24.10952 -24.09622 -24.01619 -23.92141 -24.08202
 -16.10669 -16.10667 -16.10658 -16.10556 -16.09581 -16.02964 -15.91969 -16.02561
 -11.40894 -11.40894 -11.40887 -11.40820 -11.40171 -11.35208 -11.23244 -11.27724
  -9.92175  -9.92175  -9.92170  -9.92119  -9.91633  -9.87669  -9.75685  -9.76731
  -9.24664  -9.24664  -9.24660  -9.24621  -9.24237  -9.20985  -9.09442  -9.09034
  -8.93974  -8.93974  -8.93971  -8.93940  -8.93631  -8.90938  -8.80043  -8.80028
  -8.91377  -8.91375  -8.91374  -8.91345  -8.91062  -8.88557  -8.77731  -8.77808
  -8.97219  -8.97219  -8.97215  -8.97188  -8.96910  -8.94427  -8.83047  -8.81983
  -9.11213  -9.11213  -9.11211  -9.11182  -9.10902  -9.08352  -8.95704  -8.91278
  -9.23879  -9.23879  -9.23876  -9.23847  -9.23565  -9.20964  -9.07286  -8.99332
  -9.37360  -9.37360  -9.37357  -9.37328  -9.37042  -9.34394  -9.19682  -9.07597
  -9.55770  -9.55769  -9.55766  -9.55737  -9.55448  -9.52744  -9.36728  -9.18576
  -9.69902  -9.69902  -9.69899  -9.69870  -9.69578  -9.66837  -9.49916  -9.26924
  -9.84117  -9.84117  -9.84113  -9.84084  -9.83790  -9.81016  -9.63283  -9.35388
 -10.02966 -10.02966 -10.02962 -10.02933 -10.02636  -9.99823  -9.81163  -9.46899
  384.1 Z= 3 M=1 E=  40.3 I=  64.5 MET=2S1            2P UP=3D1            2D  3
 -25.11800 -25.11783 -25.11612 -25.09942 -24.96581 -24.51845 -24.19107 -24.21878
 -16.51835 -16.51824 -16.51700 -16.50491 -16.40263 -15.99273 -15.61243 -15.59336
 -11.46066 -11.46057 -11.45977 -11.45178 -11.38046 -11.02980 -10.59213 -10.51243
  -9.84767  -9.84761  -9.84700  -9.84101  -9.78610  -9.48030  -9.01328  -8.89016
  -9.09897  -9.09892  -9.09844  -9.09371  -9.04960  -8.78071  -8.29819  -8.14154
  -8.71945  -8.71941  -8.71905  -8.71532  -8.67989  -8.44631  -7.95773  -7.77526
  -8.64066  -8.64063  -8.64029  -8.63705  -8.60593  -8.39200  -7.90336  -7.70592
  -8.64980  -8.64976  -8.64946  -8.64652  -8.61833  -8.41840  -7.92710  -7.70941
  -8.73092  -8.73092  -8.73063  -8.72803  -8.70289  -8.51807  -8.02040  -7.76364
  -8.81466  -8.81463  -8.81439  -8.81201  -8.78899  -8.61550  -8.11421  -7.82061
  -8.90713  -8.90710  -8.90689  -8.90471  -8.88368  -8.72122  -8.21805  -7.88316
  -9.03567  -9.03566  -9.03546  -9.03355  -9.01488  -8.86647  -8.36425  -7.97062
  -9.13514  -9.13512  -9.13495  -9.13320  -9.11616  -8.97791  -8.47928  -8.03997
  -9.23548  -9.23546  -9.23531  -9.23371  -9.21817  -9.08962  -8.59712  -8.11250
  -9.36875  -9.36873  -9.36861  -9.36719  -9.35341  -9.23697  -8.75619  -8.21438
   40.7 Z= 4 M=1 E= 304.4 I= 392.1 MET=1S2            1P UP=1S1 2P1        1P  4
 -40.00000 -40.00000 -40.00000 -40.00000 -40.00000 -40.00000 -40.00000 -40.00000
 -40.00000 -40.00000 -40.00000 -40.00000 -40.00000 -40.00000 -40.00000 -40.00000
 -34.99761 -34.82067 -34.78417 -34.74861 -34.73328 -34.73819 -34.75593 -34.76341
 -22.00229 -21.88442 -21.85579 -21.81840 -21.80173 -21.80212 -21.80914 -21.81272
 -15.54038 -15.44596 -15.42132 -15.38523 -15.36819 -15.36797 -15.37474 -15.38084
 -11.74330 -11.66456 -11.64364 -11.61133 -11.59507 -11.59903 -11.62344 -11.64696
 -10.54703 -10.48204 -10.46423 -10.43490 -10.41946 -10.42947 -10.47929 -10.52146
  -9.98688  -9.93943  -9.92489  -9.89711  -9.88092  -9.89235  -9.94743  -9.98831
  -9.66331  -9.63991  -9.63090  -9.60850  -9.59200  -9.59742  -9.62898  -9.65112
  -9.55321  -9.54076  -9.53501  -9.51788  -9.50266  -9.50411  -9.52098  -9.53374
  -9.49595  -9.48945  -9.48587  -9.47340  -9.46014  -9.45943  -9.46791  -9.47542
  -9.45848  -9.45574  -9.45385  -9.44601  -9.43557  -9.43377  -9.43698  -9.44084
  -9.44360  -9.44217  -9.44101  -9.43559  -9.42712  -9.42513  -9.42659  -9.42895
  -9.43398  -9.43325  -9.43252  -9.42884  -9.42206  -9.42011  -9.42071  -9.42215
  -9.42498  -9.42467  -9.42428  -9.42208  -9.41715  -9.41539  -9.41548  -9.41623
   35.0 Z= 4 M=1 E= 354.5 I= 392.1 MET=1S2            1P UP=1S1 3P1        1P  4
 -40.00000 -40.00000 -40.00000 -40.00000 -40.00000 -40.00000 -40.00000 -40.00000
 -40.00000 -40.00000 -40.00000 -40.00000 -40.00000 -40.00000 -40.00000 -40.00000
 -40.00000 -40.00000 -40.00000 -40.00000 -39.97455 -39.75869 -39.34848 -38.98402
 -25.05628 -25.03055 -25.02207 -25.00697 -24.98481 -24.87181 -24.59832 -24.32609
 -17.53221 -17.51747 -17.51208 -17.50144 -17.48844 -17.42551 -17.23897 -17.04170
 -13.09396 -13.08683 -13.08343 -13.07531 -13.06744 -13.03693 -12.92169 -12.79758
 -11.64606 -11.64264 -11.64027 -11.63338 -11.62760 -11.61190 -11.54593 -11.47728
 -10.89640 -10.89492 -10.89302 -10.88635 -10.88111 -10.87351 -10.83957 -10.80599
 -10.47893 -10.47853 -10.47716 -10.47132 -10.46631 -10.46286 -10.44686 -10.42867
 -10.36644 -10.36626 -10.36519 -10.36006 -10.35505 -10.35260 -10.34213 -10.32757
 -10.33070 -10.33060 -10.32975 -10.32528 -10.32021 -10.31821 -10.31110 -10.29902
 -10.33897 -10.33889 -10.33827 -10.33455 -10.32943 -10.32767 -10.32339 -10.31415
 -10.36475 -10.36468 -10.36418 -10.36099 -10.35585 -10.35411 -10.35121 -10.34392
 -10.39822 -10.39817 -10.39777 -10.39503 -10.38991 -10.38813 -10.38614 -10.38058
 -10.44800 -10.44797 -10.44768 -10.44546 -10.44042 -10.43846 -10.43724 -10.43358
   33.8 Z= 5 M=1 E= 367.3 I= 489.8 MET=1S             2P UP=2P             2P  5
 -40.00000 -40.00000 -40.00000 -40.00000 -40.00000 -40.00000 -40.00000 -40.00000
 -40.00000 -40.00000 -40.00000 -40.00000 -40.00000 -40.00000 -40.00000 -40.00000
 -40.00000 -40.00000 -40.00000 -40.00000 -40.00000 -40.00000 -40.00000 -40.00000
 -24.92821 -24.92821 -24.92821 -24.92818 -24.92794 -24.92657 -24.92529 -24.92535
 -17.09552 -17.09552 -17.09546 -17.09487 -17.08971 -17.06905 -17.05916 -17.06171
 -12.48462 -12.48459 -12.48426 -12.48119 -12.46206 -12.43480 -12.43537 -12.44165
 -11.00309 -11.00305 -11.00256 -10.99818 -10.97623 -10.95598 -10.95985 -10.96702
 -10.30186 -10.30181 -10.30131 -10.29696 -10.27734 -10.26233 -10.26684 -10.27418
  -9.91418  -9.91415  -9.91380  -9.91061  -9.89654  -9.88608  -9.88951  -9.89593
  -9.80791  -9.80787  -9.80764  -9.80540  -9.79516  -9.78695  -9.78926  -9.79457
  -9.78152  -9.78150  -9.78133  -9.77984  -9.77249  -9.76594  -9.76730  -9.77153
  -9.80374  -9.80372  -9.80363  -9.80275  -9.79808  -9.79319  -9.79369  -9.79668
  -9.84022  -9.84022  -9.84015  -9.83956  -9.83628  -9.83236  -9.83248  -9.83467
  -9.88421  -9.88418  -9.88416  -9.88378  -9.88147  -9.87836  -9.87823  -9.87978
  -9.94746  -9.94746  -9.94743  -9.94721  -9.94575  -9.94351  -9.94323  -9.94416
   28.5 Z= 5 M=1 E= 435.4 I= 489.8 MET=1S             2P UP=3P             2P  5
 -40.00000 -40.00000 -40.00000 -40.00000 -40.00000 -40.00000 -40.00000 -40.00000
 -40.00000 -40.00000 -40.00000 -40.00000 -40.00000 -40.00000 -40.00000 -40.00000
 -40.00000 -40.00000 -40.00000 -40.00000 -40.00000 -40.00000 -40.00000 -40.00000
 -28.61165 -28.61127 -28.60732 -28.56980 -28.31817 -27.72202 -27.29129 -27.17110
 -19.30321 -19.30291 -19.29976 -19.26989 -19.06790 -18.62556 -18.33743 -18.23713
 -13.81413 -13.81388 -13.81132 -13.78783 -13.66025 -13.50017 -13.39837 -13.33543
 -12.05452 -12.05429 -12.05197 -12.03122 -11.93637 -11.84814 -11.78815 -11.73801
 -11.22692 -11.22671 -11.22454 -11.20558 -11.12650 -11.06337 -11.02307 -10.98011
 -10.77436 -10.77417 -10.77235 -10.75643 -10.69069 -10.64025 -10.61467 -10.58011
 -10.65345 -10.65328 -10.65176 -10.63844 -10.58079 -10.53427 -10.51522 -10.48693
 -10.62663 -10.62651 -10.62528 -10.61405 -10.56255 -10.51738 -10.50220 -10.47956
 -10.65900 -10.65892 -10.65793 -10.64902 -10.60405 -10.55895 -10.54627 -10.53003
 -10.70716 -10.70707 -10.70625 -10.69870 -10.65810 -10.61250 -10.60047 -10.58821
 -10.76449 -10.76442 -10.76373 -10.75733 -10.72067 -10.67454 -10.66254 -10.65345
 -10.84677 -10.84672 -10.84617 -10.84098 -10.80905 -10.76252 -10.74992 -10.74385
===============================================================================
 1=/u/spek/adas/pass/c_b_wjd92.pass        
 2=/u/spek/adas/pass/c_be_wjd92.pass       
 3=/u/spek/adas/pass/c_li_wjd92.pass       
 4=/u/spek/adas/pass/c_he_wjd92.pass       
 5=/u/spek/adas/pass/c_h_wjd92.pass        
