    6    5   50    1    6           Be:100.0 Al:  0.2 Si:  0.2 Si-Abs:300.0    
================================================================================
  11.00000  12.00000  13.00000  14.00000  15.00000
   0.69897   0.78060   0.86224   0.94387   1.02550   1.10713   1.18877   1.27040
   1.35203   1.43366   1.51530   1.59693   1.67856   1.76019   1.84183   1.92346
   2.00509   2.08672   2.16836   2.24999   2.33162   2.41326   2.49489   2.57652
   2.65815   2.73979   2.82142   2.90305   2.98468   3.06632   3.14795   3.22958
   3.31121   3.39285   3.47448   3.55611   3.63775   3.71938   3.80101   3.88264
   3.96428   4.04591   4.12754   4.20917   4.29081   4.37244   4.45407   4.53570
   4.61734   4.69897
================================================================================
 -74.00000 -74.00000 -74.00000 -74.00000 -74.00000
 -74.00000 -74.00000 -74.00000 -74.00000 -74.00000
 -74.00000 -74.00000 -74.00000 -74.00000 -74.00000
 -74.00000 -74.00000 -74.00000 -74.00000 -74.00000
 -74.00000 -74.00000 -74.00000 -74.00000 -74.00000
 -74.00000 -74.00000 -74.00000 -74.00000 -74.00000
 -74.00000 -74.00000 -74.00000 -74.00000 -74.00000
 -74.00000 -74.00000 -74.00000 -74.00000 -74.00000
 -74.00000 -74.00000 -74.00000 -74.00000 -74.00000
 -74.00000 -74.00000 -74.00000 -74.00000 -74.00000
 -74.00000 -74.00000 -74.00000 -74.00000 -74.00000
 -74.00000 -74.00000 -74.00000 -74.00000 -74.00000
 -74.00000 -74.00000 -74.00000 -74.00000 -74.00000
 -74.00000 -74.00000 -74.00000 -74.00000 -74.00000
 -74.00000 -74.00000 -74.00000 -74.00000 -74.00000
 -74.00000 -74.00000 -74.00000 -74.00000 -74.00000
 -74.00000 -74.00000 -74.00000 -74.00000 -74.00000
 -74.00000 -74.00000 -74.00000 -74.00000 -74.00000
 -74.00000 -74.00000 -74.00000 -74.00000 -74.00000
 -74.00000 -74.00000 -74.00000 -74.00000 -74.00000
 -74.00000 -74.00000 -74.00000 -74.00000 -74.00000
 -74.00000 -74.00000 -74.00000 -74.00000 -74.00000
 -74.00000 -74.00000 -74.00000 -74.00000 -74.00000
 -74.00000 -74.00000 -74.00000 -74.00000 -74.00000
 -74.00000 -74.00000 -74.00000 -74.00000 -74.00000
 -74.00000 -74.00000 -74.00000 -74.00000 -74.00000
 -74.00000 -74.00000 -74.00000 -74.00000 -74.00000
 -74.00000 -74.00000 -74.00000 -74.00000 -74.00000
 -74.00000 -74.00000 -74.00000 -74.00000 -74.00000
 -74.00000 -74.00000 -74.00000 -74.00000 -74.00000
 -74.00000 -74.00000 -74.00000 -74.00000 -74.00000
 -74.00000 -74.00000 -74.00000 -74.00000 -74.00000
 -74.00000 -74.00000 -74.00000 -74.00000 -74.00000
 -74.00000 -74.00000 -74.00000 -74.00000 -74.00000
 -74.00000 -74.00000 -74.00000 -74.00000 -74.00000
 -74.00000 -74.00000 -74.00000 -74.00000 -74.00000
 -74.00000 -74.00000 -74.00000 -74.00000 -74.00000
 -74.00000 -74.00000 -74.00000 -74.00000 -74.00000
 -74.00000 -74.00000 -74.00000 -74.00000 -74.00000
 -74.00000 -74.00000 -74.00000 -74.00000 -74.00000
 -74.00000 -74.00000 -74.00000 -74.00000 -74.00000
 -74.00000 -74.00000 -74.00000 -74.00000 -74.00000
 -74.00000 -74.00000 -74.00000 -74.00000 -74.00000
 -74.00000 -74.00000 -74.00000 -74.00000 -74.00000
 -74.00000 -74.00000 -74.00000 -74.00000 -74.00000
 -74.00000 -74.00000 -74.00000 -74.00000 -74.00000
 -74.00000 -74.00000 -74.00000 -74.00000 -74.00000
 -74.00000 -74.00000 -74.00000 -74.00000 -74.00000
 -74.00000 -74.00000 -74.00000 -74.00000 -74.00000
 -74.00000 -74.00000 -74.00000 -74.00000 -74.00000
================================================================================
 -74.00000 -74.00000 -74.00000 -74.00000 -74.00000
 -74.00000 -74.00000 -74.00000 -74.00000 -74.00000
 -74.00000 -74.00000 -74.00000 -74.00000 -74.00000
 -74.00000 -74.00000 -74.00000 -74.00000 -74.00000
 -74.00000 -74.00000 -74.00000 -74.00000 -74.00000
 -74.00000 -74.00000 -74.00000 -74.00000 -74.00000
 -74.00000 -74.00000 -74.00000 -74.00000 -74.00000
 -74.00000 -74.00000 -74.00000 -74.00000 -74.00000
 -74.00000 -74.00000 -74.00000 -74.00000 -74.00000
 -74.00000 -74.00000 -74.00000 -74.00000 -74.00000
 -74.00000 -74.00000 -74.00000 -74.00000 -74.00000
 -74.00000 -74.00000 -74.00000 -74.00000 -74.00000
 -74.00000 -74.00000 -74.00000 -74.00000 -74.00000
 -74.00000 -74.00000 -74.00000 -74.00000 -74.00000
 -74.00000 -74.00000 -74.00000 -74.00000 -74.00000
 -74.00000 -74.00000 -74.00000 -74.00000 -74.00000
 -74.00000 -74.00000 -74.00000 -74.00000 -74.00000
 -74.00000 -74.00000 -74.00000 -74.00000 -74.00000
 -74.00000 -74.00000 -74.00000 -74.00000 -74.00000
 -74.00000 -74.00000 -74.00000 -74.00000 -74.00000
 -74.00000 -74.00000 -74.00000 -74.00000 -74.00000
 -74.00000 -74.00000 -74.00000 -74.00000 -74.00000
 -74.00000 -74.00000 -74.00000 -74.00000 -74.00000
 -74.00000 -74.00000 -74.00000 -74.00000 -74.00000
 -74.00000 -74.00000 -74.00000 -74.00000 -74.00000
 -74.00000 -74.00000 -74.00000 -74.00000 -74.00000
 -74.00000 -74.00000 -74.00000 -74.00000 -74.00000
 -74.00000 -74.00000 -74.00000 -74.00000 -74.00000
 -74.00000 -74.00000 -74.00000 -74.00000 -74.00000
 -74.00000 -74.00000 -74.00000 -74.00000 -74.00000
 -74.00000 -74.00000 -74.00000 -74.00000 -74.00000
 -74.00000 -74.00000 -74.00000 -74.00000 -74.00000
 -74.00000 -74.00000 -74.00000 -74.00000 -74.00000
 -74.00000 -74.00000 -74.00000 -74.00000 -74.00000
 -74.00000 -74.00000 -74.00000 -74.00000 -74.00000
 -74.00000 -74.00000 -74.00000 -74.00000 -74.00000
 -74.00000 -74.00000 -74.00000 -74.00000 -74.00000
 -74.00000 -74.00000 -74.00000 -74.00000 -74.00000
 -74.00000 -74.00000 -74.00000 -74.00000 -74.00000
 -74.00000 -74.00000 -74.00000 -74.00000 -74.00000
 -74.00000 -74.00000 -74.00000 -74.00000 -74.00000
 -74.00000 -74.00000 -74.00000 -74.00000 -74.00000
 -74.00000 -74.00000 -74.00000 -74.00000 -74.00000
 -74.00000 -74.00000 -74.00000 -74.00000 -74.00000
 -74.00000 -74.00000 -74.00000 -74.00000 -74.00000
 -74.00000 -74.00000 -74.00000 -74.00000 -74.00000
 -74.00000 -74.00000 -74.00000 -74.00000 -74.00000
 -74.00000 -74.00000 -74.00000 -74.00000 -74.00000
 -74.00000 -74.00000 -74.00000 -74.00000 -74.00000
 -74.00000 -74.00000 -74.00000 -74.00000 -74.00000
================================================================================
 -74.00000 -74.00000 -74.00000 -74.00000 -74.00000
 -74.00000 -74.00000 -74.00000 -74.00000 -74.00000
 -74.00000 -74.00000 -74.00000 -74.00000 -74.00000
 -74.00000 -74.00000 -74.00000 -74.00000 -74.00000
 -74.00000 -74.00000 -74.00000 -74.00000 -74.00000
 -74.00000 -74.00000 -74.00000 -74.00000 -74.00000
 -74.00000 -74.00000 -74.00000 -74.00000 -74.00000
 -74.00000 -74.00000 -74.00000 -74.00000 -74.00000
 -74.00000 -74.00000 -74.00000 -74.00000 -74.00000
 -74.00000 -74.00000 -74.00000 -74.00000 -74.00000
 -74.00000 -74.00000 -74.00000 -74.00000 -74.00000
 -74.00000 -74.00000 -74.00000 -74.00000 -74.00000
 -74.00000 -74.00000 -74.00000 -74.00000 -74.00000
 -74.00000 -74.00000 -74.00000 -74.00000 -74.00000
 -74.00000 -74.00000 -74.00000 -74.00000 -74.00000
 -74.00000 -74.00000 -74.00000 -74.00000 -74.00000
 -74.00000 -74.00000 -74.00000 -74.00000 -74.00000
 -74.00000 -74.00000 -74.00000 -74.00000 -74.00000
 -74.00000 -74.00000 -74.00000 -74.00000 -74.00000
 -74.00000 -74.00000 -74.00000 -74.00000 -74.00000
 -74.00000 -74.00000 -74.00000 -74.00000 -74.00000
 -74.00000 -74.00000 -74.00000 -74.00000 -74.00000
 -74.00000 -74.00000 -74.00000 -74.00000 -74.00000
 -74.00000 -74.00000 -74.00000 -74.00000 -74.00000
 -74.00000 -74.00000 -74.00000 -74.00000 -74.00000
 -74.00000 -74.00000 -74.00000 -74.00000 -74.00000
 -74.00000 -74.00000 -74.00000 -74.00000 -74.00000
 -74.00000 -74.00000 -74.00000 -74.00000 -74.00000
 -74.00000 -74.00000 -74.00000 -74.00000 -74.00000
 -74.00000 -74.00000 -74.00000 -74.00000 -74.00000
 -74.00000 -74.00000 -74.00000 -74.00000 -74.00000
 -74.00000 -74.00000 -74.00000 -74.00000 -74.00000
 -74.00000 -74.00000 -74.00000 -74.00000 -74.00000
 -74.00000 -74.00000 -74.00000 -74.00000 -74.00000
 -74.00000 -74.00000 -74.00000 -74.00000 -74.00000
 -74.00000 -74.00000 -74.00000 -74.00000 -74.00000
 -74.00000 -74.00000 -74.00000 -74.00000 -74.00000
 -74.00000 -74.00000 -74.00000 -74.00000 -74.00000
 -74.00000 -74.00000 -74.00000 -74.00000 -74.00000
 -74.00000 -74.00000 -74.00000 -74.00000 -74.00000
 -74.00000 -74.00000 -74.00000 -74.00000 -74.00000
 -74.00000 -74.00000 -74.00000 -74.00000 -74.00000
 -74.00000 -74.00000 -74.00000 -74.00000 -74.00000
 -74.00000 -74.00000 -74.00000 -74.00000 -74.00000
 -74.00000 -74.00000 -74.00000 -74.00000 -74.00000
 -74.00000 -74.00000 -74.00000 -74.00000 -74.00000
 -74.00000 -74.00000 -74.00000 -74.00000 -74.00000
 -74.00000 -74.00000 -74.00000 -74.00000 -74.00000
 -74.00000 -74.00000 -74.00000 -74.00000 -74.00000
 -74.00000 -74.00000 -74.00000 -74.00000 -74.00000
================================================================================
 -74.00000 -74.00000 -74.00000 -74.00000 -74.00000
 -74.00000 -74.00000 -74.00000 -74.00000 -74.00000
 -74.00000 -74.00000 -74.00000 -74.00000 -74.00000
 -74.00000 -74.00000 -74.00000 -74.00000 -74.00000
 -74.00000 -74.00000 -74.00000 -74.00000 -74.00000
 -74.00000 -74.00000 -74.00000 -74.00000 -74.00000
 -74.00000 -74.00000 -74.00000 -74.00000 -74.00000
 -74.00000 -74.00000 -74.00000 -74.00000 -74.00000
 -74.00000 -74.00000 -74.00000 -74.00000 -74.00000
 -74.00000 -74.00000 -74.00000 -74.00000 -74.00000
 -74.00000 -74.00000 -74.00000 -74.00000 -74.00000
 -74.00000 -74.00000 -74.00000 -74.00000 -74.00000
 -74.00000 -74.00000 -74.00000 -74.00000 -74.00000
 -74.00000 -74.00000 -74.00000 -74.00000 -74.00000
 -74.00000 -74.00000 -74.00000 -74.00000 -74.00000
 -74.00000 -74.00000 -74.00000 -74.00000 -74.00000
 -74.00000 -74.00000 -74.00000 -74.00000 -74.00000
 -74.00000 -74.00000 -74.00000 -74.00000 -74.00000
 -74.00000 -74.00000 -74.00000 -74.00000 -74.00000
 -74.00000 -74.00000 -74.00000 -74.00000 -74.00000
 -74.00000 -74.00000 -74.00000 -74.00000 -74.00000
 -74.00000 -74.00000 -74.00000 -74.00000 -74.00000
 -74.00000 -74.00000 -74.00000 -74.00000 -74.00000
 -74.00000 -74.00000 -74.00000 -74.00000 -74.00000
 -74.00000 -74.00000 -74.00000 -74.00000 -74.00000
 -74.00000 -74.00000 -74.00000 -74.00000 -74.00000
 -74.00000 -74.00000 -74.00000 -74.00000 -74.00000
 -74.00000 -74.00000 -74.00000 -74.00000 -74.00000
 -74.00000 -74.00000 -74.00000 -74.00000 -74.00000
 -74.00000 -74.00000 -74.00000 -74.00000 -74.00000
 -74.00000 -74.00000 -74.00000 -74.00000 -74.00000
 -74.00000 -74.00000 -74.00000 -74.00000 -74.00000
 -74.00000 -74.00000 -74.00000 -74.00000 -74.00000
 -74.00000 -74.00000 -74.00000 -74.00000 -74.00000
 -74.00000 -74.00000 -74.00000 -74.00000 -74.00000
 -74.00000 -74.00000 -74.00000 -74.00000 -74.00000
 -74.00000 -74.00000 -74.00000 -74.00000 -74.00000
 -74.00000 -74.00000 -74.00000 -74.00000 -74.00000
 -74.00000 -74.00000 -74.00000 -74.00000 -74.00000
 -74.00000 -74.00000 -74.00000 -74.00000 -74.00000
 -74.00000 -74.00000 -74.00000 -74.00000 -74.00000
 -74.00000 -74.00000 -74.00000 -74.00000 -74.00000
 -74.00000 -74.00000 -74.00000 -74.00000 -74.00000
 -74.00000 -74.00000 -74.00000 -74.00000 -74.00000
 -74.00000 -74.00000 -74.00000 -74.00000 -74.00000
 -74.00000 -74.00000 -74.00000 -74.00000 -74.00000
 -74.00000 -74.00000 -74.00000 -74.00000 -74.00000
 -74.00000 -74.00000 -74.00000 -74.00000 -74.00000
 -74.00000 -74.00000 -74.00000 -74.00000 -74.00000
 -74.00000 -74.00000 -74.00000 -74.00000 -74.00000
================================================================================
 -74.00000 -74.00000 -74.00000 -74.00000 -74.00000
 -70.13347 -70.13347 -70.13347 -70.13347 -70.13347
 -66.35918 -66.35918 -66.35918 -66.35918 -66.35918
 -63.23569 -63.23569 -63.23569 -63.23569 -63.23569
 -60.65132 -60.65132 -60.65132 -60.65132 -60.65132
 -58.51349 -58.51349 -58.51349 -58.51349 -58.51349
 -56.74547 -56.74547 -56.74547 -56.74547 -56.74547
 -55.28372 -55.28372 -55.28372 -55.28372 -55.28372
 -54.07562 -54.07562 -54.07562 -54.07562 -54.07562
 -53.07768 -53.07768 -53.07768 -53.07768 -53.07768
 -52.25393 -52.25393 -52.25393 -52.25393 -52.25393
 -51.57462 -51.57462 -51.57462 -51.57462 -51.57462
 -51.01513 -51.01513 -51.01513 -51.01513 -51.01513
 -50.55506 -50.55506 -50.55506 -50.55506 -50.55506
 -50.17751 -50.17751 -50.17751 -50.17751 -50.17751
 -49.86845 -49.86845 -49.86845 -49.86845 -49.86845
 -49.61625 -49.61625 -49.61625 -49.61625 -49.61625
 -49.41123 -49.41123 -49.41123 -49.41123 -49.41123
 -49.24538 -49.24538 -49.24538 -49.24538 -49.24538
 -49.11203 -49.11203 -49.11203 -49.11203 -49.11203
 -49.00564 -49.00564 -49.00564 -49.00564 -49.00564
 -48.92161 -48.92161 -48.92161 -48.92161 -48.92161
 -48.85614 -48.85614 -48.85614 -48.85614 -48.85614
 -48.80605 -48.80605 -48.80605 -48.80605 -48.80605
 -48.76873 -48.76873 -48.76873 -48.76873 -48.76873
 -48.74197 -48.74197 -48.74197 -48.74197 -48.74197
 -48.72399 -48.72399 -48.72399 -48.72399 -48.72399
 -48.71328 -48.71328 -48.71328 -48.71328 -48.71328
 -48.70860 -48.70860 -48.70860 -48.70860 -48.70860
 -48.70891 -48.70891 -48.70891 -48.70891 -48.70891
 -48.71337 -48.71337 -48.71337 -48.71337 -48.71337
 -48.72125 -48.72125 -48.72125 -48.72125 -48.72125
 -48.73198 -48.73198 -48.73198 -48.73198 -48.73198
 -48.74507 -48.74507 -48.74507 -48.74507 -48.74507
 -48.76011 -48.76011 -48.76011 -48.76011 -48.76011
 -48.77677 -48.77677 -48.77677 -48.77677 -48.77677
 -48.79477 -48.79477 -48.79477 -48.79477 -48.79477
 -48.81388 -48.81388 -48.81388 -48.81388 -48.81388
 -48.83391 -48.83391 -48.83391 -48.83391 -48.83391
 -48.85471 -48.85471 -48.85471 -48.85471 -48.85471
 -48.87614 -48.87614 -48.87614 -48.87614 -48.87614
 -48.89809 -48.89809 -48.89809 -48.89809 -48.89809
 -48.92048 -48.92048 -48.92048 -48.92048 -48.92048
 -48.94323 -48.94323 -48.94323 -48.94323 -48.94323
 -48.96628 -48.96628 -48.96628 -48.96628 -48.96628
 -48.98957 -48.98957 -48.98957 -48.98957 -48.98957
 -49.01307 -49.01307 -49.01307 -49.01307 -49.01307
 -49.03674 -49.03674 -49.03674 -49.03674 -49.03674
 -49.06055 -49.06055 -49.06055 -49.06055 -49.06055
 -49.08448 -49.08448 -49.08448 -49.08448 -49.08448
================================================================================
 -74.00000 -74.00000 -74.00000 -74.00000 -74.00000
 -73.99602 -73.99602 -73.99602 -73.99602 -73.99602
 -69.49413 -69.49413 -69.49413 -69.49413 -69.49413
 -65.76784 -65.76784 -65.76784 -65.76784 -65.76784
 -62.68416 -62.68416 -62.68416 -62.68416 -62.68416
 -60.13283 -60.13283 -60.13283 -60.13283 -60.13283
 -58.02236 -58.02236 -58.02236 -58.02236 -58.02236
 -56.27685 -56.27685 -56.27685 -56.27685 -56.27685
 -54.83338 -54.83338 -54.83338 -54.83338 -54.83338
 -53.63986 -53.63986 -53.63986 -53.63986 -53.63986
 -52.65325 -52.65325 -52.65325 -52.65325 -52.65325
 -51.83805 -51.83805 -51.83805 -51.83805 -51.83805
 -51.16495 -51.16495 -51.16495 -51.16495 -51.16495
 -50.60981 -50.60981 -50.60981 -50.60981 -50.60981
 -50.15264 -50.15264 -50.15264 -50.15264 -50.15264
 -49.77691 -49.77691 -49.77691 -49.77691 -49.77691
 -49.46890 -49.46890 -49.46890 -49.46890 -49.46890
 -49.21720 -49.21720 -49.21720 -49.21720 -49.21720
 -49.01233 -49.01233 -49.01233 -49.01233 -49.01233
 -48.84640 -48.84640 -48.84640 -48.84640 -48.84640
 -48.71283 -48.71283 -48.71283 -48.71283 -48.71283
 -48.60616 -48.60616 -48.60616 -48.60616 -48.60616
 -48.52183 -48.52183 -48.52183 -48.52183 -48.52183
 -48.45605 -48.45605 -48.45605 -48.45605 -48.45605
 -48.40566 -48.40566 -48.40566 -48.40566 -48.40566
 -48.36807 -48.36807 -48.36807 -48.36807 -48.36807
 -48.34107 -48.34107 -48.34107 -48.34107 -48.34107
 -48.32288 -48.32288 -48.32288 -48.32288 -48.32288
 -48.31199 -48.31199 -48.31199 -48.31199 -48.31199
 -48.30714 -48.30714 -48.30714 -48.30714 -48.30714
 -48.30732 -48.30732 -48.30732 -48.30732 -48.30732
 -48.31166 -48.31166 -48.31166 -48.31166 -48.31166
 -48.31944 -48.31944 -48.31944 -48.31944 -48.31944
 -48.33009 -48.33009 -48.33009 -48.33009 -48.33009
 -48.34311 -48.34311 -48.34311 -48.34311 -48.34311
 -48.35809 -48.35809 -48.35809 -48.35809 -48.35809
 -48.37470 -48.37470 -48.37470 -48.37470 -48.37470
 -48.39266 -48.39266 -48.39266 -48.39266 -48.39266
 -48.41174 -48.41174 -48.41174 -48.41174 -48.41174
 -48.43174 -48.43174 -48.43174 -48.43174 -48.43174
 -48.45251 -48.45251 -48.45251 -48.45251 -48.45251
 -48.47392 -48.47392 -48.47392 -48.47392 -48.47392
 -48.49586 -48.49586 -48.49586 -48.49586 -48.49586
 -48.51824 -48.51824 -48.51824 -48.51824 -48.51824
 -48.54098 -48.54098 -48.54098 -48.54098 -48.54098
 -48.56401 -48.56401 -48.56401 -48.56401 -48.56401
 -48.58730 -48.58730 -48.58730 -48.58730 -48.58730
 -48.61079 -48.61079 -48.61079 -48.61079 -48.61079
 -48.63446 -48.63446 -48.63446 -48.63446 -48.63446
 -48.65826 -48.65826 -48.65826 -48.65826 -48.65826
