   54    5   30    1   54     /                   /ABELS-VAN MAANEN 1985   ADF1
================================================================================
  11.00000  12.00000  13.00000  14.00000  15.00000
   0.00000   0.16203   0.32407   0.48610   0.64813   0.81017   0.97220   1.13423
   1.29627   1.45830   1.62033   1.78237   1.94440   2.10643   2.26847   2.43050
   2.59254   2.75457   2.91660   3.07864   3.24067   3.40270   3.56474   3.72677
   3.88880   4.05084   4.21287   4.37490   4.53694   4.69897
 --------------------/ IGRD= 1  / IPRT= 0  /PLT     / Z1= 1   / DATE= 14.05.98  
 -40.00000 -40.00000 -40.00000 -40.00000 -40.00000
 -40.00000 -40.00000 -40.00000 -40.00000 -40.00000
 -40.00000 -40.00000 -40.00000 -40.00000 -40.00000
 -40.00000 -40.00000 -40.00000 -40.00000 -40.00000
 -40.00000 -40.00000 -40.00000 -40.00000 -40.00000
 -40.00000 -40.00000 -40.00000 -40.00000 -40.00000
 -40.00000 -40.00000 -40.00000 -40.00000 -40.00000
 -40.00000 -40.00000 -40.00000 -40.00000 -40.00000
 -40.00000 -40.00000 -40.00000 -40.00000 -40.00000
 -40.00000 -40.00000 -40.00000 -40.00000 -40.00000
 -40.00000 -40.00000 -40.00000 -40.00000 -40.00000
 -40.00000 -40.00000 -40.00000 -40.00000 -40.00000
 -40.00000 -40.00000 -40.00000 -40.00000 -40.00000
 -40.00000 -40.00000 -40.00000 -40.00000 -40.00000
 -40.00000 -40.00000 -40.00000 -40.00000 -40.00000
 -40.00000 -40.00000 -40.00000 -40.00000 -40.00000
 -40.00000 -40.00000 -40.00000 -40.00000 -40.00000
 -40.00000 -40.00000 -40.00000 -40.00000 -40.00000
 -40.00000 -40.00000 -40.00000 -40.00000 -40.00000
 -40.00000 -40.00000 -40.00000 -40.00000 -40.00000
 -40.00000 -40.00000 -40.00000 -40.00000 -40.00000
 -40.00000 -40.00000 -40.00000 -40.00000 -40.00000
 -40.00000 -40.00000 -40.00000 -40.00000 -40.00000
 -40.00000 -40.00000 -40.00000 -40.00000 -40.00000
 -40.00000 -40.00000 -40.00000 -40.00000 -40.00000
 -40.00000 -40.00000 -40.00000 -40.00000 -40.00000
 -40.00000 -40.00000 -40.00000 -40.00000 -40.00000
 -40.00000 -40.00000 -40.00000 -40.00000 -40.00000
 -40.00000 -40.00000 -40.00000 -40.00000 -40.00000
 -40.00000 -40.00000 -40.00000 -40.00000 -40.00000
 --------------------/ IGRD= 1  / IPRT= 0  /PLT     / Z1= 2   / DATE= 14.05.98  
 -40.00000 -40.00000 -40.00000 -40.00000 -40.00000
 -40.00000 -40.00000 -40.00000 -40.00000 -40.00000
 -40.00000 -40.00000 -40.00000 -40.00000 -40.00000
 -40.00000 -40.00000 -40.00000 -40.00000 -40.00000
 -40.00000 -40.00000 -40.00000 -40.00000 -40.00000
 -40.00000 -40.00000 -40.00000 -40.00000 -40.00000
 -40.00000 -40.00000 -40.00000 -40.00000 -40.00000
 -40.00000 -40.00000 -40.00000 -40.00000 -40.00000
 -40.00000 -40.00000 -40.00000 -40.00000 -40.00000
 -40.00000 -40.00000 -40.00000 -40.00000 -40.00000
 -40.00000 -40.00000 -40.00000 -40.00000 -40.00000
 -40.00000 -40.00000 -40.00000 -40.00000 -40.00000
 -40.00000 -40.00000 -40.00000 -40.00000 -40.00000
 -40.00000 -40.00000 -40.00000 -40.00000 -40.00000
 -40.00000 -40.00000 -40.00000 -40.00000 -40.00000
 -40.00000 -40.00000 -40.00000 -40.00000 -40.00000
 -40.00000 -40.00000 -40.00000 -40.00000 -40.00000
 -40.00000 -40.00000 -40.00000 -40.00000 -40.00000
 -40.00000 -40.00000 -40.00000 -40.00000 -40.00000
 -40.00000 -40.00000 -40.00000 -40.00000 -40.00000
 -40.00000 -40.00000 -40.00000 -40.00000 -40.00000
 -40.00000 -40.00000 -40.00000 -40.00000 -40.00000
 -40.00000 -40.00000 -40.00000 -40.00000 -40.00000
 -40.00000 -40.00000 -40.00000 -40.00000 -40.00000
 -40.00000 -40.00000 -40.00000 -40.00000 -40.00000
 -40.00000 -40.00000 -40.00000 -40.00000 -40.00000
 -40.00000 -40.00000 -40.00000 -40.00000 -40.00000
 -40.00000 -40.00000 -40.00000 -40.00000 -40.00000
 -40.00000 -40.00000 -40.00000 -40.00000 -40.00000
 -40.00000 -40.00000 -40.00000 -40.00000 -40.00000
 --------------------/ IGRD= 1  / IPRT= 0  /PLT     / Z1= 3   / DATE= 14.05.98  
 -40.00000 -40.00000 -40.00000 -40.00000 -40.00000
 -40.00000 -40.00000 -40.00000 -40.00000 -40.00000
 -40.00000 -40.00000 -40.00000 -40.00000 -40.00000
 -40.00000 -40.00000 -40.00000 -40.00000 -40.00000
 -40.00000 -40.00000 -40.00000 -40.00000 -40.00000
 -40.00000 -40.00000 -40.00000 -40.00000 -40.00000
 -40.00000 -40.00000 -40.00000 -40.00000 -40.00000
 -40.00000 -40.00000 -40.00000 -40.00000 -40.00000
 -40.00000 -40.00000 -40.00000 -40.00000 -40.00000
 -40.00000 -40.00000 -40.00000 -40.00000 -40.00000
 -40.00000 -40.00000 -40.00000 -40.00000 -40.00000
 -40.00000 -40.00000 -40.00000 -40.00000 -40.00000
 -40.00000 -40.00000 -40.00000 -40.00000 -40.00000
 -40.00000 -40.00000 -40.00000 -40.00000 -40.00000
 -40.00000 -40.00000 -40.00000 -40.00000 -40.00000
 -40.00000 -40.00000 -40.00000 -40.00000 -40.00000
 -40.00000 -40.00000 -40.00000 -40.00000 -40.00000
 -40.00000 -40.00000 -40.00000 -40.00000 -40.00000
 -40.00000 -40.00000 -40.00000 -40.00000 -40.00000
 -40.00000 -40.00000 -40.00000 -40.00000 -40.00000
 -40.00000 -40.00000 -40.00000 -40.00000 -40.00000
 -40.00000 -40.00000 -40.00000 -40.00000 -40.00000
 -40.00000 -40.00000 -40.00000 -40.00000 -40.00000
 -40.00000 -40.00000 -40.00000 -40.00000 -40.00000
 -40.00000 -40.00000 -40.00000 -40.00000 -40.00000
 -40.00000 -40.00000 -40.00000 -40.00000 -40.00000
 -40.00000 -40.00000 -40.00000 -40.00000 -40.00000
 -40.00000 -40.00000 -40.00000 -40.00000 -40.00000
 -40.00000 -40.00000 -40.00000 -40.00000 -40.00000
 -40.00000 -40.00000 -40.00000 -40.00000 -40.00000
 --------------------/ IGRD= 1  / IPRT= 0  /PLT     / Z1= 4   / DATE= 14.05.98  
 -40.00000 -40.00000 -40.00000 -40.00000 -40.00000
 -40.00000 -40.00000 -40.00000 -40.00000 -40.00000
 -40.00000 -40.00000 -40.00000 -40.00000 -40.00000
 -40.00000 -40.00000 -40.00000 -40.00000 -40.00000
 -40.00000 -40.00000 -40.00000 -40.00000 -40.00000
 -40.00000 -40.00000 -40.00000 -40.00000 -40.00000
 -40.00000 -40.00000 -40.00000 -40.00000 -40.00000
 -40.00000 -40.00000 -40.00000 -40.00000 -40.00000
 -40.00000 -40.00000 -40.00000 -40.00000 -40.00000
 -40.00000 -40.00000 -40.00000 -40.00000 -40.00000
 -40.00000 -40.00000 -40.00000 -40.00000 -40.00000
 -40.00000 -40.00000 -40.00000 -40.00000 -40.00000
 -40.00000 -40.00000 -40.00000 -40.00000 -40.00000
 -40.00000 -40.00000 -40.00000 -40.00000 -40.00000
 -40.00000 -40.00000 -40.00000 -40.00000 -40.00000
 -40.00000 -40.00000 -40.00000 -40.00000 -40.00000
 -40.00000 -40.00000 -40.00000 -40.00000 -40.00000
 -40.00000 -40.00000 -40.00000 -40.00000 -40.00000
 -40.00000 -40.00000 -40.00000 -40.00000 -40.00000
 -40.00000 -40.00000 -40.00000 -40.00000 -40.00000
 -40.00000 -40.00000 -40.00000 -40.00000 -40.00000
 -40.00000 -40.00000 -40.00000 -40.00000 -40.00000
 -40.00000 -40.00000 -40.00000 -40.00000 -40.00000
 -40.00000 -40.00000 -40.00000 -40.00000 -40.00000
 -40.00000 -40.00000 -40.00000 -40.00000 -40.00000
 -40.00000 -40.00000 -40.00000 -40.00000 -40.00000
 -40.00000 -40.00000 -40.00000 -40.00000 -40.00000
 -40.00000 -40.00000 -40.00000 -40.00000 -40.00000
 -40.00000 -40.00000 -40.00000 -40.00000 -40.00000
 -40.00000 -40.00000 -40.00000 -40.00000 -40.00000
 --------------------/ IGRD= 1  / IPRT= 0  /PLT     / Z1= 5   / DATE= 14.05.98  
 -40.00000 -40.00000 -40.00000 -40.00000 -40.00000
 -40.00000 -40.00000 -40.00000 -40.00000 -40.00000
 -40.00000 -40.00000 -40.00000 -40.00000 -40.00000
 -40.00000 -40.00000 -40.00000 -40.00000 -40.00000
 -40.00000 -40.00000 -40.00000 -40.00000 -40.00000
 -40.00000 -40.00000 -40.00000 -40.00000 -40.00000
 -40.00000 -40.00000 -40.00000 -40.00000 -40.00000
 -40.00000 -40.00000 -40.00000 -40.00000 -40.00000
 -40.00000 -40.00000 -40.00000 -40.00000 -40.00000
 -40.00000 -40.00000 -40.00000 -40.00000 -40.00000
 -40.00000 -40.00000 -40.00000 -40.00000 -40.00000
 -40.00000 -40.00000 -40.00000 -40.00000 -40.00000
 -40.00000 -40.00000 -40.00000 -40.00000 -40.00000
 -40.00000 -40.00000 -40.00000 -40.00000 -40.00000
 -40.00000 -40.00000 -40.00000 -40.00000 -40.00000
 -40.00000 -40.00000 -40.00000 -40.00000 -40.00000
 -40.00000 -40.00000 -40.00000 -40.00000 -40.00000
 -40.00000 -40.00000 -40.00000 -40.00000 -40.00000
 -40.00000 -40.00000 -40.00000 -40.00000 -40.00000
 -40.00000 -40.00000 -40.00000 -40.00000 -40.00000
 -40.00000 -40.00000 -40.00000 -40.00000 -40.00000
 -40.00000 -40.00000 -40.00000 -40.00000 -40.00000
 -40.00000 -40.00000 -40.00000 -40.00000 -40.00000
 -40.00000 -40.00000 -40.00000 -40.00000 -40.00000
 -40.00000 -40.00000 -40.00000 -40.00000 -40.00000
 -40.00000 -40.00000 -40.00000 -40.00000 -40.00000
 -40.00000 -40.00000 -40.00000 -40.00000 -40.00000
 -40.00000 -40.00000 -40.00000 -40.00000 -40.00000
 -40.00000 -40.00000 -40.00000 -40.00000 -40.00000
 -40.00000 -40.00000 -40.00000 -40.00000 -40.00000
 --------------------/ IGRD= 1  / IPRT= 0  /PLT     / Z1= 6   / DATE= 14.05.98  
 -40.00000 -40.00000 -40.00000 -40.00000 -40.00000
 -40.00000 -40.00000 -40.00000 -40.00000 -40.00000
 -40.00000 -40.00000 -40.00000 -40.00000 -40.00000
 -40.00000 -40.00000 -40.00000 -40.00000 -40.00000
 -40.00000 -40.00000 -40.00000 -40.00000 -40.00000
 -40.00000 -40.00000 -40.00000 -40.00000 -40.00000
 -40.00000 -40.00000 -40.00000 -40.00000 -40.00000
 -40.00000 -40.00000 -40.00000 -40.00000 -40.00000
 -40.00000 -40.00000 -40.00000 -40.00000 -40.00000
 -40.00000 -40.00000 -40.00000 -40.00000 -40.00000
 -40.00000 -40.00000 -40.00000 -40.00000 -40.00000
 -40.00000 -40.00000 -40.00000 -40.00000 -40.00000
 -40.00000 -40.00000 -40.00000 -40.00000 -40.00000
 -40.00000 -40.00000 -40.00000 -40.00000 -40.00000
 -40.00000 -40.00000 -40.00000 -40.00000 -40.00000
 -40.00000 -40.00000 -40.00000 -40.00000 -40.00000
 -40.00000 -40.00000 -40.00000 -40.00000 -40.00000
 -40.00000 -40.00000 -40.00000 -40.00000 -40.00000
 -40.00000 -40.00000 -40.00000 -40.00000 -40.00000
 -40.00000 -40.00000 -40.00000 -40.00000 -40.00000
 -40.00000 -40.00000 -40.00000 -40.00000 -40.00000
 -40.00000 -40.00000 -40.00000 -40.00000 -40.00000
 -40.00000 -40.00000 -40.00000 -40.00000 -40.00000
 -40.00000 -40.00000 -40.00000 -40.00000 -40.00000
 -40.00000 -40.00000 -40.00000 -40.00000 -40.00000
 -40.00000 -40.00000 -40.00000 -40.00000 -40.00000
 -40.00000 -40.00000 -40.00000 -40.00000 -40.00000
 -40.00000 -40.00000 -40.00000 -40.00000 -40.00000
 -40.00000 -40.00000 -40.00000 -40.00000 -40.00000
 -40.00000 -40.00000 -40.00000 -40.00000 -40.00000
 --------------------/ IGRD= 1  / IPRT= 0  /PLT     / Z1= 7   / DATE= 14.05.98  
 -40.00000 -40.00000 -40.00000 -40.00000 -40.00000
 -40.00000 -40.00000 -40.00000 -40.00000 -40.00000
 -40.00000 -40.00000 -40.00000 -40.00000 -40.00000
 -40.00000 -40.00000 -40.00000 -40.00000 -40.00000
 -40.00000 -40.00000 -40.00000 -40.00000 -40.00000
 -40.00000 -40.00000 -40.00000 -40.00000 -40.00000
 -40.00000 -40.00000 -40.00000 -40.00000 -40.00000
 -40.00000 -40.00000 -40.00000 -40.00000 -40.00000
 -40.00000 -40.00000 -40.00000 -40.00000 -40.00000
 -40.00000 -40.00000 -40.00000 -40.00000 -40.00000
 -40.00000 -40.00000 -40.00000 -40.00000 -40.00000
 -40.00000 -40.00000 -40.00000 -40.00000 -40.00000
 -40.00000 -40.00000 -40.00000 -40.00000 -40.00000
 -40.00000 -40.00000 -40.00000 -40.00000 -40.00000
 -40.00000 -40.00000 -40.00000 -40.00000 -40.00000
 -40.00000 -40.00000 -40.00000 -40.00000 -40.00000
 -40.00000 -40.00000 -40.00000 -40.00000 -40.00000
 -40.00000 -40.00000 -40.00000 -40.00000 -40.00000
 -40.00000 -40.00000 -40.00000 -40.00000 -40.00000
 -40.00000 -40.00000 -40.00000 -40.00000 -40.00000
 -40.00000 -40.00000 -40.00000 -40.00000 -40.00000
 -40.00000 -40.00000 -40.00000 -40.00000 -40.00000
 -40.00000 -40.00000 -40.00000 -40.00000 -40.00000
 -40.00000 -40.00000 -40.00000 -40.00000 -40.00000
 -40.00000 -40.00000 -40.00000 -40.00000 -40.00000
 -40.00000 -40.00000 -40.00000 -40.00000 -40.00000
 -40.00000 -40.00000 -40.00000 -40.00000 -40.00000
 -40.00000 -40.00000 -40.00000 -40.00000 -40.00000
 -40.00000 -40.00000 -40.00000 -40.00000 -40.00000
 -40.00000 -40.00000 -40.00000 -40.00000 -40.00000
 --------------------/ IGRD= 1  / IPRT= 0  /PLT     / Z1= 8   / DATE= 14.05.98  
 -40.00000 -40.00000 -40.00000 -40.00000 -40.00000
 -40.00000 -40.00000 -40.00000 -40.00000 -40.00000
 -40.00000 -40.00000 -40.00000 -40.00000 -40.00000
 -40.00000 -40.00000 -40.00000 -40.00000 -40.00000
 -40.00000 -40.00000 -40.00000 -40.00000 -40.00000
 -40.00000 -40.00000 -40.00000 -40.00000 -40.00000
 -40.00000 -40.00000 -40.00000 -40.00000 -40.00000
 -40.00000 -40.00000 -40.00000 -40.00000 -40.00000
 -40.00000 -40.00000 -40.00000 -40.00000 -40.00000
 -40.00000 -40.00000 -40.00000 -40.00000 -40.00000
 -40.00000 -40.00000 -40.00000 -40.00000 -40.00000
 -40.00000 -40.00000 -40.00000 -40.00000 -40.00000
 -40.00000 -40.00000 -40.00000 -40.00000 -40.00000
 -40.00000 -40.00000 -40.00000 -40.00000 -40.00000
 -40.00000 -40.00000 -40.00000 -40.00000 -40.00000
 -40.00000 -40.00000 -40.00000 -40.00000 -40.00000
 -40.00000 -40.00000 -40.00000 -40.00000 -40.00000
 -40.00000 -40.00000 -40.00000 -40.00000 -40.00000
 -40.00000 -40.00000 -40.00000 -40.00000 -40.00000
 -40.00000 -40.00000 -40.00000 -40.00000 -40.00000
 -40.00000 -40.00000 -40.00000 -40.00000 -40.00000
 -40.00000 -40.00000 -40.00000 -40.00000 -40.00000
 -40.00000 -40.00000 -40.00000 -40.00000 -40.00000
 -40.00000 -40.00000 -40.00000 -40.00000 -40.00000
 -40.00000 -40.00000 -40.00000 -40.00000 -40.00000
 -40.00000 -40.00000 -40.00000 -40.00000 -40.00000
 -40.00000 -40.00000 -40.00000 -40.00000 -40.00000
 -40.00000 -40.00000 -40.00000 -40.00000 -40.00000
 -40.00000 -40.00000 -40.00000 -40.00000 -40.00000
 -40.00000 -40.00000 -40.00000 -40.00000 -40.00000
 --------------------/ IGRD= 1  / IPRT= 0  /PLT     / Z1= 9   / DATE= 14.05.98  
 -40.00000 -40.00000 -40.00000 -40.00000 -40.00000
 -40.00000 -40.00000 -40.00000 -40.00000 -40.00000
 -40.00000 -40.00000 -40.00000 -40.00000 -40.00000
 -40.00000 -40.00000 -40.00000 -40.00000 -40.00000
 -40.00000 -40.00000 -40.00000 -40.00000 -40.00000
 -40.00000 -40.00000 -40.00000 -40.00000 -40.00000
 -40.00000 -40.00000 -40.00000 -40.00000 -40.00000
 -40.00000 -40.00000 -40.00000 -40.00000 -40.00000
 -40.00000 -40.00000 -40.00000 -40.00000 -40.00000
 -40.00000 -40.00000 -40.00000 -40.00000 -40.00000
 -40.00000 -40.00000 -40.00000 -40.00000 -40.00000
 -40.00000 -40.00000 -40.00000 -40.00000 -40.00000
 -40.00000 -40.00000 -40.00000 -40.00000 -40.00000
 -40.00000 -40.00000 -40.00000 -40.00000 -40.00000
 -40.00000 -40.00000 -40.00000 -40.00000 -40.00000
 -40.00000 -40.00000 -40.00000 -40.00000 -40.00000
 -40.00000 -40.00000 -40.00000 -40.00000 -40.00000
 -40.00000 -40.00000 -40.00000 -40.00000 -40.00000
 -40.00000 -40.00000 -40.00000 -40.00000 -40.00000
 -40.00000 -40.00000 -40.00000 -40.00000 -40.00000
 -40.00000 -40.00000 -40.00000 -40.00000 -40.00000
 -40.00000 -40.00000 -40.00000 -40.00000 -40.00000
 -40.00000 -40.00000 -40.00000 -40.00000 -40.00000
 -40.00000 -40.00000 -40.00000 -40.00000 -40.00000
 -40.00000 -40.00000 -40.00000 -40.00000 -40.00000
 -40.00000 -40.00000 -40.00000 -40.00000 -40.00000
 -40.00000 -40.00000 -40.00000 -40.00000 -40.00000
 -40.00000 -40.00000 -40.00000 -40.00000 -40.00000
 -40.00000 -40.00000 -40.00000 -40.00000 -40.00000
 -40.00000 -40.00000 -40.00000 -40.00000 -40.00000
 --------------------/ IGRD= 1  / IPRT= 0  /PLT     / Z1=10   / DATE= 14.05.98  
 -40.00000 -40.00000 -40.00000 -40.00000 -40.00000
 -40.00000 -40.00000 -40.00000 -40.00000 -40.00000
 -40.00000 -40.00000 -40.00000 -40.00000 -40.00000
 -40.00000 -40.00000 -40.00000 -40.00000 -40.00000
 -40.00000 -40.00000 -40.00000 -40.00000 -40.00000
 -40.00000 -40.00000 -40.00000 -40.00000 -40.00000
 -40.00000 -40.00000 -40.00000 -40.00000 -40.00000
 -40.00000 -40.00000 -40.00000 -40.00000 -40.00000
 -40.00000 -40.00000 -40.00000 -40.00000 -40.00000
 -40.00000 -40.00000 -40.00000 -40.00000 -40.00000
 -40.00000 -40.00000 -40.00000 -40.00000 -40.00000
 -40.00000 -40.00000 -40.00000 -40.00000 -40.00000
 -40.00000 -40.00000 -40.00000 -40.00000 -40.00000
 -40.00000 -40.00000 -40.00000 -40.00000 -40.00000
 -40.00000 -40.00000 -40.00000 -40.00000 -40.00000
 -40.00000 -40.00000 -40.00000 -40.00000 -40.00000
 -40.00000 -40.00000 -40.00000 -40.00000 -40.00000
 -40.00000 -40.00000 -40.00000 -40.00000 -40.00000
 -40.00000 -40.00000 -40.00000 -40.00000 -40.00000
 -40.00000 -40.00000 -40.00000 -40.00000 -40.00000
 -40.00000 -40.00000 -40.00000 -40.00000 -40.00000
 -40.00000 -40.00000 -40.00000 -40.00000 -40.00000
 -40.00000 -40.00000 -40.00000 -40.00000 -40.00000
 -40.00000 -40.00000 -40.00000 -40.00000 -40.00000
 -40.00000 -40.00000 -40.00000 -40.00000 -40.00000
 -40.00000 -40.00000 -40.00000 -40.00000 -40.00000
 -40.00000 -40.00000 -40.00000 -40.00000 -40.00000
 -40.00000 -40.00000 -40.00000 -40.00000 -40.00000
 -40.00000 -40.00000 -40.00000 -40.00000 -40.00000
 -40.00000 -40.00000 -40.00000 -40.00000 -40.00000
 --------------------/ IGRD= 1  / IPRT= 0  /PLT     / Z1=11   / DATE= 14.05.98  
 -40.00000 -40.00000 -40.00000 -40.00000 -40.00000
 -40.00000 -40.00000 -40.00000 -40.00000 -40.00000
 -40.00000 -40.00000 -40.00000 -40.00000 -40.00000
 -40.00000 -40.00000 -40.00000 -40.00000 -40.00000
 -40.00000 -40.00000 -40.00000 -40.00000 -40.00000
 -40.00000 -40.00000 -40.00000 -40.00000 -40.00000
 -40.00000 -40.00000 -40.00000 -40.00000 -40.00000
 -40.00000 -40.00000 -40.00000 -40.00000 -40.00000
 -40.00000 -40.00000 -40.00000 -40.00000 -40.00000
 -40.00000 -40.00000 -40.00000 -40.00000 -40.00000
 -40.00000 -40.00000 -40.00000 -40.00000 -40.00000
 -40.00000 -40.00000 -40.00000 -40.00000 -40.00000
 -40.00000 -40.00000 -40.00000 -40.00000 -40.00000
 -40.00000 -40.00000 -40.00000 -40.00000 -40.00000
 -40.00000 -40.00000 -40.00000 -40.00000 -40.00000
 -40.00000 -40.00000 -40.00000 -40.00000 -40.00000
 -40.00000 -40.00000 -40.00000 -40.00000 -40.00000
 -40.00000 -40.00000 -40.00000 -40.00000 -40.00000
 -40.00000 -40.00000 -40.00000 -40.00000 -40.00000
 -40.00000 -40.00000 -40.00000 -40.00000 -40.00000
 -40.00000 -40.00000 -40.00000 -40.00000 -40.00000
 -40.00000 -40.00000 -40.00000 -40.00000 -40.00000
 -40.00000 -40.00000 -40.00000 -40.00000 -40.00000
 -40.00000 -40.00000 -40.00000 -40.00000 -40.00000
 -40.00000 -40.00000 -40.00000 -40.00000 -40.00000
 -40.00000 -40.00000 -40.00000 -40.00000 -40.00000
 -40.00000 -40.00000 -40.00000 -40.00000 -40.00000
 -40.00000 -40.00000 -40.00000 -40.00000 -40.00000
 -40.00000 -40.00000 -40.00000 -40.00000 -40.00000
 -40.00000 -40.00000 -40.00000 -40.00000 -40.00000
 --------------------/ IGRD= 1  / IPRT= 0  /PLT     / Z1=12   / DATE= 14.05.98  
 -40.00000 -40.00000 -40.00000 -40.00000 -40.00000
 -40.00000 -40.00000 -40.00000 -40.00000 -40.00000
 -40.00000 -40.00000 -40.00000 -40.00000 -40.00000
 -40.00000 -40.00000 -40.00000 -40.00000 -40.00000
 -40.00000 -40.00000 -40.00000 -40.00000 -40.00000
 -40.00000 -40.00000 -40.00000 -40.00000 -40.00000
 -40.00000 -40.00000 -40.00000 -40.00000 -40.00000
 -40.00000 -40.00000 -40.00000 -40.00000 -40.00000
 -40.00000 -40.00000 -40.00000 -40.00000 -40.00000
 -40.00000 -40.00000 -40.00000 -40.00000 -40.00000
 -40.00000 -40.00000 -40.00000 -40.00000 -40.00000
 -40.00000 -40.00000 -40.00000 -40.00000 -40.00000
 -40.00000 -40.00000 -40.00000 -40.00000 -40.00000
 -40.00000 -40.00000 -40.00000 -40.00000 -40.00000
 -40.00000 -40.00000 -40.00000 -40.00000 -40.00000
 -40.00000 -40.00000 -40.00000 -40.00000 -40.00000
 -40.00000 -40.00000 -40.00000 -40.00000 -40.00000
 -40.00000 -40.00000 -40.00000 -40.00000 -40.00000
 -40.00000 -40.00000 -40.00000 -40.00000 -40.00000
 -40.00000 -40.00000 -40.00000 -40.00000 -40.00000
 -40.00000 -40.00000 -40.00000 -40.00000 -40.00000
 -40.00000 -40.00000 -40.00000 -40.00000 -40.00000
 -40.00000 -40.00000 -40.00000 -40.00000 -40.00000
 -40.00000 -40.00000 -40.00000 -40.00000 -40.00000
 -40.00000 -40.00000 -40.00000 -40.00000 -40.00000
 -40.00000 -40.00000 -40.00000 -40.00000 -40.00000
 -40.00000 -40.00000 -40.00000 -40.00000 -40.00000
 -40.00000 -40.00000 -40.00000 -40.00000 -40.00000
 -40.00000 -40.00000 -40.00000 -40.00000 -40.00000
 -40.00000 -40.00000 -40.00000 -40.00000 -40.00000
 --------------------/ IGRD= 1  / IPRT= 0  /PLT     / Z1=13   / DATE= 14.05.98  
 -40.00000 -40.00000 -40.00000 -40.00000 -40.00000
 -40.00000 -40.00000 -40.00000 -40.00000 -40.00000
 -40.00000 -40.00000 -40.00000 -40.00000 -40.00000
 -40.00000 -40.00000 -40.00000 -40.00000 -40.00000
 -40.00000 -40.00000 -40.00000 -40.00000 -40.00000
 -40.00000 -40.00000 -40.00000 -40.00000 -40.00000
 -40.00000 -40.00000 -40.00000 -40.00000 -40.00000
 -40.00000 -40.00000 -40.00000 -40.00000 -40.00000
 -40.00000 -40.00000 -40.00000 -40.00000 -40.00000
 -40.00000 -40.00000 -40.00000 -40.00000 -40.00000
 -40.00000 -40.00000 -40.00000 -40.00000 -40.00000
 -40.00000 -40.00000 -40.00000 -40.00000 -40.00000
 -40.00000 -40.00000 -40.00000 -40.00000 -40.00000
 -40.00000 -40.00000 -40.00000 -40.00000 -40.00000
 -40.00000 -40.00000 -40.00000 -40.00000 -40.00000
 -40.00000 -40.00000 -40.00000 -40.00000 -40.00000
 -40.00000 -40.00000 -40.00000 -40.00000 -40.00000
 -40.00000 -40.00000 -40.00000 -40.00000 -40.00000
 -40.00000 -40.00000 -40.00000 -40.00000 -40.00000
 -40.00000 -40.00000 -40.00000 -40.00000 -40.00000
 -40.00000 -40.00000 -40.00000 -40.00000 -40.00000
 -40.00000 -40.00000 -40.00000 -40.00000 -40.00000
 -40.00000 -40.00000 -40.00000 -40.00000 -40.00000
 -40.00000 -40.00000 -40.00000 -40.00000 -40.00000
 -40.00000 -40.00000 -40.00000 -40.00000 -40.00000
 -40.00000 -40.00000 -40.00000 -40.00000 -40.00000
 -40.00000 -40.00000 -40.00000 -40.00000 -40.00000
 -40.00000 -40.00000 -40.00000 -40.00000 -40.00000
 -40.00000 -40.00000 -40.00000 -40.00000 -40.00000
 -40.00000 -40.00000 -40.00000 -40.00000 -40.00000
 --------------------/ IGRD= 1  / IPRT= 0  /PLT     / Z1=14   / DATE= 14.05.98  
 -40.00000 -40.00000 -40.00000 -40.00000 -40.00000
 -40.00000 -40.00000 -40.00000 -40.00000 -40.00000
 -40.00000 -40.00000 -40.00000 -40.00000 -40.00000
 -40.00000 -40.00000 -40.00000 -40.00000 -40.00000
 -40.00000 -40.00000 -40.00000 -40.00000 -40.00000
 -40.00000 -40.00000 -40.00000 -40.00000 -40.00000
 -40.00000 -40.00000 -40.00000 -40.00000 -40.00000
 -40.00000 -40.00000 -40.00000 -40.00000 -40.00000
 -40.00000 -40.00000 -40.00000 -40.00000 -40.00000
 -40.00000 -40.00000 -40.00000 -40.00000 -40.00000
 -40.00000 -40.00000 -40.00000 -40.00000 -40.00000
 -40.00000 -40.00000 -40.00000 -40.00000 -40.00000
 -40.00000 -40.00000 -40.00000 -40.00000 -40.00000
 -40.00000 -40.00000 -40.00000 -40.00000 -40.00000
 -40.00000 -40.00000 -40.00000 -40.00000 -40.00000
 -40.00000 -40.00000 -40.00000 -40.00000 -40.00000
 -40.00000 -40.00000 -40.00000 -40.00000 -40.00000
 -40.00000 -40.00000 -40.00000 -40.00000 -40.00000
 -40.00000 -40.00000 -40.00000 -40.00000 -40.00000
 -40.00000 -40.00000 -40.00000 -40.00000 -40.00000
 -40.00000 -40.00000 -40.00000 -40.00000 -40.00000
 -40.00000 -40.00000 -40.00000 -40.00000 -40.00000
 -40.00000 -40.00000 -40.00000 -40.00000 -40.00000
 -40.00000 -40.00000 -40.00000 -40.00000 -40.00000
 -40.00000 -40.00000 -40.00000 -40.00000 -40.00000
 -40.00000 -40.00000 -40.00000 -40.00000 -40.00000
 -40.00000 -40.00000 -40.00000 -40.00000 -40.00000
 -40.00000 -40.00000 -40.00000 -40.00000 -40.00000
 -40.00000 -40.00000 -40.00000 -40.00000 -40.00000
 -40.00000 -40.00000 -40.00000 -40.00000 -40.00000
 --------------------/ IGRD= 1  / IPRT= 0  /PLT     / Z1=15   / DATE= 14.05.98  
 -40.00000 -40.00000 -40.00000 -40.00000 -40.00000
 -40.00000 -40.00000 -40.00000 -40.00000 -40.00000
 -40.00000 -40.00000 -40.00000 -40.00000 -40.00000
 -40.00000 -40.00000 -40.00000 -40.00000 -40.00000
 -40.00000 -40.00000 -40.00000 -40.00000 -40.00000
 -40.00000 -40.00000 -40.00000 -40.00000 -40.00000
 -40.00000 -40.00000 -40.00000 -40.00000 -40.00000
 -40.00000 -40.00000 -40.00000 -40.00000 -40.00000
 -40.00000 -40.00000 -40.00000 -40.00000 -40.00000
 -40.00000 -40.00000 -40.00000 -40.00000 -40.00000
 -40.00000 -40.00000 -40.00000 -40.00000 -40.00000
 -40.00000 -40.00000 -40.00000 -40.00000 -40.00000
 -40.00000 -40.00000 -40.00000 -40.00000 -40.00000
 -40.00000 -40.00000 -40.00000 -40.00000 -40.00000
 -40.00000 -40.00000 -40.00000 -40.00000 -40.00000
 -40.00000 -40.00000 -40.00000 -40.00000 -40.00000
 -40.00000 -40.00000 -40.00000 -40.00000 -40.00000
 -40.00000 -40.00000 -40.00000 -40.00000 -40.00000
 -40.00000 -40.00000 -40.00000 -40.00000 -40.00000
 -40.00000 -40.00000 -40.00000 -40.00000 -40.00000
 -40.00000 -40.00000 -40.00000 -40.00000 -40.00000
 -40.00000 -40.00000 -40.00000 -40.00000 -40.00000
 -40.00000 -40.00000 -40.00000 -40.00000 -40.00000
 -40.00000 -40.00000 -40.00000 -40.00000 -40.00000
 -40.00000 -40.00000 -40.00000 -40.00000 -40.00000
 -40.00000 -40.00000 -40.00000 -40.00000 -40.00000
 -40.00000 -40.00000 -40.00000 -40.00000 -40.00000
 -40.00000 -40.00000 -40.00000 -40.00000 -40.00000
 -40.00000 -40.00000 -40.00000 -40.00000 -40.00000
 -40.00000 -40.00000 -40.00000 -40.00000 -40.00000
 --------------------/ IGRD= 1  / IPRT= 0  /PLT     / Z1=16   / DATE= 14.05.98  
 -40.00000 -40.00000 -40.00000 -40.00000 -40.00000
 -40.00000 -40.00000 -40.00000 -40.00000 -40.00000
 -40.00000 -40.00000 -40.00000 -40.00000 -40.00000
 -40.00000 -40.00000 -40.00000 -40.00000 -40.00000
 -40.00000 -40.00000 -40.00000 -40.00000 -40.00000
 -40.00000 -40.00000 -40.00000 -40.00000 -40.00000
 -40.00000 -40.00000 -40.00000 -40.00000 -40.00000
 -40.00000 -40.00000 -40.00000 -40.00000 -40.00000
 -40.00000 -40.00000 -40.00000 -40.00000 -40.00000
 -40.00000 -40.00000 -40.00000 -40.00000 -40.00000
 -40.00000 -40.00000 -40.00000 -40.00000 -40.00000
 -40.00000 -40.00000 -40.00000 -40.00000 -40.00000
 -40.00000 -40.00000 -40.00000 -40.00000 -40.00000
 -40.00000 -40.00000 -40.00000 -40.00000 -40.00000
 -40.00000 -40.00000 -40.00000 -40.00000 -40.00000
 -40.00000 -40.00000 -40.00000 -40.00000 -40.00000
 -40.00000 -40.00000 -40.00000 -40.00000 -40.00000
 -40.00000 -40.00000 -40.00000 -40.00000 -40.00000
 -40.00000 -40.00000 -40.00000 -40.00000 -40.00000
 -40.00000 -40.00000 -40.00000 -40.00000 -40.00000
 -40.00000 -40.00000 -40.00000 -40.00000 -40.00000
 -40.00000 -40.00000 -40.00000 -40.00000 -40.00000
 -40.00000 -40.00000 -40.00000 -40.00000 -40.00000
 -40.00000 -40.00000 -40.00000 -40.00000 -40.00000
 -40.00000 -40.00000 -40.00000 -40.00000 -40.00000
 -40.00000 -40.00000 -40.00000 -40.00000 -40.00000
 -40.00000 -40.00000 -40.00000 -40.00000 -40.00000
 -40.00000 -40.00000 -40.00000 -40.00000 -40.00000
 -40.00000 -40.00000 -40.00000 -40.00000 -40.00000
 -40.00000 -40.00000 -40.00000 -40.00000 -40.00000
 --------------------/ IGRD= 1  / IPRT= 0  /PLT     / Z1=17   / DATE= 14.05.98  
 -40.00000 -40.00000 -40.00000 -40.00000 -40.00000
 -40.00000 -40.00000 -40.00000 -40.00000 -40.00000
 -40.00000 -40.00000 -40.00000 -40.00000 -40.00000
 -40.00000 -40.00000 -40.00000 -40.00000 -40.00000
 -40.00000 -40.00000 -40.00000 -40.00000 -40.00000
 -40.00000 -40.00000 -40.00000 -40.00000 -40.00000
 -40.00000 -40.00000 -40.00000 -40.00000 -40.00000
 -40.00000 -40.00000 -40.00000 -40.00000 -40.00000
 -40.00000 -40.00000 -40.00000 -40.00000 -40.00000
 -40.00000 -40.00000 -40.00000 -40.00000 -40.00000
 -40.00000 -40.00000 -40.00000 -40.00000 -40.00000
 -40.00000 -40.00000 -40.00000 -40.00000 -40.00000
 -40.00000 -40.00000 -40.00000 -40.00000 -40.00000
 -40.00000 -40.00000 -40.00000 -40.00000 -40.00000
 -40.00000 -40.00000 -40.00000 -40.00000 -40.00000
 -40.00000 -40.00000 -40.00000 -40.00000 -40.00000
 -40.00000 -40.00000 -40.00000 -40.00000 -40.00000
 -40.00000 -40.00000 -40.00000 -40.00000 -40.00000
 -40.00000 -40.00000 -40.00000 -40.00000 -40.00000
 -40.00000 -40.00000 -40.00000 -40.00000 -40.00000
 -40.00000 -40.00000 -40.00000 -40.00000 -40.00000
 -40.00000 -40.00000 -40.00000 -40.00000 -40.00000
 -40.00000 -40.00000 -40.00000 -40.00000 -40.00000
 -40.00000 -40.00000 -40.00000 -40.00000 -40.00000
 -40.00000 -40.00000 -40.00000 -40.00000 -40.00000
 -40.00000 -40.00000 -40.00000 -40.00000 -40.00000
 -40.00000 -40.00000 -40.00000 -40.00000 -40.00000
 -40.00000 -40.00000 -40.00000 -40.00000 -40.00000
 -40.00000 -40.00000 -40.00000 -40.00000 -40.00000
 -40.00000 -40.00000 -40.00000 -40.00000 -40.00000
 --------------------/ IGRD= 1  / IPRT= 0  /PLT     / Z1=18   / DATE= 14.05.98  
 -40.00000 -40.00000 -40.00000 -40.00000 -40.00000
 -40.00000 -40.00000 -40.00000 -40.00000 -40.00000
 -40.00000 -40.00000 -40.00000 -40.00000 -40.00000
 -40.00000 -40.00000 -40.00000 -40.00000 -40.00000
 -40.00000 -40.00000 -40.00000 -40.00000 -40.00000
 -40.00000 -40.00000 -40.00000 -40.00000 -40.00000
 -40.00000 -40.00000 -40.00000 -40.00000 -40.00000
 -40.00000 -40.00000 -40.00000 -40.00000 -40.00000
 -40.00000 -40.00000 -40.00000 -40.00000 -40.00000
 -40.00000 -40.00000 -40.00000 -40.00000 -40.00000
 -40.00000 -40.00000 -40.00000 -40.00000 -40.00000
 -40.00000 -40.00000 -40.00000 -40.00000 -40.00000
 -40.00000 -40.00000 -40.00000 -40.00000 -40.00000
 -40.00000 -40.00000 -40.00000 -40.00000 -40.00000
 -40.00000 -40.00000 -40.00000 -40.00000 -40.00000
 -40.00000 -40.00000 -40.00000 -40.00000 -40.00000
 -40.00000 -40.00000 -40.00000 -40.00000 -40.00000
 -40.00000 -40.00000 -40.00000 -40.00000 -40.00000
 -40.00000 -40.00000 -40.00000 -40.00000 -40.00000
 -40.00000 -40.00000 -40.00000 -40.00000 -40.00000
 -40.00000 -40.00000 -40.00000 -40.00000 -40.00000
 -40.00000 -40.00000 -40.00000 -40.00000 -40.00000
 -40.00000 -40.00000 -40.00000 -40.00000 -40.00000
 -40.00000 -40.00000 -40.00000 -40.00000 -40.00000
 -40.00000 -40.00000 -40.00000 -40.00000 -40.00000
 -40.00000 -40.00000 -40.00000 -40.00000 -40.00000
 -40.00000 -40.00000 -40.00000 -40.00000 -40.00000
 -40.00000 -40.00000 -40.00000 -40.00000 -40.00000
 -40.00000 -40.00000 -40.00000 -40.00000 -40.00000
 -40.00000 -40.00000 -40.00000 -40.00000 -40.00000
 --------------------/ IGRD= 1  / IPRT= 0  /PLT     / Z1=19   / DATE= 14.05.98  
 -40.00000 -40.00000 -40.00000 -40.00000 -40.00000
 -40.00000 -40.00000 -40.00000 -40.00000 -40.00000
 -40.00000 -40.00000 -40.00000 -40.00000 -40.00000
 -40.00000 -40.00000 -40.00000 -40.00000 -40.00000
 -40.00000 -40.00000 -40.00000 -40.00000 -40.00000
 -40.00000 -40.00000 -40.00000 -40.00000 -40.00000
 -40.00000 -40.00000 -40.00000 -40.00000 -40.00000
 -40.00000 -40.00000 -40.00000 -40.00000 -40.00000
 -40.00000 -40.00000 -40.00000 -40.00000 -40.00000
 -40.00000 -40.00000 -40.00000 -40.00000 -40.00000
 -40.00000 -40.00000 -40.00000 -40.00000 -40.00000
 -40.00000 -40.00000 -40.00000 -40.00000 -40.00000
 -40.00000 -40.00000 -40.00000 -40.00000 -40.00000
 -40.00000 -40.00000 -40.00000 -40.00000 -40.00000
 -40.00000 -40.00000 -40.00000 -40.00000 -40.00000
 -40.00000 -40.00000 -40.00000 -40.00000 -40.00000
 -40.00000 -40.00000 -40.00000 -40.00000 -40.00000
 -40.00000 -40.00000 -40.00000 -40.00000 -40.00000
 -40.00000 -40.00000 -40.00000 -40.00000 -40.00000
 -40.00000 -40.00000 -40.00000 -40.00000 -40.00000
 -40.00000 -40.00000 -40.00000 -40.00000 -40.00000
 -40.00000 -40.00000 -40.00000 -40.00000 -40.00000
 -40.00000 -40.00000 -40.00000 -40.00000 -40.00000
 -40.00000 -40.00000 -40.00000 -40.00000 -40.00000
 -40.00000 -40.00000 -40.00000 -40.00000 -40.00000
 -40.00000 -40.00000 -40.00000 -40.00000 -40.00000
 -40.00000 -40.00000 -40.00000 -40.00000 -40.00000
 -40.00000 -40.00000 -40.00000 -40.00000 -40.00000
 -40.00000 -40.00000 -40.00000 -40.00000 -40.00000
 -40.00000 -40.00000 -40.00000 -40.00000 -40.00000
 --------------------/ IGRD= 1  / IPRT= 0  /PLT     / Z1=20   / DATE= 14.05.98  
 -40.00000 -40.00000 -40.00000 -40.00000 -40.00000
 -40.00000 -40.00000 -40.00000 -40.00000 -40.00000
 -40.00000 -40.00000 -40.00000 -40.00000 -40.00000
 -40.00000 -40.00000 -40.00000 -40.00000 -40.00000
 -40.00000 -40.00000 -40.00000 -40.00000 -40.00000
 -40.00000 -40.00000 -40.00000 -40.00000 -40.00000
 -40.00000 -40.00000 -40.00000 -40.00000 -40.00000
 -40.00000 -40.00000 -40.00000 -40.00000 -40.00000
 -40.00000 -40.00000 -40.00000 -40.00000 -40.00000
 -40.00000 -40.00000 -40.00000 -40.00000 -40.00000
 -40.00000 -40.00000 -40.00000 -40.00000 -40.00000
 -40.00000 -40.00000 -40.00000 -40.00000 -40.00000
 -40.00000 -40.00000 -40.00000 -40.00000 -40.00000
 -40.00000 -40.00000 -40.00000 -40.00000 -40.00000
 -40.00000 -40.00000 -40.00000 -40.00000 -40.00000
 -40.00000 -40.00000 -40.00000 -40.00000 -40.00000
 -40.00000 -40.00000 -40.00000 -40.00000 -40.00000
 -40.00000 -40.00000 -40.00000 -40.00000 -40.00000
 -40.00000 -40.00000 -40.00000 -40.00000 -40.00000
 -40.00000 -40.00000 -40.00000 -40.00000 -40.00000
 -40.00000 -40.00000 -40.00000 -40.00000 -40.00000
 -40.00000 -40.00000 -40.00000 -40.00000 -40.00000
 -40.00000 -40.00000 -40.00000 -40.00000 -40.00000
 -40.00000 -40.00000 -40.00000 -40.00000 -40.00000
 -40.00000 -40.00000 -40.00000 -40.00000 -40.00000
 -40.00000 -40.00000 -40.00000 -40.00000 -40.00000
 -40.00000 -40.00000 -40.00000 -40.00000 -40.00000
 -40.00000 -40.00000 -40.00000 -40.00000 -40.00000
 -40.00000 -40.00000 -40.00000 -40.00000 -40.00000
 -40.00000 -40.00000 -40.00000 -40.00000 -40.00000
 --------------------/ IGRD= 1  / IPRT= 0  /PLT     / Z1=21   / DATE= 14.05.98  
 -40.00000 -40.00000 -40.00000 -40.00000 -40.00000
 -40.00000 -40.00000 -40.00000 -40.00000 -40.00000
 -40.00000 -40.00000 -40.00000 -40.00000 -40.00000
 -40.00000 -40.00000 -40.00000 -40.00000 -40.00000
 -40.00000 -40.00000 -40.00000 -40.00000 -40.00000
 -40.00000 -40.00000 -40.00000 -40.00000 -40.00000
 -40.00000 -40.00000 -40.00000 -40.00000 -40.00000
 -40.00000 -40.00000 -40.00000 -40.00000 -40.00000
 -40.00000 -40.00000 -40.00000 -40.00000 -40.00000
 -40.00000 -40.00000 -40.00000 -40.00000 -40.00000
 -40.00000 -40.00000 -40.00000 -40.00000 -40.00000
 -40.00000 -40.00000 -40.00000 -40.00000 -40.00000
 -40.00000 -40.00000 -40.00000 -40.00000 -40.00000
 -40.00000 -40.00000 -40.00000 -40.00000 -40.00000
 -40.00000 -40.00000 -40.00000 -40.00000 -40.00000
 -40.00000 -40.00000 -40.00000 -40.00000 -40.00000
 -40.00000 -40.00000 -40.00000 -40.00000 -40.00000
 -40.00000 -40.00000 -40.00000 -40.00000 -40.00000
 -40.00000 -40.00000 -40.00000 -40.00000 -40.00000
 -40.00000 -40.00000 -40.00000 -40.00000 -40.00000
 -40.00000 -40.00000 -40.00000 -40.00000 -40.00000
 -40.00000 -40.00000 -40.00000 -40.00000 -40.00000
 -40.00000 -40.00000 -40.00000 -40.00000 -40.00000
 -40.00000 -40.00000 -40.00000 -40.00000 -40.00000
 -40.00000 -40.00000 -40.00000 -40.00000 -40.00000
 -40.00000 -40.00000 -40.00000 -40.00000 -40.00000
 -40.00000 -40.00000 -40.00000 -40.00000 -40.00000
 -40.00000 -40.00000 -40.00000 -40.00000 -40.00000
 -40.00000 -40.00000 -40.00000 -40.00000 -40.00000
 -40.00000 -40.00000 -40.00000 -40.00000 -40.00000
 --------------------/ IGRD= 1  / IPRT= 0  /PLT     / Z1=22   / DATE= 14.05.98  
 -40.00000 -40.00000 -40.00000 -40.00000 -40.00000
 -40.00000 -40.00000 -40.00000 -40.00000 -40.00000
 -40.00000 -40.00000 -40.00000 -40.00000 -40.00000
 -40.00000 -40.00000 -40.00000 -40.00000 -40.00000
 -40.00000 -40.00000 -40.00000 -40.00000 -40.00000
 -40.00000 -40.00000 -40.00000 -40.00000 -40.00000
 -40.00000 -40.00000 -40.00000 -40.00000 -40.00000
 -40.00000 -40.00000 -40.00000 -40.00000 -40.00000
 -40.00000 -40.00000 -40.00000 -40.00000 -40.00000
 -40.00000 -40.00000 -40.00000 -40.00000 -40.00000
 -40.00000 -40.00000 -40.00000 -40.00000 -40.00000
 -40.00000 -40.00000 -40.00000 -40.00000 -40.00000
 -40.00000 -40.00000 -40.00000 -40.00000 -40.00000
 -40.00000 -40.00000 -40.00000 -40.00000 -40.00000
 -40.00000 -40.00000 -40.00000 -40.00000 -40.00000
 -40.00000 -40.00000 -40.00000 -40.00000 -40.00000
 -40.00000 -40.00000 -40.00000 -40.00000 -40.00000
 -40.00000 -40.00000 -40.00000 -40.00000 -40.00000
 -40.00000 -40.00000 -40.00000 -40.00000 -40.00000
 -40.00000 -40.00000 -40.00000 -40.00000 -40.00000
 -40.00000 -40.00000 -40.00000 -40.00000 -40.00000
 -40.00000 -40.00000 -40.00000 -40.00000 -40.00000
 -40.00000 -40.00000 -40.00000 -40.00000 -40.00000
 -40.00000 -40.00000 -40.00000 -40.00000 -40.00000
 -40.00000 -40.00000 -40.00000 -40.00000 -40.00000
 -40.00000 -40.00000 -40.00000 -40.00000 -40.00000
 -40.00000 -40.00000 -40.00000 -40.00000 -40.00000
 -40.00000 -40.00000 -40.00000 -40.00000 -40.00000
 -40.00000 -40.00000 -40.00000 -40.00000 -40.00000
 -40.00000 -40.00000 -40.00000 -40.00000 -40.00000
 --------------------/ IGRD= 1  / IPRT= 0  /PLT     / Z1=23   / DATE= 14.05.98  
 -40.00000 -40.00000 -40.00000 -40.00000 -40.00000
 -40.00000 -40.00000 -40.00000 -40.00000 -40.00000
 -40.00000 -40.00000 -40.00000 -40.00000 -40.00000
 -40.00000 -40.00000 -40.00000 -40.00000 -40.00000
 -40.00000 -40.00000 -40.00000 -40.00000 -40.00000
 -40.00000 -40.00000 -40.00000 -40.00000 -40.00000
 -40.00000 -40.00000 -40.00000 -40.00000 -40.00000
 -40.00000 -40.00000 -40.00000 -40.00000 -40.00000
 -40.00000 -40.00000 -40.00000 -40.00000 -40.00000
 -40.00000 -40.00000 -40.00000 -40.00000 -40.00000
 -40.00000 -40.00000 -40.00000 -40.00000 -40.00000
 -40.00000 -40.00000 -40.00000 -40.00000 -40.00000
 -40.00000 -40.00000 -40.00000 -40.00000 -40.00000
 -40.00000 -40.00000 -40.00000 -40.00000 -40.00000
 -40.00000 -40.00000 -40.00000 -40.00000 -40.00000
 -40.00000 -40.00000 -40.00000 -40.00000 -40.00000
 -40.00000 -40.00000 -40.00000 -40.00000 -40.00000
 -40.00000 -40.00000 -40.00000 -40.00000 -40.00000
 -40.00000 -40.00000 -40.00000 -40.00000 -40.00000
 -40.00000 -40.00000 -40.00000 -40.00000 -40.00000
 -40.00000 -40.00000 -40.00000 -40.00000 -40.00000
 -40.00000 -40.00000 -40.00000 -40.00000 -40.00000
 -40.00000 -40.00000 -40.00000 -40.00000 -40.00000
 -40.00000 -40.00000 -40.00000 -40.00000 -40.00000
 -40.00000 -40.00000 -40.00000 -40.00000 -40.00000
 -40.00000 -40.00000 -40.00000 -40.00000 -40.00000
 -40.00000 -40.00000 -40.00000 -40.00000 -40.00000
 -40.00000 -40.00000 -40.00000 -40.00000 -40.00000
 -40.00000 -40.00000 -40.00000 -40.00000 -40.00000
 -40.00000 -40.00000 -40.00000 -40.00000 -40.00000
 --------------------/ IGRD= 1  / IPRT= 0  /PLT     / Z1=24   / DATE= 14.05.98  
 -40.00000 -40.00000 -40.00000 -40.00000 -40.00000
 -40.00000 -40.00000 -40.00000 -40.00000 -40.00000
 -40.00000 -40.00000 -40.00000 -40.00000 -40.00000
 -40.00000 -40.00000 -40.00000 -40.00000 -40.00000
 -40.00000 -40.00000 -40.00000 -40.00000 -40.00000
 -40.00000 -40.00000 -40.00000 -40.00000 -40.00000
 -40.00000 -40.00000 -40.00000 -40.00000 -40.00000
 -40.00000 -40.00000 -40.00000 -40.00000 -40.00000
 -40.00000 -40.00000 -40.00000 -40.00000 -40.00000
 -40.00000 -40.00000 -40.00000 -40.00000 -40.00000
 -40.00000 -40.00000 -40.00000 -40.00000 -40.00000
 -40.00000 -40.00000 -40.00000 -40.00000 -40.00000
 -40.00000 -40.00000 -40.00000 -40.00000 -40.00000
 -40.00000 -40.00000 -40.00000 -40.00000 -40.00000
 -40.00000 -40.00000 -40.00000 -40.00000 -40.00000
 -40.00000 -40.00000 -40.00000 -40.00000 -40.00000
 -40.00000 -40.00000 -40.00000 -40.00000 -40.00000
 -40.00000 -40.00000 -40.00000 -40.00000 -40.00000
 -40.00000 -40.00000 -40.00000 -40.00000 -40.00000
 -40.00000 -40.00000 -40.00000 -40.00000 -40.00000
 -40.00000 -40.00000 -40.00000 -40.00000 -40.00000
 -40.00000 -40.00000 -40.00000 -40.00000 -40.00000
 -40.00000 -40.00000 -40.00000 -40.00000 -40.00000
 -40.00000 -40.00000 -40.00000 -40.00000 -40.00000
 -40.00000 -40.00000 -40.00000 -40.00000 -40.00000
 -40.00000 -40.00000 -40.00000 -40.00000 -40.00000
 -40.00000 -40.00000 -40.00000 -40.00000 -40.00000
 -40.00000 -40.00000 -40.00000 -40.00000 -40.00000
 -40.00000 -40.00000 -40.00000 -40.00000 -40.00000
 -40.00000 -40.00000 -40.00000 -40.00000 -40.00000
 --------------------/ IGRD= 1  / IPRT= 0  /PLT     / Z1=25   / DATE= 14.05.98  
 -40.00000 -40.00000 -40.00000 -40.00000 -40.00000
 -40.00000 -40.00000 -40.00000 -40.00000 -40.00000
 -40.00000 -40.00000 -40.00000 -40.00000 -40.00000
 -40.00000 -40.00000 -40.00000 -40.00000 -40.00000
 -40.00000 -40.00000 -40.00000 -40.00000 -40.00000
 -40.00000 -40.00000 -40.00000 -40.00000 -40.00000
 -40.00000 -40.00000 -40.00000 -40.00000 -40.00000
 -40.00000 -40.00000 -40.00000 -40.00000 -40.00000
 -40.00000 -40.00000 -40.00000 -40.00000 -40.00000
 -40.00000 -40.00000 -40.00000 -40.00000 -40.00000
 -40.00000 -40.00000 -40.00000 -40.00000 -40.00000
 -40.00000 -40.00000 -40.00000 -40.00000 -40.00000
 -40.00000 -40.00000 -40.00000 -40.00000 -40.00000
 -40.00000 -40.00000 -40.00000 -40.00000 -40.00000
 -40.00000 -40.00000 -40.00000 -40.00000 -40.00000
 -40.00000 -40.00000 -40.00000 -40.00000 -40.00000
 -40.00000 -40.00000 -40.00000 -40.00000 -40.00000
 -40.00000 -40.00000 -40.00000 -40.00000 -40.00000
 -40.00000 -40.00000 -40.00000 -40.00000 -40.00000
 -40.00000 -40.00000 -40.00000 -40.00000 -40.00000
 -40.00000 -40.00000 -40.00000 -40.00000 -40.00000
 -40.00000 -40.00000 -40.00000 -40.00000 -40.00000
 -40.00000 -40.00000 -40.00000 -40.00000 -40.00000
 -40.00000 -40.00000 -40.00000 -40.00000 -40.00000
 -40.00000 -40.00000 -40.00000 -40.00000 -40.00000
 -40.00000 -40.00000 -40.00000 -40.00000 -40.00000
 -40.00000 -40.00000 -40.00000 -40.00000 -40.00000
 -40.00000 -40.00000 -40.00000 -40.00000 -40.00000
 -40.00000 -40.00000 -40.00000 -40.00000 -40.00000
 -40.00000 -40.00000 -40.00000 -40.00000 -40.00000
 --------------------/ IGRD= 1  / IPRT= 0  /PLT     / Z1=26   / DATE= 14.05.98  
 -40.00000 -40.00000 -40.00000 -40.00000 -40.00000
 -40.00000 -40.00000 -40.00000 -40.00000 -40.00000
 -40.00000 -40.00000 -40.00000 -40.00000 -40.00000
 -40.00000 -40.00000 -40.00000 -40.00000 -40.00000
 -40.00000 -40.00000 -40.00000 -40.00000 -40.00000
 -40.00000 -40.00000 -40.00000 -40.00000 -40.00000
 -40.00000 -40.00000 -40.00000 -40.00000 -40.00000
 -40.00000 -40.00000 -40.00000 -40.00000 -40.00000
 -40.00000 -40.00000 -40.00000 -40.00000 -40.00000
 -40.00000 -40.00000 -40.00000 -40.00000 -40.00000
 -39.74342 -39.74342 -39.74342 -39.74342 -39.74342
 -37.05577 -37.05577 -37.05577 -37.05577 -37.05577
 -35.22757 -35.22757 -35.22757 -35.22757 -35.22757
 -33.99415 -33.99416 -33.99415 -33.99415 -33.99415
 -33.17006 -33.17006 -33.17006 -33.17006 -33.17006
 -32.62779 -32.62779 -32.62779 -32.62779 -32.62779
 -32.27964 -32.27964 -32.27964 -32.27964 -32.27964
 -32.06512 -32.06512 -32.06512 -32.06512 -32.06512
 -31.94264 -31.94264 -31.94264 -31.94264 -31.94264
 -31.88353 -31.88352 -31.88352 -31.88352 -31.88353
 -31.86805 -31.86805 -31.86805 -31.86805 -31.86805
 -31.88263 -31.88262 -31.88262 -31.88262 -31.88262
 -31.91789 -31.91788 -31.91788 -31.91788 -31.91788
 -31.96739 -31.96739 -31.96739 -31.96739 -31.96739
 -32.02672 -32.02671 -32.02671 -32.02671 -32.02672
 -32.09279 -32.09279 -32.09279 -32.09279 -32.09279
 -32.16352 -32.16352 -32.16352 -32.16352 -32.16352
 -32.23745 -32.23745 -32.23745 -32.23745 -32.23745
 -32.31359 -32.31360 -32.31360 -32.31360 -32.31359
 -32.39125 -32.39125 -32.39125 -32.39125 -32.39125
 --------------------/ IGRD= 1  / IPRT= 0  /PLT     / Z1=27   / DATE= 14.05.98  
 -40.00000 -40.00000 -40.00000 -40.00000 -40.00000
 -40.00000 -40.00000 -40.00000 -40.00000 -40.00000
 -40.00000 -40.00000 -40.00000 -40.00000 -40.00000
 -40.00000 -40.00000 -40.00000 -40.00000 -40.00000
 -40.00000 -40.00000 -40.00000 -40.00000 -40.00000
 -40.00000 -40.00000 -40.00000 -40.00000 -40.00000
 -40.00000 -40.00000 -40.00000 -40.00000 -40.00000
 -40.00000 -40.00000 -40.00000 -40.00000 -40.00000
 -40.00000 -40.00000 -40.00000 -40.00000 -40.00000
 -40.00000 -40.00000 -40.00000 -40.00000 -40.00000
 -39.58571 -39.58571 -39.58571 -39.58571 -39.58571
 -36.86128 -36.86128 -36.86128 -36.86128 -36.86128
 -35.01033 -35.01033 -35.01033 -35.01033 -35.01033
 -33.76115 -33.76115 -33.76115 -33.76115 -33.76115
 -32.92615 -32.92615 -32.92615 -32.92615 -32.92615
 -32.37638 -32.37638 -32.37638 -32.37638 -32.37638
 -32.02306 -32.02306 -32.02306 -32.02306 -32.02306
 -31.80499 -31.80499 -31.80499 -31.80499 -31.80499
 -31.68005 -31.68005 -31.68005 -31.68005 -31.68004
 -31.61925 -31.61924 -31.61924 -31.61924 -31.61924
 -31.60260 -31.60260 -31.60260 -31.60260 -31.60261
 -31.61637 -31.61637 -31.61637 -31.61637 -31.61637
 -31.65109 -31.65108 -31.65108 -31.65108 -31.65109
 -31.70022 -31.70021 -31.70021 -31.70021 -31.70022
 -31.75927 -31.75927 -31.75927 -31.75927 -31.75927
 -31.82518 -31.82518 -31.82518 -31.82518 -31.82518
 -31.89577 -31.89577 -31.89577 -31.89577 -31.89577
 -31.96962 -31.96962 -31.96962 -31.96962 -31.96962
 -32.04571 -32.04571 -32.04571 -32.04571 -32.04571
 -32.12332 -32.12332 -32.12332 -32.12332 -32.12332
 --------------------/ IGRD= 1  / IPRT= 0  /PLT     / Z1=28   / DATE= 14.05.98  
 -40.00000 -40.00000 -40.00000 -40.00000 -40.00000
 -40.00000 -40.00000 -40.00000 -40.00000 -40.00000
 -40.00000 -40.00000 -40.00000 -40.00000 -40.00000
 -40.00000 -40.00000 -40.00000 -40.00000 -40.00000
 -40.00000 -40.00000 -40.00000 -40.00000 -40.00000
 -40.00000 -40.00000 -40.00000 -40.00000 -40.00000
 -40.00000 -40.00000 -40.00000 -40.00000 -40.00000
 -40.00000 -40.00000 -40.00000 -40.00000 -40.00000
 -40.00000 -40.00000 -40.00000 -40.00000 -40.00000
 -40.00000 -40.00000 -40.00000 -40.00000 -40.00000
 -40.00000 -40.00000 -40.00000 -40.00000 -40.00000
 -40.00000 -40.00000 -40.00000 -40.00000 -40.00000
 -40.00000 -40.00000 -40.00000 -40.00000 -40.00000
 -40.00000 -40.00000 -40.00000 -40.00000 -40.00000
 -40.00000 -40.00000 -40.00000 -40.00000 -40.00000
 -39.64199 -39.64199 -39.64199 -39.64198 -39.64198
 -39.37286 -39.37286 -39.37286 -39.37286 -39.37286
 -39.21276 -39.21276 -39.21276 -39.21276 -39.21276
 -39.12774 -39.12774 -39.12774 -39.12774 -39.12774
 -39.09444 -39.09444 -39.09444 -39.09444 -39.09444
 -39.09672 -39.09672 -39.09672 -39.09672 -39.09672
 -39.12353 -39.12352 -39.12353 -39.12352 -39.12353
 -39.16721 -39.16722 -39.16722 -39.16722 -39.16721
 -39.22252 -39.22252 -39.22252 -39.22252 -39.22252
 -39.28584 -39.28584 -39.28584 -39.28584 -39.28584
 -39.35467 -39.35468 -39.35468 -39.35467 -39.35467
 -39.42730 -39.42730 -39.42730 -39.42730 -39.42730
 -39.50253 -39.50253 -39.50253 -39.50253 -39.50253
 -39.57957 -39.57957 -39.57957 -39.57957 -39.57957
 -39.65784 -39.65784 -39.65784 -39.65784 -39.65784
 --------------------/ IGRD= 1  / IPRT= 0  /PLT     / Z1=29   / DATE= 14.05.98  
 -40.00000 -40.00000 -40.00000 -40.00000 -40.00000
 -40.00000 -40.00000 -40.00000 -40.00000 -40.00000
 -40.00000 -40.00000 -40.00000 -40.00000 -40.00000
 -40.00000 -40.00000 -40.00000 -40.00000 -40.00000
 -40.00000 -40.00000 -40.00000 -40.00000 -40.00000
 -40.00000 -40.00000 -40.00000 -40.00000 -40.00000
 -40.00000 -40.00000 -40.00000 -40.00000 -40.00000
 -40.00000 -40.00000 -40.00000 -40.00000 -40.00000
 -40.00000 -40.00000 -40.00000 -40.00000 -40.00000
 -40.00000 -40.00000 -40.00000 -40.00000 -40.00000
 -39.11754 -39.11753 -39.11753 -39.11753 -39.11754
 -36.22773 -36.22773 -36.22773 -36.22773 -36.22773
 -34.26355 -34.26355 -34.26355 -34.26355 -34.26355
 -32.93629 -32.93629 -32.93629 -32.93629 -32.93629
 -32.04749 -32.04749 -32.04749 -32.04749 -32.04749
 -31.46065 -31.46065 -31.46065 -31.46065 -31.46065
 -31.08182 -31.08182 -31.08182 -31.08182 -31.08182
 -30.84617 -30.84617 -30.84617 -30.84617 -30.84617
 -30.70913 -30.70913 -30.70913 -30.70913 -30.70913
 -30.63999 -30.63999 -30.63999 -30.63999 -30.63999
 -30.61761 -30.61761 -30.61761 -30.61761 -30.61762
 -30.62743 -30.62743 -30.62743 -30.62743 -30.62743
 -30.65943 -30.65943 -30.65943 -30.65943 -30.65943
 -30.70668 -30.70667 -30.70667 -30.70667 -30.70668
 -30.76445 -30.76445 -30.76445 -30.76445 -30.76445
 -30.82947 -30.82947 -30.82947 -30.82947 -30.82947
 -30.89945 -30.89945 -30.89945 -30.89945 -30.89945
 -30.97288 -30.97288 -30.97288 -30.97288 -30.97288
 -31.04867 -31.04867 -31.04867 -31.04867 -31.04867
 -31.12609 -31.12609 -31.12609 -31.12609 -31.12609
 --------------------/ IGRD= 1  / IPRT= 0  /PLT     / Z1=30   / DATE= 14.05.98  
 -40.00000 -40.00000 -40.00000 -40.00000 -40.00000
 -40.00000 -40.00000 -40.00000 -40.00000 -40.00000
 -40.00000 -40.00000 -40.00000 -40.00000 -40.00000
 -40.00000 -40.00000 -40.00000 -40.00000 -40.00000
 -40.00000 -40.00000 -40.00000 -40.00000 -40.00000
 -40.00000 -40.00000 -40.00000 -40.00000 -40.00000
 -40.00000 -40.00000 -40.00000 -40.00000 -40.00000
 -40.00000 -40.00000 -40.00000 -40.00000 -40.00000
 -40.00000 -40.00000 -40.00000 -40.00000 -40.00000
 -40.00000 -40.00000 -40.00000 -40.00000 -40.00000
 -38.94463 -38.94463 -38.94463 -38.94463 -38.94463
 -35.94987 -35.94987 -35.94987 -35.94987 -35.94987
 -33.91322 -33.91321 -33.91321 -33.91322 -33.91321
 -32.53595 -32.53594 -32.53594 -32.53595 -32.53595
 -31.61264 -31.61264 -31.61264 -31.61264 -31.61264
 -31.00201 -31.00201 -31.00201 -31.00201 -31.00201
 -30.60678 -30.60678 -30.60678 -30.60678 -30.60678
 -30.35983 -30.35983 -30.35983 -30.35983 -30.35983
 -30.21500 -30.21500 -30.21500 -30.21500 -30.21500
 -30.14050 -30.14050 -30.14050 -30.14050 -30.14050
 -30.11444 -30.11444 -30.11444 -30.11444 -30.11443
 -30.12172 -30.12172 -30.12172 -30.12172 -30.12172
 -30.15195 -30.15195 -30.15195 -30.15195 -30.15195
 -30.19800 -30.19800 -30.19800 -30.19800 -30.19800
 -30.25493 -30.25493 -30.25493 -30.25493 -30.25493
 -30.31938 -30.31938 -30.31938 -30.31938 -30.31937
 -30.38897 -30.38897 -30.38897 -30.38897 -30.38897
 -30.46212 -30.46212 -30.46212 -30.46212 -30.46212
 -30.53773 -30.53773 -30.53773 -30.53773 -30.53773
 -30.61502 -30.61502 -30.61502 -30.61502 -30.61502
 --------------------/ IGRD= 1  / IPRT= 0  /PLT     / Z1=31   / DATE= 14.05.98  
 -40.00000 -40.00000 -40.00000 -40.00000 -40.00000
 -40.00000 -40.00000 -40.00000 -40.00000 -40.00000
 -40.00000 -40.00000 -40.00000 -40.00000 -40.00000
 -40.00000 -40.00000 -40.00000 -40.00000 -40.00000
 -40.00000 -40.00000 -40.00000 -40.00000 -40.00000
 -40.00000 -40.00000 -40.00000 -40.00000 -40.00000
 -40.00000 -40.00000 -40.00000 -40.00000 -40.00000
 -40.00000 -40.00000 -40.00000 -40.00000 -40.00000
 -40.00000 -40.00000 -40.00000 -40.00000 -40.00000
 -40.00000 -40.00000 -40.00000 -40.00000 -40.00000
 -40.00000 -40.00000 -40.00000 -40.00000 -40.00000
 -39.62844 -39.62844 -39.62844 -39.62844 -39.62844
 -37.90308 -37.90307 -37.90307 -37.90307 -37.90308
 -36.74037 -36.74037 -36.74037 -36.74037 -36.74038
 -35.96494 -35.96494 -35.96494 -35.96494 -35.96494
 -35.45618 -35.45617 -35.45617 -35.45618 -35.45618
 -35.13110 -35.13110 -35.13110 -35.13110 -35.13110
 -34.93247 -34.93247 -34.93247 -34.93247 -34.93247
 -34.82092 -34.82092 -34.82092 -34.82092 -34.82092
 -34.76934 -34.76934 -34.76934 -34.76934 -34.76934
 -34.75905 -34.75905 -34.75905 -34.75905 -34.75905
 -34.77720 -34.77720 -34.77720 -34.77720 -34.77719
 -34.81491 -34.81491 -34.81491 -34.81491 -34.81491
 -34.86612 -34.86612 -34.86612 -34.86612 -34.86612
 -34.92661 -34.92661 -34.92661 -34.92661 -34.92661
 -34.99349 -34.99349 -34.99349 -34.99349 -34.99349
 -35.06477 -35.06478 -35.06478 -35.06478 -35.06478
 -35.13908 -35.13908 -35.13908 -35.13908 -35.13908
 -35.21548 -35.21548 -35.21548 -35.21548 -35.21548
 -35.29332 -35.29332 -35.29332 -35.29332 -35.29332
 --------------------/ IGRD= 1  / IPRT= 0  /PLT     / Z1=32   / DATE= 14.05.98  
 -40.00000 -40.00000 -40.00000 -40.00000 -40.00000
 -40.00000 -40.00000 -40.00000 -40.00000 -40.00000
 -40.00000 -40.00000 -40.00000 -40.00000 -40.00000
 -40.00000 -40.00000 -40.00000 -40.00000 -40.00000
 -40.00000 -40.00000 -40.00000 -40.00000 -40.00000
 -40.00000 -40.00000 -40.00000 -40.00000 -40.00000
 -40.00000 -40.00000 -40.00000 -40.00000 -40.00000
 -40.00000 -40.00000 -40.00000 -40.00000 -40.00000
 -40.00000 -40.00000 -40.00000 -40.00000 -40.00000
 -40.00000 -40.00000 -40.00000 -40.00000 -40.00000
 -40.00000 -40.00000 -40.00000 -40.00000 -40.00000
 -38.74920 -38.74920 -38.74920 -38.74920 -38.74920
 -36.92179 -36.92179 -36.92179 -36.92179 -36.92179
 -35.68884 -35.68884 -35.68884 -35.68884 -35.68884
 -34.86501 -34.86502 -34.86502 -34.86502 -34.86502
 -34.32294 -34.32294 -34.32294 -34.32294 -34.32295
 -33.97492 -33.97492 -33.97492 -33.97492 -33.97492
 -33.76051 -33.76051 -33.76051 -33.76051 -33.76051
 -33.63808 -33.63807 -33.63807 -33.63808 -33.63808
 -33.57900 -33.57901 -33.57901 -33.57901 -33.57900
 -33.56356 -33.56355 -33.56355 -33.56355 -33.56356
 -33.57815 -33.57815 -33.57815 -33.57815 -33.57815
 -33.61343 -33.61343 -33.61343 -33.61343 -33.61343
 -33.66294 -33.66294 -33.66294 -33.66294 -33.66294
 -33.72227 -33.72227 -33.72227 -33.72227 -33.72227
 -33.78836 -33.78836 -33.78836 -33.78836 -33.78836
 -33.85909 -33.85909 -33.85909 -33.85909 -33.85909
 -33.93302 -33.93302 -33.93302 -33.93302 -33.93302
 -34.00917 -34.00917 -34.00917 -34.00917 -34.00917
 -34.08682 -34.08682 -34.08682 -34.08682 -34.08682
 --------------------/ IGRD= 1  / IPRT= 0  /PLT     / Z1=33   / DATE= 14.05.98  
 -40.00000 -40.00000 -40.00000 -40.00000 -40.00000
 -40.00000 -40.00000 -40.00000 -40.00000 -40.00000
 -40.00000 -40.00000 -40.00000 -40.00000 -40.00000
 -40.00000 -40.00000 -40.00000 -40.00000 -40.00000
 -40.00000 -40.00000 -40.00000 -40.00000 -40.00000
 -40.00000 -40.00000 -40.00000 -40.00000 -40.00000
 -40.00000 -40.00000 -40.00000 -40.00000 -40.00000
 -40.00000 -40.00000 -40.00000 -40.00000 -40.00000
 -40.00000 -40.00000 -40.00000 -40.00000 -40.00000
 -40.00000 -40.00000 -40.00000 -40.00000 -40.00000
 -39.09971 -39.09971 -39.09971 -39.09971 -39.09971
 -35.75953 -35.75953 -35.75953 -35.75953 -35.75953
 -33.46847 -33.46846 -33.46846 -33.46846 -33.46847
 -31.91287 -31.91287 -31.91287 -31.91287 -31.91287
 -30.86598 -30.86598 -30.86598 -30.86598 -30.86598
 -30.17001 -30.17001 -30.17001 -30.17001 -30.17001
 -29.71593 -29.71593 -29.71593 -29.71593 -29.71593
 -29.42844 -29.42844 -29.42844 -29.42844 -29.42844
 -29.25567 -29.25567 -29.25567 -29.25567 -29.25567
 -29.16194 -29.16194 -29.16194 -29.16194 -29.16194
 -29.12262 -29.12262 -29.12262 -29.12262 -29.12262
 -29.12076 -29.12076 -29.12076 -29.12076 -29.12076
 -29.14472 -29.14472 -29.14472 -29.14472 -29.14472
 -29.18644 -29.18644 -29.18644 -29.18644 -29.18644
 -29.24040 -29.24041 -29.24041 -29.24040 -29.24040
 -29.30280 -29.30279 -29.30279 -29.30279 -29.30280
 -29.37098 -29.37097 -29.37097 -29.37097 -29.37097
 -29.44316 -29.44316 -29.44316 -29.44316 -29.44316
 -29.51809 -29.51808 -29.51808 -29.51808 -29.51808
 -29.59492 -29.59492 -29.59492 -29.59492 -29.59492
 --------------------/ IGRD= 1  / IPRT= 0  /PLT     / Z1=34   / DATE= 14.05.98  
 -40.00000 -40.00000 -40.00000 -40.00000 -40.00000
 -40.00000 -40.00000 -40.00000 -40.00000 -40.00000
 -40.00000 -40.00000 -40.00000 -40.00000 -40.00000
 -40.00000 -40.00000 -40.00000 -40.00000 -40.00000
 -40.00000 -40.00000 -40.00000 -40.00000 -40.00000
 -40.00000 -40.00000 -40.00000 -40.00000 -40.00000
 -40.00000 -40.00000 -40.00000 -40.00000 -40.00000
 -40.00000 -40.00000 -40.00000 -40.00000 -40.00000
 -40.00000 -40.00000 -40.00000 -40.00000 -40.00000
 -40.00000 -40.00000 -40.00000 -40.00000 -40.00000
 -40.00000 -40.00000 -40.00000 -40.00000 -40.00000
 -40.00000 -40.00000 -40.00000 -40.00000 -40.00000
 -40.00000 -40.00000 -40.00000 -40.00000 -40.00000
 -39.99516 -39.99516 -39.99516 -39.99515 -39.99516
 -39.31173 -39.31173 -39.31173 -39.31173 -39.31173
 -38.86633 -38.86633 -38.86633 -38.86633 -38.86633
 -38.58488 -38.58487 -38.58487 -38.58487 -38.58487
 -38.41629 -38.41629 -38.41629 -38.41629 -38.41629
 -38.32543 -38.32542 -38.32542 -38.32542 -38.32543
 -38.28809 -38.28809 -38.28809 -38.28809 -38.28809
 -38.28761 -38.28761 -38.28761 -38.28761 -38.28761
 -38.31252 -38.31252 -38.31252 -38.31252 -38.31252
 -38.35489 -38.35488 -38.35488 -38.35488 -38.35488
 -38.40929 -38.40929 -38.40929 -38.40929 -38.40929
 -38.47198 -38.47198 -38.47198 -38.47198 -38.47198
 -38.54039 -38.54039 -38.54039 -38.54039 -38.54039
 -38.61271 -38.61271 -38.61271 -38.61271 -38.61271
 -38.68774 -38.68773 -38.68773 -38.68773 -38.68773
 -38.76464 -38.76464 -38.76464 -38.76464 -38.76464
 -38.84282 -38.84282 -38.84282 -38.84282 -38.84282
 --------------------/ IGRD= 1  / IPRT= 0  /PLT     / Z1=35   / DATE= 14.05.98  
 -40.00000 -40.00000 -40.00000 -40.00000 -40.00000
 -40.00000 -40.00000 -40.00000 -40.00000 -40.00000
 -40.00000 -40.00000 -40.00000 -40.00000 -40.00000
 -40.00000 -40.00000 -40.00000 -40.00000 -40.00000
 -40.00000 -40.00000 -40.00000 -40.00000 -40.00000
 -40.00000 -40.00000 -40.00000 -40.00000 -40.00000
 -40.00000 -40.00000 -40.00000 -40.00000 -40.00000
 -40.00000 -40.00000 -40.00000 -40.00000 -40.00000
 -40.00000 -40.00000 -40.00000 -40.00000 -40.00000
 -40.00000 -40.00000 -40.00000 -40.00000 -40.00000
 -39.17682 -39.17682 -39.17682 -39.17681 -39.17682
 -35.63214 -35.63214 -35.63214 -35.63214 -35.63214
 -33.21315 -33.21315 -33.21315 -33.21315 -33.21315
 -31.57299 -31.57299 -31.57299 -31.57299 -31.57299
 -30.46881 -30.46881 -30.46881 -30.46881 -30.46881
 -29.73367 -29.73367 -29.73367 -29.73367 -29.73367
 -29.25272 -29.25271 -29.25271 -29.25271 -29.25271
 -28.94675 -28.94675 -28.94675 -28.94675 -28.94674
 -28.76128 -28.76128 -28.76128 -28.76128 -28.76128
 -28.65881 -28.65881 -28.65881 -28.65881 -28.65881
 -28.61347 -28.61347 -28.61347 -28.61347 -28.61347
 -28.60748 -28.60748 -28.60748 -28.60748 -28.60748
 -28.62858 -28.62858 -28.62858 -28.62858 -28.62858
 -28.66834 -28.66834 -28.66834 -28.66834 -28.66834
 -28.72095 -28.72094 -28.72094 -28.72095 -28.72094
 -28.78241 -28.78240 -28.78240 -28.78240 -28.78240
 -28.84995 -28.84995 -28.84995 -28.84995 -28.84995
 -28.92169 -28.92169 -28.92169 -28.92169 -28.92169
 -28.99631 -28.99631 -28.99631 -28.99631 -28.99631
 -29.07294 -29.07294 -29.07294 -29.07294 -29.07294
 --------------------/ IGRD= 1  / IPRT= 0  /PLT     / Z1=36   / DATE= 14.05.98  
 -40.00000 -40.00000 -40.00000 -40.00000 -40.00000
 -40.00000 -40.00000 -40.00000 -40.00000 -40.00000
 -40.00000 -40.00000 -40.00000 -40.00000 -40.00000
 -40.00000 -40.00000 -40.00000 -40.00000 -40.00000
 -40.00000 -40.00000 -40.00000 -40.00000 -40.00000
 -40.00000 -40.00000 -40.00000 -40.00000 -40.00000
 -40.00000 -40.00000 -40.00000 -40.00000 -40.00000
 -40.00000 -40.00000 -40.00000 -40.00000 -40.00000
 -40.00000 -40.00000 -40.00000 -40.00000 -40.00000
 -40.00000 -40.00000 -40.00000 -40.00000 -40.00000
 -39.34185 -39.34185 -39.34185 -39.34185 -39.34185
 -35.51701 -35.51701 -35.51701 -35.51701 -35.51701
 -32.90430 -32.90430 -32.90430 -32.90430 -32.90430
 -31.13079 -31.13079 -31.13079 -31.13079 -31.13079
 -29.93480 -29.93480 -29.93480 -29.93480 -29.93480
 -29.13643 -29.13642 -29.13642 -29.13643 -29.13642
 -28.61194 -28.61194 -28.61194 -28.61194 -28.61194
 -28.27600 -28.27600 -28.27600 -28.27600 -28.27600
 -28.06989 -28.06989 -28.06989 -28.06989 -28.06989
 -27.95320 -27.95320 -27.95320 -27.95320 -27.95320
 -27.89808 -27.89807 -27.89807 -27.89807 -27.89807
 -27.88534 -27.88534 -27.88534 -27.88534 -27.88534
 -27.90181 -27.90181 -27.90181 -27.90180 -27.90181
 -27.93837 -27.93837 -27.93837 -27.93837 -27.93837
 -27.98877 -27.98877 -27.98877 -27.98877 -27.98877
 -28.04872 -28.04872 -28.04872 -28.04872 -28.04872
 -28.11522 -28.11522 -28.11522 -28.11522 -28.11522
 -28.18624 -28.18624 -28.18624 -28.18623 -28.18624
 -28.26038 -28.26038 -28.26038 -28.26038 -28.26038
 -28.33665 -28.33665 -28.33665 -28.33665 -28.33665
 --------------------/ IGRD= 1  / IPRT= 0  /PLT     / Z1=37   / DATE= 14.05.98  
 -40.00000 -40.00000 -40.00000 -40.00000 -40.00000
 -40.00000 -40.00000 -40.00000 -40.00000 -40.00000
 -40.00000 -40.00000 -40.00000 -40.00000 -40.00000
 -40.00000 -40.00000 -40.00000 -40.00000 -40.00000
 -40.00000 -40.00000 -40.00000 -40.00000 -40.00000
 -40.00000 -40.00000 -40.00000 -40.00000 -40.00000
 -40.00000 -40.00000 -40.00000 -40.00000 -40.00000
 -40.00000 -40.00000 -40.00000 -40.00000 -40.00000
 -40.00000 -40.00000 -40.00000 -40.00000 -40.00000
 -40.00000 -40.00000 -40.00000 -40.00000 -40.00000
 -39.90456 -39.90456 -39.90456 -39.90456 -39.90456
 -35.90909 -35.90909 -35.90909 -35.90909 -35.90909
 -33.12614 -33.12614 -33.12614 -33.12614 -33.12614
 -31.21949 -31.21949 -31.21949 -31.21949 -31.21949
 -29.92687 -29.92687 -29.92687 -29.92687 -29.92687
 -29.06027 -29.06027 -29.06027 -29.06027 -29.06027
 -28.48817 -28.48817 -28.48817 -28.48817 -28.48817
 -28.11919 -28.11918 -28.11918 -28.11918 -28.11919
 -27.89020 -27.89020 -27.89020 -27.89021 -27.89020
 -27.75773 -27.75773 -27.75773 -27.75773 -27.75773
 -27.69171 -27.69170 -27.69170 -27.69170 -27.69171
 -27.67146 -27.67146 -27.67146 -27.67146 -27.67146
 -27.68275 -27.68275 -27.68275 -27.68275 -27.68275
 -27.71575 -27.71575 -27.71575 -27.71575 -27.71574
 -27.76369 -27.76369 -27.76369 -27.76369 -27.76369
 -27.82195 -27.82195 -27.82195 -27.82195 -27.82195
 -27.88728 -27.88728 -27.88728 -27.88728 -27.88728
 -27.95749 -27.95749 -27.95749 -27.95749 -27.95749
 -28.03109 -28.03109 -28.03109 -28.03108 -28.03108
 -28.10697 -28.10697 -28.10697 -28.10697 -28.10697
 --------------------/ IGRD= 1  / IPRT= 0  /PLT     / Z1=38   / DATE= 14.05.98  
 -40.00000 -40.00000 -40.00000 -40.00000 -40.00000
 -40.00000 -40.00000 -40.00000 -40.00000 -40.00000
 -40.00000 -40.00000 -40.00000 -40.00000 -40.00000
 -40.00000 -40.00000 -40.00000 -40.00000 -40.00000
 -40.00000 -40.00000 -40.00000 -40.00000 -40.00000
 -40.00000 -40.00000 -40.00000 -40.00000 -40.00000
 -40.00000 -40.00000 -40.00000 -40.00000 -40.00000
 -40.00000 -40.00000 -40.00000 -40.00000 -40.00000
 -40.00000 -40.00000 -40.00000 -40.00000 -40.00000
 -40.00000 -40.00000 -40.00000 -40.00000 -40.00000
 -40.00000 -40.00000 -40.00000 -40.00000 -40.00000
 -36.08691 -36.08691 -36.08691 -36.08691 -36.08691
 -33.19049 -33.19049 -33.19049 -33.19049 -33.19049
 -31.22120 -31.22120 -31.22120 -31.22120 -31.22120
 -29.89021 -29.89021 -29.89021 -29.89021 -29.89021
 -28.99885 -28.99885 -28.99885 -28.99885 -28.99885
 -28.41036 -28.41036 -28.41036 -28.41036 -28.41036
 -28.03033 -28.03033 -28.03033 -28.03033 -28.03033
 -27.79387 -27.79387 -27.79387 -27.79387 -27.79387
 -27.65627 -27.65627 -27.65627 -27.65627 -27.65627
 -27.58675 -27.58675 -27.58675 -27.58675 -27.58675
 -27.56411 -27.56411 -27.56411 -27.56411 -27.56411
 -27.57375 -27.57375 -27.57375 -27.57375 -27.57375
 -27.60561 -27.60561 -27.60561 -27.60561 -27.60561
 -27.65278 -27.65278 -27.65278 -27.65278 -27.65278
 -27.71049 -27.71049 -27.71049 -27.71049 -27.71049
 -27.77547 -27.77547 -27.77547 -27.77547 -27.77547
 -27.84542 -27.84542 -27.84542 -27.84542 -27.84542
 -27.91884 -27.91884 -27.91884 -27.91883 -27.91884
 -27.99461 -27.99461 -27.99461 -27.99461 -27.99461
 --------------------/ IGRD= 1  / IPRT= 0  /PLT     / Z1=39   / DATE= 14.05.98  
 -40.00000 -40.00000 -40.00000 -40.00000 -40.00000
 -40.00000 -40.00000 -40.00000 -40.00000 -40.00000
 -40.00000 -40.00000 -40.00000 -40.00000 -40.00000
 -40.00000 -40.00000 -40.00000 -40.00000 -40.00000
 -40.00000 -40.00000 -40.00000 -40.00000 -40.00000
 -40.00000 -40.00000 -40.00000 -40.00000 -40.00000
 -40.00000 -40.00000 -40.00000 -40.00000 -40.00000
 -40.00000 -40.00000 -40.00000 -40.00000 -40.00000
 -40.00000 -40.00000 -40.00000 -40.00000 -40.00000
 -40.00000 -40.00000 -40.00000 -40.00000 -40.00000
 -40.00000 -40.00000 -40.00000 -40.00000 -40.00000
 -36.27576 -36.27576 -36.27576 -36.27576 -36.27577
 -33.34166 -33.34166 -33.34166 -33.34166 -33.34166
 -31.31078 -31.31078 -31.31078 -31.31078 -31.31078
 -29.91657 -29.91657 -29.91657 -29.91657 -29.91657
 -28.97138 -28.97138 -28.97138 -28.97138 -28.97138
 -28.34101 -28.34101 -28.34101 -28.34101 -28.34101
 -27.92997 -27.92997 -27.92997 -27.92997 -27.92997
 -27.67115 -27.67115 -27.67115 -27.67115 -27.67115
 -27.51772 -27.51771 -27.51771 -27.51771 -27.51771
 -27.43707 -27.43707 -27.43707 -27.43707 -27.43707
 -27.40667 -27.40667 -27.40667 -27.40667 -27.40667
 -27.41091 -27.41091 -27.41091 -27.41091 -27.41091
 -27.43905 -27.43905 -27.43905 -27.43905 -27.43905
 -27.48363 -27.48363 -27.48363 -27.48363 -27.48363
 -27.53957 -27.53957 -27.53957 -27.53957 -27.53957
 -27.60331 -27.60331 -27.60331 -27.60331 -27.60330
 -27.67242 -27.67242 -27.67242 -27.67242 -27.67242
 -27.74525 -27.74525 -27.74525 -27.74525 -27.74525
 -27.82062 -27.82062 -27.82062 -27.82062 -27.82062
 --------------------/ IGRD= 1  / IPRT= 0  /PLT     / Z1=40   / DATE= 14.05.98  
 -40.00000 -40.00000 -40.00000 -40.00000 -40.00000
 -40.00000 -40.00000 -40.00000 -40.00000 -40.00000
 -40.00000 -40.00000 -40.00000 -40.00000 -40.00000
 -40.00000 -40.00000 -40.00000 -40.00000 -40.00000
 -40.00000 -40.00000 -40.00000 -40.00000 -40.00000
 -40.00000 -40.00000 -40.00000 -40.00000 -40.00000
 -40.00000 -40.00000 -40.00000 -40.00000 -40.00000
 -40.00000 -40.00000 -40.00000 -40.00000 -40.00000
 -40.00000 -40.00000 -40.00000 -40.00000 -40.00000
 -40.00000 -40.00000 -40.00000 -40.00000 -40.00000
 -40.00000 -40.00000 -40.00000 -40.00000 -40.00000
 -36.51511 -36.51512 -36.51512 -36.51512 -36.51512
 -33.46772 -33.46772 -33.46772 -33.46772 -33.46771
 -31.39417 -31.39417 -31.39417 -31.39417 -31.39417
 -29.99126 -29.99125 -29.99125 -29.99126 -29.99126
 -29.05038 -29.05038 -29.05038 -29.05038 -29.05038
 -28.42778 -28.42778 -28.42778 -28.42778 -28.42778
 -28.02427 -28.02427 -28.02427 -28.02427 -28.02427
 -27.77163 -27.77163 -27.77163 -27.77163 -27.77163
 -27.62291 -27.62290 -27.62290 -27.62290 -27.62290
 -27.54571 -27.54571 -27.54571 -27.54571 -27.54571
 -27.51780 -27.51779 -27.51779 -27.51779 -27.51779
 -27.52379 -27.52379 -27.52379 -27.52379 -27.52379
 -27.55315 -27.55315 -27.55315 -27.55315 -27.55315
 -27.59860 -27.59860 -27.59860 -27.59859 -27.59860
 -27.65513 -27.65513 -27.65513 -27.65513 -27.65513
 -27.71928 -27.71927 -27.71927 -27.71927 -27.71928
 -27.78867 -27.78867 -27.78867 -27.78867 -27.78867
 -27.86170 -27.86170 -27.86170 -27.86170 -27.86170
 -27.93721 -27.93721 -27.93721 -27.93721 -27.93721
 --------------------/ IGRD= 1  / IPRT= 0  /PLT     / Z1=41   / DATE= 14.05.98  
 -40.00000 -40.00000 -40.00000 -40.00000 -40.00000
 -40.00000 -40.00000 -40.00000 -40.00000 -40.00000
 -40.00000 -40.00000 -40.00000 -40.00000 -40.00000
 -40.00000 -40.00000 -40.00000 -40.00000 -40.00000
 -40.00000 -40.00000 -40.00000 -40.00000 -40.00000
 -40.00000 -40.00000 -40.00000 -40.00000 -40.00000
 -40.00000 -40.00000 -40.00000 -40.00000 -40.00000
 -40.00000 -40.00000 -40.00000 -40.00000 -40.00000
 -40.00000 -40.00000 -40.00000 -40.00000 -40.00000
 -40.00000 -40.00000 -40.00000 -40.00000 -40.00000
 -40.00000 -40.00000 -40.00000 -40.00000 -40.00000
 -36.63152 -36.63152 -36.63152 -36.63152 -36.63152
 -33.56642 -33.56642 -33.56642 -33.56642 -33.56642
 -31.46304 -31.46304 -31.46304 -31.46304 -31.46304
 -30.03363 -30.03363 -30.03363 -30.03363 -30.03363
 -29.07235 -29.07234 -29.07234 -29.07234 -29.07234
 -28.43486 -28.43486 -28.43486 -28.43486 -28.43486
 -28.02074 -28.02074 -28.02074 -28.02074 -28.02074
 -27.76066 -27.76065 -27.76065 -27.76065 -27.76066
 -27.60673 -27.60673 -27.60673 -27.60673 -27.60673
 -27.52594 -27.52594 -27.52594 -27.52594 -27.52594
 -27.49552 -27.49552 -27.49552 -27.49552 -27.49552
 -27.49979 -27.49979 -27.49979 -27.49979 -27.49979
 -27.52797 -27.52797 -27.52797 -27.52797 -27.52797
 -27.57259 -27.57259 -27.57259 -27.57259 -27.57259
 -27.62855 -27.62855 -27.62855 -27.62855 -27.62855
 -27.69230 -27.69230 -27.69230 -27.69230 -27.69230
 -27.76144 -27.76144 -27.76144 -27.76144 -27.76144
 -27.83427 -27.83427 -27.83427 -27.83427 -27.83427
 -27.90966 -27.90966 -27.90966 -27.90966 -27.90966
 --------------------/ IGRD= 1  / IPRT= 0  /PLT     / Z1=42   / DATE= 14.05.98  
 -40.00000 -40.00000 -40.00000 -40.00000 -40.00000
 -40.00000 -40.00000 -40.00000 -40.00000 -40.00000
 -40.00000 -40.00000 -40.00000 -40.00000 -40.00000
 -40.00000 -40.00000 -40.00000 -40.00000 -40.00000
 -40.00000 -40.00000 -40.00000 -40.00000 -40.00000
 -40.00000 -40.00000 -40.00000 -40.00000 -40.00000
 -40.00000 -40.00000 -40.00000 -40.00000 -40.00000
 -40.00000 -40.00000 -40.00000 -40.00000 -40.00000
 -40.00000 -40.00000 -40.00000 -40.00000 -40.00000
 -40.00000 -40.00000 -40.00000 -40.00000 -40.00000
 -40.00000 -40.00000 -40.00000 -40.00000 -40.00000
 -40.00000 -40.00000 -40.00000 -40.00000 -40.00000
 -40.00000 -40.00000 -40.00000 -40.00000 -40.00000
 -40.00000 -40.00000 -40.00000 -40.00000 -40.00000
 -40.00000 -40.00000 -40.00000 -40.00000 -40.00000
 -40.00000 -40.00000 -40.00000 -40.00000 -40.00000
 -40.00000 -40.00000 -40.00000 -40.00000 -40.00000
 -40.00000 -40.00000 -40.00000 -40.00000 -40.00000
 -40.00000 -40.00000 -40.00000 -40.00000 -40.00000
 -40.00000 -40.00000 -40.00000 -40.00000 -40.00000
 -40.00000 -40.00000 -40.00000 -40.00000 -40.00000
 -40.00000 -40.00000 -40.00000 -40.00000 -40.00000
 -40.00000 -40.00000 -40.00000 -40.00000 -40.00000
 -40.00000 -40.00000 -40.00000 -40.00000 -40.00000
 -40.00000 -40.00000 -40.00000 -40.00000 -40.00000
 -40.00000 -40.00000 -40.00000 -40.00000 -40.00000
 -40.00000 -40.00000 -40.00000 -40.00000 -40.00000
 -40.00000 -40.00000 -40.00000 -40.00000 -40.00000
 -40.00000 -40.00000 -40.00000 -40.00000 -40.00000
 -40.00000 -40.00000 -40.00000 -40.00000 -40.00000
 --------------------/ IGRD= 1  / IPRT= 0  /PLT     / Z1=43   / DATE= 14.05.98  
 -40.00000 -40.00000 -40.00000 -40.00000 -40.00000
 -40.00000 -40.00000 -40.00000 -40.00000 -40.00000
 -40.00000 -40.00000 -40.00000 -40.00000 -40.00000
 -40.00000 -40.00000 -40.00000 -40.00000 -40.00000
 -40.00000 -40.00000 -40.00000 -40.00000 -40.00000
 -40.00000 -40.00000 -40.00000 -40.00000 -40.00000
 -40.00000 -40.00000 -40.00000 -40.00000 -40.00000
 -40.00000 -40.00000 -40.00000 -40.00000 -40.00000
 -40.00000 -40.00000 -40.00000 -40.00000 -40.00000
 -40.00000 -40.00000 -40.00000 -40.00000 -40.00000
 -40.00000 -40.00000 -40.00000 -40.00000 -40.00000
 -37.71517 -37.71517 -37.71517 -37.71517 -37.71517
 -34.31520 -34.31520 -34.31520 -34.31520 -34.31520
 -31.99961 -31.99961 -31.99961 -31.99961 -31.99961
 -30.43030 -30.43030 -30.43030 -30.43030 -30.43030
 -29.37485 -29.37485 -29.37485 -29.37485 -29.37485
 -28.67337 -28.67336 -28.67336 -28.67336 -28.67337
 -28.21553 -28.21553 -28.21553 -28.21553 -28.21553
 -27.92549 -27.92549 -27.92549 -27.92549 -27.92548
 -27.75100 -27.75099 -27.75099 -27.75099 -27.75100
 -27.65607 -27.65607 -27.65607 -27.65607 -27.65607
 -27.61594 -27.61594 -27.61594 -27.61594 -27.61594
 -27.61353 -27.61353 -27.61353 -27.61353 -27.61353
 -27.63710 -27.63710 -27.63710 -27.63710 -27.63710
 -27.67855 -27.67856 -27.67856 -27.67855 -27.67856
 -27.73233 -27.73233 -27.73233 -27.73233 -27.73233
 -27.79460 -27.79460 -27.79460 -27.79460 -27.79460
 -27.86269 -27.86269 -27.86269 -27.86269 -27.86269
 -27.93482 -27.93481 -27.93481 -27.93481 -27.93481
 -28.00971 -28.00971 -28.00971 -28.00971 -28.00971
 --------------------/ IGRD= 1  / IPRT= 0  /PLT     / Z1=44   / DATE= 14.05.98  
 -40.00000 -40.00000 -40.00000 -40.00000 -40.00000
 -40.00000 -40.00000 -40.00000 -40.00000 -40.00000
 -40.00000 -40.00000 -40.00000 -40.00000 -40.00000
 -40.00000 -40.00000 -40.00000 -40.00000 -40.00000
 -40.00000 -40.00000 -40.00000 -40.00000 -40.00000
 -40.00000 -40.00000 -40.00000 -40.00000 -40.00000
 -40.00000 -40.00000 -40.00000 -40.00000 -40.00000
 -40.00000 -40.00000 -40.00000 -40.00000 -40.00000
 -40.00000 -40.00000 -40.00000 -40.00000 -40.00000
 -40.00000 -40.00000 -40.00000 -40.00000 -40.00000
 -40.00000 -40.00000 -40.00000 -40.00000 -40.00000
 -38.24022 -38.24022 -38.24022 -38.24022 -38.24022
 -34.78037 -34.78037 -34.78037 -34.78037 -34.78037
 -32.42379 -32.42379 -32.42379 -32.42379 -32.42379
 -30.82635 -30.82635 -30.82635 -30.82635 -30.82635
 -29.75153 -29.75152 -29.75152 -29.75152 -29.75152
 -29.03669 -29.03669 -29.03669 -29.03669 -29.03669
 -28.56968 -28.56968 -28.56968 -28.56968 -28.56968
 -28.27330 -28.27330 -28.27330 -28.27330 -28.27330
 -28.09446 -28.09446 -28.09446 -28.09446 -28.09446
 -27.99654 -27.99654 -27.99654 -27.99654 -27.99654
 -27.95433 -27.95433 -27.95433 -27.95433 -27.95433
 -27.95050 -27.95050 -27.95050 -27.95050 -27.95050
 -27.97310 -27.97310 -27.97310 -27.97310 -27.97310
 -28.01388 -28.01388 -28.01388 -28.01388 -28.01388
 -28.06720 -28.06720 -28.06720 -28.06720 -28.06719
 -28.12914 -28.12914 -28.12914 -28.12913 -28.12914
 -28.19701 -28.19701 -28.19701 -28.19701 -28.19701
 -28.26899 -28.26899 -28.26899 -28.26899 -28.26899
 -28.34377 -28.34377 -28.34377 -28.34377 -28.34377
 --------------------/ IGRD= 1  / IPRT= 0  /PLT     / Z1=45   / DATE= 14.05.98  
 -40.00000 -40.00000 -40.00000 -40.00000 -40.00000
 -40.00000 -40.00000 -40.00000 -40.00000 -40.00000
 -40.00000 -40.00000 -40.00000 -40.00000 -40.00000
 -40.00000 -40.00000 -40.00000 -40.00000 -40.00000
 -40.00000 -40.00000 -40.00000 -40.00000 -40.00000
 -40.00000 -40.00000 -40.00000 -40.00000 -40.00000
 -40.00000 -40.00000 -40.00000 -40.00000 -40.00000
 -40.00000 -40.00000 -40.00000 -40.00000 -40.00000
 -40.00000 -40.00000 -40.00000 -40.00000 -40.00000
 -40.00000 -40.00000 -40.00000 -40.00000 -40.00000
 -40.00000 -40.00000 -40.00000 -40.00000 -40.00000
 -40.00000 -40.00000 -40.00000 -40.00000 -40.00000
 -40.00000 -40.00000 -40.00000 -40.00000 -40.00000
 -39.95069 -39.95069 -39.95069 -39.95069 -39.95069
 -35.29723 -35.29723 -35.29723 -35.29723 -35.29723
 -32.09745 -32.09745 -32.09745 -32.09745 -32.09745
 -29.91117 -29.91117 -29.91117 -29.91117 -29.91117
 -28.42734 -28.42734 -28.42734 -28.42734 -28.42734
 -27.42925 -27.42924 -27.42924 -27.42924 -27.42924
 -26.76657 -26.76657 -26.76657 -26.76657 -26.76657
 -26.33517 -26.33517 -26.33517 -26.33517 -26.33517
 -26.06319 -26.06319 -26.06319 -26.06319 -26.06319
 -25.90108 -25.90108 -25.90108 -25.90108 -25.90108
 -25.81465 -25.81465 -25.81465 -25.81465 -25.81465
 -25.78035 -25.78035 -25.78035 -25.78035 -25.78035
 -25.78196 -25.78196 -25.78196 -25.78196 -25.78196
 -25.80829 -25.80828 -25.80828 -25.80828 -25.80829
 -25.85164 -25.85164 -25.85164 -25.85164 -25.85164
 -25.90673 -25.90673 -25.90673 -25.90673 -25.90673
 -25.96988 -25.96988 -25.96988 -25.96988 -25.96988
 --------------------/ IGRD= 1  / IPRT= 0  /PLT     / Z1=46   / DATE= 14.05.98  
 -40.00000 -40.00000 -40.00000 -40.00000 -40.00000
 -40.00000 -40.00000 -40.00000 -40.00000 -40.00000
 -40.00000 -40.00000 -40.00000 -40.00000 -40.00000
 -40.00000 -40.00000 -40.00000 -40.00000 -40.00000
 -40.00000 -40.00000 -40.00000 -40.00000 -40.00000
 -40.00000 -40.00000 -40.00000 -40.00000 -40.00000
 -40.00000 -40.00000 -40.00000 -40.00000 -40.00000
 -40.00000 -40.00000 -40.00000 -40.00000 -40.00000
 -40.00000 -40.00000 -40.00000 -40.00000 -40.00000
 -40.00000 -40.00000 -40.00000 -40.00000 -40.00000
 -40.00000 -40.00000 -40.00000 -40.00000 -40.00000
 -40.00000 -40.00000 -40.00000 -40.00000 -40.00000
 -40.00000 -40.00000 -40.00000 -40.00000 -40.00000
 -40.00000 -40.00000 -40.00000 -40.00000 -40.00000
 -35.80457 -35.80457 -35.80457 -35.80457 -35.80457
 -32.47208 -32.47207 -32.47207 -32.47207 -32.47207
 -30.19059 -30.19059 -30.19059 -30.19059 -30.19059
 -28.63912 -28.63912 -28.63912 -28.63912 -28.63912
 -27.59336 -27.59336 -27.59336 -27.59336 -27.59336
 -26.89728 -26.89728 -26.89728 -26.89728 -26.89728
 -26.44258 -26.44258 -26.44258 -26.44258 -26.44258
 -26.15441 -26.15441 -26.15441 -26.15441 -26.15441
 -25.98108 -25.98108 -25.98108 -25.98108 -25.98108
 -25.88689 -25.88689 -25.88689 -25.88689 -25.88689
 -25.84724 -25.84723 -25.84723 -25.84723 -25.84723
 -25.84513 -25.84513 -25.84513 -25.84513 -25.84513
 -25.86891 -25.86891 -25.86891 -25.86891 -25.86891
 -25.91050 -25.91050 -25.91050 -25.91050 -25.91050
 -25.96438 -25.96438 -25.96438 -25.96438 -25.96438
 -26.02670 -26.02670 -26.02670 -26.02670 -26.02670
 --------------------/ IGRD= 1  / IPRT= 0  /PLT     / Z1=47   / DATE= 14.05.98  
 -40.00000 -40.00000 -40.00000 -40.00000 -40.00000
 -40.00000 -40.00000 -40.00000 -40.00000 -40.00000
 -40.00000 -40.00000 -40.00000 -40.00000 -40.00000
 -40.00000 -40.00000 -40.00000 -40.00000 -40.00000
 -40.00000 -40.00000 -40.00000 -40.00000 -40.00000
 -40.00000 -40.00000 -40.00000 -40.00000 -40.00000
 -40.00000 -40.00000 -40.00000 -40.00000 -40.00000
 -40.00000 -40.00000 -40.00000 -40.00000 -40.00000
 -40.00000 -40.00000 -40.00000 -40.00000 -40.00000
 -40.00000 -40.00000 -40.00000 -40.00000 -40.00000
 -40.00000 -40.00000 -40.00000 -40.00000 -40.00000
 -40.00000 -40.00000 -40.00000 -40.00000 -40.00000
 -40.00000 -40.00000 -40.00000 -40.00000 -40.00000
 -40.00000 -40.00000 -40.00000 -40.00000 -40.00000
 -36.64920 -36.64920 -36.64920 -36.64920 -36.64920
 -33.06919 -33.06919 -33.06919 -33.06919 -33.06919
 -30.61925 -30.61925 -30.61925 -30.61925 -30.61924
 -28.95257 -28.95257 -28.95257 -28.95257 -28.95257
 -27.82790 -27.82790 -27.82790 -27.82790 -27.82790
 -27.07784 -27.07784 -27.07784 -27.07784 -27.07784
 -26.58620 -26.58620 -26.58620 -26.58620 -26.58620
 -26.27271 -26.27270 -26.27270 -26.27270 -26.27271
 -26.08200 -26.08200 -26.08200 -26.08200 -26.08200
 -25.97588 -25.97587 -25.97587 -25.97587 -25.97587
 -25.92801 -25.92801 -25.92802 -25.92802 -25.92801
 -25.92027 -25.92027 -25.92027 -25.92027 -25.92027
 -25.94018 -25.94018 -25.94018 -25.94018 -25.94018
 -25.97910 -25.97910 -25.97910 -25.97910 -25.97910
 -26.03113 -26.03114 -26.03114 -26.03114 -26.03114
 -26.09219 -26.09219 -26.09219 -26.09219 -26.09219
 --------------------/ IGRD= 1  / IPRT= 0  /PLT     / Z1=48   / DATE= 14.05.98  
 -40.00000 -40.00000 -40.00000 -40.00000 -40.00000
 -40.00000 -40.00000 -40.00000 -40.00000 -40.00000
 -40.00000 -40.00000 -40.00000 -40.00000 -40.00000
 -40.00000 -40.00000 -40.00000 -40.00000 -40.00000
 -40.00000 -40.00000 -40.00000 -40.00000 -40.00000
 -40.00000 -40.00000 -40.00000 -40.00000 -40.00000
 -40.00000 -40.00000 -40.00000 -40.00000 -40.00000
 -40.00000 -40.00000 -40.00000 -40.00000 -40.00000
 -40.00000 -40.00000 -40.00000 -40.00000 -40.00000
 -40.00000 -40.00000 -40.00000 -40.00000 -40.00000
 -40.00000 -40.00000 -40.00000 -40.00000 -40.00000
 -40.00000 -40.00000 -40.00000 -40.00000 -40.00000
 -39.80558 -39.80558 -39.80558 -39.80557 -39.80558
 -38.75643 -38.75642 -38.75642 -38.75642 -38.75643
 -36.68557 -36.68556 -36.68556 -36.68556 -36.68556
 -33.12466 -33.12466 -33.12466 -33.12466 -33.12466
 -30.68946 -30.68946 -30.68946 -30.68946 -30.68946
 -29.03897 -29.03897 -29.03897 -29.03897 -29.03897
 -27.92764 -27.92764 -27.92764 -27.92764 -27.92764
 -27.18764 -27.18764 -27.18764 -27.18764 -27.18764
 -26.70329 -26.70328 -26.70328 -26.70328 -26.70329
 -26.39499 -26.39499 -26.39499 -26.39498 -26.39498
 -26.20793 -26.20793 -26.20793 -26.20793 -26.20793
 -26.10434 -26.10434 -26.10434 -26.10434 -26.10434
 -26.05825 -26.05824 -26.05824 -26.05824 -26.05824
 -26.05173 -26.05173 -26.05173 -26.05173 -26.05173
 -26.07248 -26.07247 -26.07247 -26.07247 -26.07248
 -26.11198 -26.11198 -26.11198 -26.11198 -26.11198
 -26.16442 -26.16442 -26.16442 -26.16442 -26.16442
 -26.22576 -26.22576 -26.22576 -26.22576 -26.22576
 --------------------/ IGRD= 1  / IPRT= 0  /PLT     / Z1=49   / DATE= 14.05.98  
 -40.00000 -40.00000 -40.00000 -40.00000 -40.00000
 -40.00000 -40.00000 -40.00000 -40.00000 -40.00000
 -40.00000 -40.00000 -40.00000 -40.00000 -40.00000
 -40.00000 -40.00000 -40.00000 -40.00000 -40.00000
 -40.00000 -40.00000 -40.00000 -40.00000 -40.00000
 -40.00000 -40.00000 -40.00000 -40.00000 -40.00000
 -40.00000 -40.00000 -40.00000 -40.00000 -40.00000
 -40.00000 -40.00000 -40.00000 -40.00000 -40.00000
 -40.00000 -40.00000 -40.00000 -40.00000 -40.00000
 -40.00000 -40.00000 -40.00000 -40.00000 -40.00000
 -40.00000 -40.00000 -40.00000 -40.00000 -40.00000
 -40.00000 -40.00000 -40.00000 -40.00000 -40.00000
 -39.19412 -39.19412 -39.19412 -39.19411 -39.19412
 -38.10835 -38.10835 -38.10835 -38.10835 -38.10835
 -36.82091 -36.82090 -36.82090 -36.82091 -36.82091
 -33.45681 -33.45681 -33.45681 -33.45681 -33.45681
 -30.98526 -30.98526 -30.98526 -30.98526 -30.98526
 -29.29409 -29.29408 -29.29408 -29.29409 -29.29409
 -28.15463 -28.15463 -28.15463 -28.15463 -28.15463
 -27.39548 -27.39548 -27.39548 -27.39548 -27.39548
 -26.89796 -26.89796 -26.89796 -26.89796 -26.89796
 -26.58060 -26.58060 -26.58060 -26.58060 -26.58060
 -26.38728 -26.38728 -26.38728 -26.38728 -26.38728
 -26.27940 -26.27940 -26.27940 -26.27940 -26.27941
 -26.23035 -26.23035 -26.23035 -26.23035 -26.23035
 -26.22179 -26.22179 -26.22179 -26.22179 -26.22179
 -26.24113 -26.24113 -26.24113 -26.24113 -26.24113
 -26.27967 -26.27967 -26.27967 -26.27967 -26.27967
 -26.33144 -26.33144 -26.33144 -26.33144 -26.33144
 -26.39232 -26.39232 -26.39232 -26.39232 -26.39232
 --------------------/ IGRD= 1  / IPRT= 0  /PLT     / Z1=50   / DATE= 14.05.98  
 -40.00000 -40.00000 -40.00000 -40.00000 -40.00000
 -40.00000 -40.00000 -40.00000 -40.00000 -40.00000
 -40.00000 -40.00000 -40.00000 -40.00000 -40.00000
 -40.00000 -40.00000 -40.00000 -40.00000 -40.00000
 -40.00000 -40.00000 -40.00000 -40.00000 -40.00000
 -40.00000 -40.00000 -40.00000 -40.00000 -40.00000
 -40.00000 -40.00000 -40.00000 -40.00000 -40.00000
 -40.00000 -40.00000 -40.00000 -40.00000 -40.00000
 -40.00000 -40.00000 -40.00000 -40.00000 -40.00000
 -40.00000 -40.00000 -40.00000 -40.00000 -40.00000
 -40.00000 -40.00000 -40.00000 -40.00000 -40.00000
 -40.00000 -40.00000 -40.00000 -40.00000 -40.00000
 -40.00000 -40.00000 -40.00000 -40.00000 -40.00000
 -40.00000 -40.00000 -40.00000 -40.00000 -40.00000
 -37.53228 -37.53228 -37.53228 -37.53228 -37.53228
 -33.83686 -33.83685 -33.83685 -33.83685 -33.83685
 -31.32282 -31.32282 -31.32282 -31.32282 -31.32282
 -29.61766 -29.61766 -29.61766 -29.61766 -29.61766
 -28.46869 -28.46869 -28.46869 -28.46869 -28.46869
 -27.70277 -27.70277 -27.70277 -27.70277 -27.70277
 -27.20058 -27.20058 -27.20058 -27.20058 -27.20058
 -26.87999 -26.87999 -26.87999 -26.87999 -26.87999
 -26.68447 -26.68447 -26.68447 -26.68447 -26.68447
 -26.57506 -26.57506 -26.57506 -26.57506 -26.57506
 -26.52495 -26.52495 -26.52495 -26.52495 -26.52496
 -26.51568 -26.51568 -26.51568 -26.51568 -26.51568
 -26.53452 -26.53452 -26.53452 -26.53452 -26.53452
 -26.57272 -26.57272 -26.57272 -26.57272 -26.57272
 -26.62425 -26.62425 -26.62425 -26.62425 -26.62425
 -26.68497 -26.68497 -26.68497 -26.68497 -26.68497
 --------------------/ IGRD= 1  / IPRT= 0  /PLT     / Z1=51   / DATE= 14.05.98  
 -40.00000 -40.00000 -40.00000 -40.00000 -40.00000
 -40.00000 -40.00000 -40.00000 -40.00000 -40.00000
 -40.00000 -40.00000 -40.00000 -40.00000 -40.00000
 -40.00000 -40.00000 -40.00000 -40.00000 -40.00000
 -40.00000 -40.00000 -40.00000 -40.00000 -40.00000
 -40.00000 -40.00000 -40.00000 -40.00000 -40.00000
 -40.00000 -40.00000 -40.00000 -40.00000 -40.00000
 -40.00000 -40.00000 -40.00000 -40.00000 -40.00000
 -40.00000 -40.00000 -40.00000 -40.00000 -40.00000
 -40.00000 -40.00000 -40.00000 -40.00000 -40.00000
 -40.00000 -40.00000 -40.00000 -40.00000 -40.00000
 -40.00000 -40.00000 -40.00000 -40.00000 -40.00000
 -40.00000 -40.00000 -40.00000 -40.00000 -40.00000
 -40.00000 -40.00000 -40.00000 -40.00000 -40.00000
 -38.64845 -38.64845 -38.64845 -38.64845 -38.64845
 -34.67831 -34.67831 -34.67831 -34.67831 -34.67831
 -31.97603 -31.97603 -31.97603 -31.97603 -31.97603
 -30.14139 -30.14139 -30.14139 -30.14139 -30.14139
 -28.90324 -28.90324 -28.90324 -28.90324 -28.90324
 -28.07594 -28.07594 -28.07594 -28.07594 -28.07594
 -27.53147 -27.53147 -27.53147 -27.53147 -27.53147
 -27.18176 -27.18176 -27.18176 -27.18176 -27.18176
 -26.96619 -26.96619 -26.96619 -26.96619 -26.96619
 -26.84298 -26.84298 -26.84298 -26.84298 -26.84298
 -26.78337 -26.78337 -26.78337 -26.78337 -26.78337
 -26.76754 -26.76754 -26.76754 -26.76754 -26.76754
 -26.78187 -26.78187 -26.78187 -26.78187 -26.78187
 -26.81697 -26.81697 -26.81697 -26.81697 -26.81697
 -26.86637 -26.86637 -26.86637 -26.86637 -26.86637
 -26.92561 -26.92561 -26.92561 -26.92561 -26.92561
 --------------------/ IGRD= 1  / IPRT= 0  /PLT     / Z1=52   / DATE= 14.05.98  
 -40.00000 -40.00000 -40.00000 -40.00000 -40.00000
 -40.00000 -40.00000 -40.00000 -40.00000 -40.00000
 -40.00000 -40.00000 -40.00000 -40.00000 -40.00000
 -40.00000 -40.00000 -40.00000 -40.00000 -40.00000
 -40.00000 -40.00000 -40.00000 -40.00000 -40.00000
 -40.00000 -40.00000 -40.00000 -40.00000 -40.00000
 -40.00000 -40.00000 -40.00000 -40.00000 -40.00000
 -40.00000 -40.00000 -40.00000 -40.00000 -40.00000
 -40.00000 -40.00000 -40.00000 -40.00000 -40.00000
 -40.00000 -40.00000 -40.00000 -40.00000 -40.00000
 -40.00000 -40.00000 -40.00000 -40.00000 -40.00000
 -40.00000 -40.00000 -40.00000 -40.00000 -40.00000
 -40.00000 -40.00000 -40.00000 -40.00000 -40.00000
 -40.00000 -40.00000 -40.00000 -40.00000 -40.00000
 -39.12785 -39.12785 -39.12785 -39.12785 -39.12785
 -35.10117 -35.10117 -35.10117 -35.10117 -35.10117
 -32.35707 -32.35707 -32.35707 -32.35707 -32.35707
 -30.49315 -30.49316 -30.49315 -30.49315 -30.49315
 -29.23486 -29.23486 -29.23486 -29.23486 -29.23486
 -28.39367 -28.39367 -28.39367 -28.39367 -28.39367
 -27.83964 -27.83964 -27.83964 -27.83964 -27.83964
 -27.48336 -27.48336 -27.48336 -27.48336 -27.48336
 -27.26326 -27.26326 -27.26326 -27.26326 -27.26326
 -27.13693 -27.13693 -27.13693 -27.13693 -27.13693
 -27.07517 -27.07517 -27.07517 -27.07517 -27.07517
 -27.05787 -27.05787 -27.05786 -27.05787 -27.05787
 -27.07118 -27.07118 -27.07118 -27.07118 -27.07117
 -27.10557 -27.10557 -27.10557 -27.10557 -27.10557
 -27.15448 -27.15448 -27.15448 -27.15448 -27.15448
 -27.21340 -27.21340 -27.21340 -27.21340 -27.21340
 --------------------/ IGRD= 1  / IPRT= 0  /PLT     / Z1=53   / DATE= 14.05.98  
 -40.00000 -40.00000 -40.00000 -40.00000 -40.00000
 -40.00000 -40.00000 -40.00000 -40.00000 -40.00000
 -40.00000 -40.00000 -40.00000 -40.00000 -40.00000
 -40.00000 -40.00000 -40.00000 -40.00000 -40.00000
 -40.00000 -40.00000 -40.00000 -40.00000 -40.00000
 -40.00000 -40.00000 -40.00000 -40.00000 -40.00000
 -40.00000 -40.00000 -40.00000 -40.00000 -40.00000
 -40.00000 -40.00000 -40.00000 -40.00000 -40.00000
 -40.00000 -40.00000 -40.00000 -40.00000 -40.00000
 -40.00000 -40.00000 -40.00000 -40.00000 -40.00000
 -40.00000 -40.00000 -40.00000 -40.00000 -40.00000
 -40.00000 -40.00000 -40.00000 -40.00000 -40.00000
 -40.00000 -40.00000 -40.00000 -40.00000 -40.00000
 -40.00000 -40.00000 -40.00000 -40.00000 -40.00000
 -40.00000 -40.00000 -40.00000 -40.00000 -40.00000
 -40.00000 -40.00000 -40.00000 -40.00000 -40.00000
 -40.00000 -40.00000 -40.00000 -40.00000 -40.00000
 -40.00000 -40.00000 -40.00000 -40.00000 -40.00000
 -40.00000 -40.00000 -40.00000 -40.00000 -40.00000
 -37.83521 -37.83520 -37.83520 -37.83520 -37.83521
 -34.46749 -34.46749 -34.46749 -34.46748 -34.46749
 -32.17034 -32.17033 -32.17033 -32.17033 -32.17034
 -30.60991 -30.60991 -30.60991 -30.60991 -30.60991
 -29.55714 -29.55714 -29.55714 -29.55714 -29.55714
 -28.85489 -28.85489 -28.85489 -28.85489 -28.85489
 -28.39489 -28.39489 -28.39489 -28.39489 -28.39489
 -28.10248 -28.10248 -28.10248 -28.10248 -28.10248
 -27.92584 -27.92584 -27.92584 -27.92584 -27.92583
 -27.82917 -27.82917 -27.82917 -27.82917 -27.82916
 -27.78771 -27.78771 -27.78771 -27.78771 -27.78771
 --------------------/ IGRD= 1  / IPRT= 0  /PLT     / Z1=54   / DATE= 14.05.98  
 -40.00000 -40.00000 -40.00000 -40.00000 -40.00000
 -40.00000 -40.00000 -40.00000 -40.00000 -40.00000
 -40.00000 -40.00000 -40.00000 -40.00000 -40.00000
 -40.00000 -40.00000 -40.00000 -40.00000 -40.00000
 -40.00000 -40.00000 -40.00000 -40.00000 -40.00000
 -40.00000 -40.00000 -40.00000 -40.00000 -40.00000
 -40.00000 -40.00000 -40.00000 -40.00000 -40.00000
 -40.00000 -40.00000 -40.00000 -40.00000 -40.00000
 -40.00000 -40.00000 -40.00000 -40.00000 -40.00000
 -40.00000 -40.00000 -40.00000 -40.00000 -40.00000
 -40.00000 -40.00000 -40.00000 -40.00000 -40.00000
 -40.00000 -40.00000 -40.00000 -40.00000 -40.00000
 -40.00000 -40.00000 -40.00000 -40.00000 -40.00000
 -40.00000 -40.00000 -40.00000 -40.00000 -40.00000
 -40.00000 -40.00000 -40.00000 -40.00000 -40.00000
 -40.00000 -40.00000 -40.00000 -40.00000 -40.00000
 -40.00000 -40.00000 -40.00000 -40.00000 -40.00000
 -40.00000 -40.00000 -40.00000 -40.00000 -40.00000
 -40.00000 -40.00000 -40.00000 -40.00000 -40.00000
 -38.35302 -38.35302 -38.35302 -38.35302 -38.35302
 -34.92105 -34.92105 -34.92105 -34.92105 -34.92105
 -32.57928 -32.57928 -32.57928 -32.57928 -32.57928
 -30.98717 -30.98717 -30.98717 -30.98717 -30.98717
 -29.91134 -29.91134 -29.91134 -29.91134 -29.91134
 -29.19210 -29.19210 -29.19210 -29.19209 -29.19209
 -28.71964 -28.71964 -28.71964 -28.71964 -28.71964
 -28.41817 -28.41817 -28.41817 -28.41817 -28.41817
 -28.23504 -28.23504 -28.23504 -28.23504 -28.23504
 -28.13375 -28.13375 -28.13375 -28.13375 -28.13375
 -28.08906 -28.08906 -28.08906 -28.08906 -28.08906
