    6    9   20    1    6     /CARBON             /GCR PROJECT      
--------------------------------------------------------------------------------
  11.00000  11.47712  12.00000  12.47712  13.00000  13.47712  14.00000  14.47712
  15.00000
   0.00020   0.30123   0.60226   0.84530   1.00020   1.30123   1.60226   1.84530
   2.00020   2.30123   2.60226   2.84530   3.00020   3.30123   3.60226   3.84530
   4.00020   4.30123   4.84530   5.00000
---------------------/ IGRD= 1  / IPRT= 0  /--------/ Z1= 1   / DATE= 23/07/02
 -28.26976 -28.27502 -28.27662 -28.27792 -28.28122 -28.28986 -28.31535 -28.37406
 -28.52595
 -26.62993 -26.63102 -26.63328 -26.63661 -26.64837 -26.67570 -26.73986 -26.85386
 -27.06523
 -25.74579 -25.74806 -25.75042 -25.75714 -25.77817 -25.81899 -25.91234 -26.05594
 -26.28350
 -25.31402 -25.31557 -25.31915 -25.32729 -25.34838 -25.39252 -25.48709 -25.63002
 -25.83732
 -25.12531 -25.12771 -25.13147 -25.13909 -25.16011 -25.20256 -25.29438 -25.43326
 -25.62766
 -24.89774 -24.89850 -24.90203 -24.90996 -24.92924 -24.96802 -25.05313 -25.18312
 -25.35920
 -24.79043 -24.79343 -24.79577 -24.80436 -24.82120 -24.85649 -24.93264 -25.05545
 -25.22289
 -24.76217 -24.76175 -24.76602 -24.77214 -24.78767 -24.81958 -24.89160 -25.00598
 -25.16822
 -24.75938 -24.76064 -24.76273 -24.76949 -24.78534 -24.81430 -24.87939 -24.98944
 -25.14809
 -24.76749 -24.76695 -24.76945 -24.77716 -24.78982 -24.81335 -24.87144 -24.96982
 -25.11639
 -24.77999 -24.78164 -24.78437 -24.78430 -24.79922 -24.81911 -24.86663 -24.94925
 -25.08984
 -24.79012 -24.79387 -24.79680 -24.78991 -24.80694 -24.82398 -24.86287 -24.93258
 -25.06835
 -24.79660 -24.80169 -24.80474 -24.79351 -24.81189 -24.82710 -24.86047 -24.92193
 -25.05460
 -24.80920 -24.81691 -24.82020 -24.80051 -24.82150 -24.83318 -24.85581 -24.90121
 -25.02781
 -24.82181 -24.83215 -24.83568 -24.80753 -24.83113 -24.83927 -24.85114 -24.88047
 -25.00095
 -24.83199 -24.84444 -24.84817 -24.81319 -24.83890 -24.84419 -24.84737 -24.86371
 -24.97925
 -24.83848 -24.85228 -24.85614 -24.81680 -24.84386 -24.84732 -24.84496 -24.85302
 -24.96542
 -24.85109 -24.86751 -24.87161 -24.82382 -24.85349 -24.85341 -24.84029 -24.83226
 -24.93852
 -24.87386 -24.89503 -24.89958 -24.83649 -24.87088 -24.86440 -24.83183 -24.79471
 -24.88989
 -24.88035 -24.90286 -24.90754 -24.84010 -24.87584 -24.86753 -24.82942 -24.78403
 -24.87604
---------------------/ IGRD= 1  / IPRT= 0  /--------/ Z1= 2   / DATE= 23/07/02
 -28.62645 -28.67890 -28.69918 -28.70565 -28.70883 -28.71214 -28.72137 -28.74438
 -28.81459
 -26.79455 -26.80046 -26.80285 -26.80324 -26.80428 -26.80496 -26.81023 -26.82346
 -26.86609
 -25.81949 -25.82084 -25.82139 -25.82183 -25.82269 -25.82295 -25.82542 -25.83454
 -25.86360
 -25.33000 -25.33133 -25.33186 -25.33192 -25.33200 -25.33335 -25.33820 -25.34975
 -25.38031
 -25.11732 -25.11827 -25.11864 -25.11887 -25.11907 -25.12112 -25.12742 -25.14128
 -25.17328
 -24.86812 -24.86877 -24.86884 -24.86869 -24.87039 -24.87304 -24.88031 -24.89801
 -24.93212
 -24.75928 -24.75927 -24.76104 -24.76149 -24.76199 -24.76574 -24.77467 -24.79346
 -24.82702
 -24.73657 -24.73672 -24.73687 -24.73665 -24.73874 -24.74084 -24.75037 -24.77004
 -24.80355
 -24.74239 -24.74246 -24.74260 -24.74227 -24.74447 -24.74652 -24.75664 -24.77432
 -24.81035
 -24.77463 -24.77474 -24.77455 -24.77605 -24.77607 -24.77917 -24.78676 -24.80407
 -24.84035
 -24.81595 -24.81598 -24.81604 -24.81599 -24.81740 -24.81794 -24.82708 -24.84335
 -24.87265
 -24.85430 -24.85434 -24.85434 -24.85444 -24.85407 -24.85675 -24.86206 -24.87545
 -24.90263
 -24.87930 -24.87935 -24.87933 -24.87944 -24.87904 -24.88180 -24.88772 -24.89936
 -24.92520
 -24.92698 -24.92701 -24.92708 -24.92676 -24.92959 -24.93026 -24.93835 -24.94821
 -24.97273
 -24.97471 -24.97471 -24.97488 -24.97411 -24.98019 -24.97877 -24.98904 -24.99710
 -25.02029
 -25.01327 -25.01325 -25.01351 -25.01237 -25.02108 -25.01797 -25.03000 -25.03661
 -25.05870
 -25.03786 -25.03783 -25.03814 -25.03676 -25.04715 -25.04296 -25.05612 -25.06180
 -25.08319
 -25.08567 -25.08561 -25.08604 -25.08420 -25.09785 -25.09157 -25.10692 -25.11079
 -25.13081
 -25.17216 -25.17204 -25.17269 -25.16999 -25.18956 -25.17949 -25.19882 -25.19939
 -25.21690
 -25.19680 -25.19666 -25.19738 -25.19443 -25.21569 -25.20454 -25.22501 -25.22463
 -25.24143
---------------------/ IGRD= 1  / IPRT= 0  /--------/ Z1= 3   / DATE= 23/07/02
 -29.09324 -29.29566 -29.40968 -29.45233 -29.46308 -29.46064 -29.46049 -29.46860
 -29.50054
 -26.86964 -26.88228 -26.88764 -26.88970 -26.89082 -26.89145 -26.89268 -26.89947
 -26.92182
 -25.78660 -25.78929 -25.78989 -25.78954 -25.79023 -25.79103 -25.79242 -25.79872
 -25.81394
 -25.34404 -25.34585 -25.34646 -25.34693 -25.34700 -25.34725 -25.34865 -25.35199
 -25.36454
 -25.15588 -25.15735 -25.15821 -25.15833 -25.15835 -25.15878 -25.15949 -25.16222
 -25.17112
 -24.91056 -24.91188 -24.91353 -24.91331 -24.91321 -24.91317 -24.91305 -24.91404
 -24.91717
 -24.78275 -24.78332 -24.78336 -24.78375 -24.78450 -24.78411 -24.78373 -24.78252
 -24.78133
 -24.74249 -24.74252 -24.74305 -24.74354 -24.74312 -24.74267 -24.74183 -24.74165
 -24.73773
 -24.73908 -24.73970 -24.73967 -24.73982 -24.74011 -24.73975 -24.73898 -24.73795
 -24.73283
 -24.77270 -24.77280 -24.77305 -24.77304 -24.77315 -24.77274 -24.77133 -24.77036
 -24.76332
 -24.83000 -24.83008 -24.83022 -24.83013 -24.83040 -24.82940 -24.82749 -24.82675
 -24.81842
 -24.88416 -24.88424 -24.88425 -24.88417 -24.88454 -24.88328 -24.88040 -24.88014
 -24.87322
 -24.91787 -24.91790 -24.91792 -24.91789 -24.91803 -24.91756 -24.91691 -24.91728
 -24.91028
 -24.98872 -24.98874 -24.98874 -24.98875 -24.98873 -24.98878 -24.98761 -24.98403
 -24.97758
 -25.05568 -25.05568 -25.05570 -25.05564 -25.05593 -25.05500 -25.05749 -25.05946
 -25.05054
 -25.10978 -25.10978 -25.10982 -25.10970 -25.11024 -25.10851 -25.11401 -25.12058
 -25.10963
 -25.14429 -25.14428 -25.14433 -25.14418 -25.14488 -25.14264 -25.15006 -25.15956
 -25.14733
 -25.21138 -25.21136 -25.21143 -25.21121 -25.21222 -25.20899 -25.22015 -25.23534
 -25.22062
 -25.33266 -25.33264 -25.33275 -25.33239 -25.33397 -25.32894 -25.34686 -25.37235
 -25.35312
 -25.36719 -25.36717 -25.36729 -25.36690 -25.36864 -25.36310 -25.38294 -25.41136
 -25.39085
---------------------/ IGRD= 1  / IPRT= 0  /--------/ Z1= 4   / DATE= 23/07/02
 -27.82446 -27.82442 -27.82457 -27.82406 -27.82675 -27.82938 -27.84311 -27.87867
 -27.98129
 -26.23180 -26.23182 -26.23175 -26.23211 -26.23319 -26.23590 -26.24549 -26.27100
 -26.35056
 -25.49614 -25.49613 -25.49615 -25.49609 -25.49651 -25.49922 -25.50602 -25.52524
 -25.58627
 -25.22171 -25.22171 -25.22171 -25.22169 -25.22192 -25.22376 -25.22889 -25.24346
 -25.29116
 -25.12330 -25.12329 -25.12333 -25.12321 -25.12389 -25.12518 -25.12887 -25.13994
 -25.17557
 -25.01233 -25.01239 -25.01231 -25.01263 -25.01284 -25.01302 -25.01404 -25.01654
 -25.02449
 -24.95647 -24.95646 -24.95651 -24.95647 -24.95653 -24.95632 -24.95715 -24.95326
 -24.94005
 -24.94307 -24.94316 -24.94322 -24.94322 -24.94314 -24.94348 -24.94129 -24.93644
 -24.91808
 -24.94744 -24.95027 -24.95249 -24.95202 -24.95201 -24.95222 -24.95056 -24.94322
 -24.92083
 -24.98867 -24.98874 -24.98901 -24.98825 -24.99199 -24.99084 -24.98916 -24.98391
 -24.95876
 -25.05438 -25.05463 -25.05519 -25.05575 -25.05586 -25.05599 -25.05472 -25.04859
 -25.02678
 -25.11933 -25.11965 -25.12036 -25.12050 -25.12084 -25.12122 -25.12033 -25.11502
 -25.09450
 -25.16509 -25.16554 -25.16578 -25.16607 -25.16688 -25.16722 -25.16610 -25.16112
 -25.14220
 -25.25738 -25.25800 -25.25827 -25.25876 -25.25907 -25.25965 -25.25900 -25.25455
 -25.23869
 -25.35111 -25.35096 -25.35169 -25.35203 -25.35259 -25.35320 -25.35218 -25.34872
 -25.33559
 -25.42608 -25.42637 -25.42701 -25.42757 -25.42804 -25.42884 -25.42781 -25.42303
 -25.41316
 -25.47385 -25.47444 -25.47501 -25.47572 -25.47612 -25.47705 -25.47601 -25.47039
 -25.46261
 -25.56670 -25.56785 -25.56831 -25.56929 -25.56957 -25.57074 -25.56968 -25.56242
 -25.55869
 -25.73451 -25.73668 -25.73693 -25.73839 -25.73847 -25.74006 -25.73898 -25.72876
 -25.73235
 -25.78229 -25.78474 -25.78493 -25.78654 -25.78656 -25.78827 -25.78718 -25.77612
 -25.78179
---------------------/ IGRD= 1  / IPRT= 0  /--------/ Z1= 5   / DATE= 23/07/02
 -74.00000 -74.00000 -74.00000 -74.00000 -74.00000 -74.00000 -74.00000 -74.00000
 -74.00000
 -74.00000 -74.00000 -74.00000 -74.00000 -74.00000 -74.00000 -74.00000 -74.00000
 -74.00000
 -57.54768 -57.57689 -57.55630 -57.50872 -57.54053 -57.54003 -57.54338 -57.55043
 -57.56748
 -43.64547 -43.65338 -43.64900 -43.63964 -43.64660 -43.64679 -43.64938 -43.65194
 -43.65965
 -38.09275 -38.09553 -38.09360 -38.09018 -38.09287 -38.09303 -38.09410 -38.09568
 -38.10014
 -31.65829 -31.65763 -31.65708 -31.65704 -31.65742 -31.65675 -31.65645 -31.65553
 -31.65385
 -28.49873 -28.49793 -28.49775 -28.49775 -28.49711 -28.49681 -28.49601 -28.49449
 -28.48637
 -27.18542 -27.18479 -27.18420 -27.18387 -27.18419 -27.18412 -27.18380 -27.18161
 -27.17618
 -26.68631 -26.68554 -26.68534 -26.68364 -26.68391 -26.68456 -26.68566 -26.68402
 -26.68112
 -26.15881 -26.15874 -26.15874 -26.15877 -26.15880 -26.15916 -26.15964 -26.16033
 -26.16108
 -25.95004 -25.95028 -25.95035 -25.95026 -25.95054 -25.95083 -25.95148 -25.95235
 -25.95441
 -25.87844 -25.87855 -25.87951 -25.88258 -25.88229 -25.88275 -25.88291 -25.88340
 -25.88479
 -25.85964 -25.85999 -25.86023 -25.86073 -25.86065 -25.86104 -25.86127 -25.86137
 -25.86322
 -25.85293 -25.85322 -25.85335 -25.85328 -25.85403 -25.85656 -25.85597 -25.85630
 -25.85667
 -25.86141 -25.86159 -25.86166 -25.86171 -25.86163 -25.86164 -25.86242 -25.86222
 -25.86302
 -25.88300 -25.88307 -25.88309 -25.88317 -25.88292 -25.88384 -25.88798 -25.88757
 -25.88750
 -25.89768 -25.89772 -25.89771 -25.89788 -25.89724 -25.89906 -25.90822 -25.90753
 -25.90633
 -25.92482 -25.92485 -25.92477 -25.92515 -25.92375 -25.92730 -25.94628 -25.94506
 -25.94169
 -25.97240 -25.97245 -25.97227 -25.97303 -25.97025 -25.97693 -26.01368 -26.01149
 -26.00422
 -25.98586 -25.98592 -25.98570 -25.98658 -25.98340 -25.99098 -26.03278 -26.03031
 -26.02193
---------------------/ IGRD= 1  / IPRT= 0  /--------/ Z1= 6   / DATE= 23/07/02
 -74.00000 -74.00000 -74.00000 -74.00000 -74.00000 -74.00000 -74.00000 -74.00000
 -74.00000
 -74.00000 -74.00000 -74.00000 -74.00000 -74.00000 -74.00000 -74.00000 -74.00000
 -74.00000
 -66.37944 -67.94928 -67.86346 -67.90091 -67.89467 -67.89729 -67.89684 -67.89703
 -67.89700
 -48.52874 -48.16096 -48.18107 -48.17229 -48.17375 -48.17314 -48.17325 -48.17320
 -48.17321
 -40.98917 -41.07763 -41.07280 -41.07491 -41.07455 -41.07470 -41.07468 -41.07469
 -41.07469
 -33.31987 -33.31006 -33.31060 -33.31036 -33.31040 -33.31039 -33.31039 -33.31039
 -33.31038
 -29.42756 -29.42623 -29.42630 -29.42627 -29.42628 -29.42627 -29.42628 -29.42627
 -29.42616
 -27.78516 -27.78503 -27.78504 -27.78504 -27.78503 -27.78503 -27.78502 -27.78505
 -27.78554
 -27.13694 -27.13698 -27.13697 -27.13697 -27.13698 -27.13698 -27.13698 -27.13698
 -27.13692
 -26.41511 -26.41508 -26.41509 -26.41510 -26.41508 -26.41503 -26.41507 -26.41504
 -26.41497
 -26.05966 -26.06000 -26.06004 -26.06037 -26.06041 -26.06118 -26.06240 -26.06366
 -26.06498
 -25.91769 -25.91777 -25.91763 -25.91779 -25.92135 -25.92186 -25.92126 -25.92138
 -25.92586
 -25.87216 -25.87212 -25.87221 -25.87213 -25.87201 -25.87513 -25.87540 -25.87557
 -25.87924
 -25.83855 -25.83946 -25.83908 -25.83913 -25.83917 -25.83914 -25.84010 -25.84221
 -25.84305
 -25.84485 -25.84513 -25.84648 -25.84632 -25.84668 -25.84902 -25.84839 -25.84958
 -25.85221
 -25.86883 -25.86894 -25.86905 -25.86906 -25.86895 -25.86913 -25.87250 -25.87218
 -25.87193
 -25.88631 -25.88624 -25.88622 -25.88614 -25.88671 -25.89072 -25.88943 -25.88954
 -25.89027
 -25.92062 -25.92012 -25.91961 -25.91932 -25.92154 -25.93466 -25.92227 -25.92338
 -25.92717
 -25.98264 -25.98135 -25.97997 -25.97930 -25.98448 -26.01408 -25.98163 -25.98455
 -25.99388
 -26.00030 -25.99878 -25.99715 -25.99637 -26.00239 -26.03669 -25.99853 -26.00197
 -26.01287
C-------------------------------------------------------------------------------
C
C     RADIATED POWERS IN UNITS OF W CM**3 
C     ----------------------------------- 
C
C     INPUT DATA
C         FOR YEAR: 96 AND WITH PREFIX: pj
C         FOR c  RECOMBINING ION CHARGE(S)  1 TO  6
C
C     CODE     : ADAS404
C     PRODUCER : Ralph Dux E4 ,L6 236 ,1256    
C     DATE     : 23/07/02
C
C-------------------------------------------------------------------------------
