    2    5   35    1    2     /HELIUM             /HORTON ET AL 1996           
================================================================================
  11.00000  12.00000  13.00000  14.00000  15.00000
   0.00000   0.13535   0.27071   0.40606   0.54142   0.67677   0.81213   0.94748
   1.08284   1.21819   1.35355   1.48890   1.62426   1.75961   1.89497   2.03032
   2.16568   2.30103   2.43638   2.57174   2.70709   2.84245   2.97780   3.11316
   3.24851   3.38387   3.51922   3.65458   3.78993   3.92529   4.06064   4.19600
   4.33135   4.46671   4.60206
---------------------/ IGRD= 1  / IPRT= 0  /--------/ Z1= 1   / DATE= 20/11/97  
 -34.12348 -34.14143 -34.20322 -34.38486 -34.50809
 -31.81379 -31.84014 -31.94499 -32.17892 -32.31960
 -30.14430 -30.17768 -30.32242 -30.56030 -30.71027
 -28.94356 -28.98137 -29.14322 -29.35299 -29.51323
 -28.07597 -28.11457 -28.27092 -28.44731 -28.61878
 -27.44103 -27.47685 -27.61569 -27.76507 -27.94874
 -26.96715 -26.99722 -27.11560 -27.24390 -27.44029
 -26.60723 -26.63157 -26.73025 -26.84368 -27.05009
 -26.32990 -26.35051 -26.43023 -26.53389 -26.74701
 -26.11410 -26.13112 -26.19501 -26.29160 -26.50924
 -25.94524 -25.95792 -26.01056 -26.10197 -26.32131
 -25.81306 -25.82298 -25.86658 -25.95453 -26.17183
 -25.71113 -25.71958 -25.75602 -25.83987 -26.05323
 -25.63389 -25.64067 -25.67221 -25.75112 -25.95934
 -25.57586 -25.58095 -25.60863 -25.68270 -25.88552
 -25.53318 -25.53741 -25.56120 -25.63154 -25.82839
 -25.50430 -25.50786 -25.52895 -25.59637 -25.78507
 -25.48789 -25.49105 -25.51015 -25.57456 -25.75433
 -25.48069 -25.48365 -25.50061 -25.56151 -25.73399
 -25.47508 -25.47789 -25.49279 -25.55010 -25.71576
 -25.46860 -25.47129 -25.48429 -25.53813 -25.69677
 -25.46219 -25.46480 -25.47596 -25.52635 -25.67803
 -25.45567 -25.45820 -25.46758 -25.51455 -25.65929
 -25.44907 -25.45154 -25.45918 -25.50275 -25.64053
 -25.44244 -25.44486 -25.45077 -25.49095 -25.62177
 -25.43578 -25.43814 -25.44234 -25.47914 -25.60302
 -25.42909 -25.43140 -25.43391 -25.46735 -25.58428
 -25.42240 -25.42466 -25.42546 -25.45555 -25.56553
 -25.41569 -25.41791 -25.41702 -25.44375 -25.54678
 -25.40897 -25.41115 -25.40858 -25.43194 -25.52803
 -25.40226 -25.40439 -25.40012 -25.42014 -25.50928
 -25.39554 -25.39763 -25.39167 -25.40833 -25.49053
 -25.38882 -25.39086 -25.38321 -25.39652 -25.47178
 -25.38210 -25.38410 -25.37476 -25.38472 -25.45304
 -25.37538 -25.37733 -25.36630 -25.37291 -25.43429
---------------------/ IGRD= 1  / IPRT= 0  /--------/ Z1= 2   / DATE= 20/11/97  
 -42.62551 -42.62551 -42.62552 -42.62552 -42.62557
 -37.85129 -37.85134 -37.85107 -37.85115 -37.85146
 -34.46087 -34.46082 -34.46116 -34.46109 -34.46182
 -31.99094 -31.99096 -31.99189 -31.99187 -31.99391
 -30.14536 -30.14512 -30.14603 -30.14732 -30.15307
 -28.83046 -28.83015 -28.83108 -28.83455 -28.84660
 -27.86657 -27.86798 -27.86978 -27.87517 -27.89492
 -27.16402 -27.16727 -27.17003 -27.18002 -27.20945
 -26.65870 -26.66205 -26.66587 -26.68028 -26.71735
 -26.29434 -26.29750 -26.30362 -26.32028 -26.36167
 -26.03269 -26.03676 -26.04493 -26.06344 -26.10906
 -25.84891 -25.85401 -25.86202 -25.88240 -25.93156
 -25.72295 -25.72891 -25.73730 -25.75865 -25.80731
 -25.63787 -25.64332 -25.65259 -25.67449 -25.72483
 -25.58089 -25.58557 -25.59542 -25.61763 -25.67016
 -25.54418 -25.54869 -25.55862 -25.58098 -25.63181
 -25.52154 -25.52542 -25.53519 -25.55758 -25.60767
 -25.50835 -25.51318 -25.52233 -25.54337 -25.59316
 -25.50298 -25.50770 -25.51682 -25.53678 -25.58409
 -25.50294 -25.50697 -25.51618 -25.53549 -25.58073
 -25.50665 -25.51038 -25.51876 -25.53739 -25.58094
 -25.51424 -25.51820 -25.52490 -25.54244 -25.58343
 -25.52751 -25.53140 -25.53825 -25.55415 -25.59373
 -25.54265 -25.54636 -25.55413 -25.56814 -25.60698
 -25.55784 -25.56139 -25.57008 -25.58221 -25.62033
 -25.57300 -25.57639 -25.58600 -25.59626 -25.63364
 -25.58818 -25.59140 -25.60194 -25.61031 -25.64696
 -25.60335 -25.60641 -25.61788 -25.62435 -25.66028
 -25.61852 -25.62141 -25.63381 -25.63840 -25.67360
 -25.63369 -25.63642 -25.64974 -25.65245 -25.68692
 -25.64886 -25.65142 -25.66567 -25.66650 -25.70024
 -25.66404 -25.66642 -25.68161 -25.68054 -25.71356
 -25.67921 -25.68143 -25.69755 -25.69459 -25.72688
 -25.69439 -25.69643 -25.71348 -25.70863 -25.74020
 -25.70956 -25.71144 -25.72942 -25.72267 -25.75353
