    6    5   35    1    6
******************************************
  11.00000  12.00000  13.00000  14.00000  15.00000
   0.00000   0.14613   0.29447   0.44091   0.58771   0.73560   0.88252   1.02938
   1.17609   1.32428   1.47129   1.61805   1.76492   1.91169   2.06070   2.20683
   2.35218   2.49969   2.64738   2.79379   2.94101   3.08991   3.23553   3.38202
   3.52892   3.67669   3.82347   3.97081   4.11727   4.26482   4.41162   4.55871
   4.70586   4.85309   5.00000
**** 0**************************************
 -28.27081 -28.27926 -28.27945 -28.28630 -28.35528
 -27.33853 -27.33956 -27.33836 -27.33982 -27.39170
 -26.65869 -26.65790 -26.65455 -26.65453 -26.69557
 -26.15523 -26.15471 -26.15011 -26.14921 -26.19652
 -25.77409 -25.77356 -25.76871 -25.77090 -25.84194
 -25.48622 -25.48521 -25.48172 -25.48779 -25.59750
 -25.26614 -25.26534 -25.26320 -25.27574 -25.42944
 -25.10166 -25.10082 -25.10024 -25.11968 -25.31369
 -24.99185 -24.99192 -24.99228 -25.01698 -25.24009
 -24.89849 -24.89926 -24.90064 -24.93081 -25.18065
 -24.84235 -24.84300 -24.84521 -24.87858 -25.14323
 -24.80424 -24.80498 -24.80822 -24.84388 -25.11699
 -24.78540 -24.78725 -24.79013 -24.82676 -25.10177
 -24.77688 -24.77853 -24.78287 -24.81859 -25.09205
 -24.82468 -24.82692 -24.83035 -24.86239 -25.11467
 -24.88706 -24.88934 -24.89240 -24.92029 -25.14671
 -24.95204 -24.95514 -24.95772 -24.98128 -25.18385
 -25.01982 -25.02284 -25.02581 -25.04530 -25.22433
 -25.08830 -25.09242 -25.09467 -25.11161 -25.26873
 -25.15845 -25.16288 -25.16497 -25.17942 -25.31625
 -25.22920 -25.23433 -25.23597 -25.24861 -25.36696
 -25.30054 -25.30624 -25.30818 -25.31829 -25.42077
 -25.37244 -25.37846 -25.38061 -25.38919 -25.47654
 -25.44428 -25.45144 -25.45332 -25.46037 -25.53470
 -25.51613 -25.52425 -25.52548 -25.53252 -25.59529
 -25.58778 -25.59692 -25.59866 -25.60475 -25.65801
 -25.66007 -25.67022 -25.67193 -25.67707 -25.72233
 -25.73251 -25.74269 -25.74583 -25.74901 -25.78711
 -25.80492 -25.81601 -25.81854 -25.82211 -25.85460
 -25.87609 -25.88882 -25.89116 -25.89494 -25.92207
 -25.94872 -25.96185 -25.96485 -25.96729 -25.99097
 -26.02097 -26.03517 -26.03873 -26.04093 -26.06014
 -26.09270 -26.10819 -26.11183 -26.11417 -26.13026
 -26.16514 -26.18068 -26.18536 -26.18744 -26.20090
 -26.23738 -26.25368 -26.25870 -26.26055 -26.27242
**** 1**************************************
 -28.63041 -28.70487 -28.71371 -28.72480 -28.81730
 -27.58381 -27.60579 -27.60868 -27.61947 -27.69515
 -26.82602 -26.83413 -26.83563 -26.84151 -26.89733
 -26.27412 -26.27795 -26.27954 -26.28345 -26.31902
 -25.85451 -25.85638 -25.85656 -25.85883 -25.88183
 -25.52696 -25.52935 -25.52911 -25.52892 -25.54405
 -25.27785 -25.27935 -25.27938 -25.27899 -25.29051
 -25.09925 -25.10134 -25.10005 -25.10014 -25.11187
 -24.96857 -24.96978 -24.97049 -24.97017 -24.98643
 -24.88361 -24.88649 -24.88534 -24.88651 -24.90495
 -24.83087 -24.83333 -24.83349 -24.83485 -24.85664
 -24.80144 -24.80451 -24.80502 -24.80716 -24.83078
 -24.78742 -24.79197 -24.79258 -24.79397 -24.82093
 -24.78822 -24.79398 -24.79409 -24.79629 -24.82367
 -24.80117 -24.80841 -24.80941 -24.81073 -24.83858
 -24.81143 -24.81950 -24.82083 -24.82382 -24.85015
 -24.83083 -24.84134 -24.84185 -24.84579 -24.87185
 -24.84814 -24.86044 -24.86203 -24.86483 -24.89152
 -24.90001 -24.91399 -24.91556 -24.91841 -24.94254
 -24.96704 -24.98169 -24.98502 -24.98709 -25.00758
 -25.03459 -25.05280 -25.05578 -25.05689 -25.07494
 -25.10381 -25.12225 -25.12538 -25.12754 -25.14325
 -25.17355 -25.19423 -25.19793 -25.19954 -25.21290
 -25.24301 -25.26613 -25.26999 -25.27128 -25.28312
 -25.31305 -25.33793 -25.34310 -25.34390 -25.35431
 -25.38346 -25.40994 -25.41547 -25.41671 -25.42510
 -25.45379 -25.48221 -25.48878 -25.48951 -25.49715
 -25.52466 -25.55476 -25.56178 -25.56292 -25.56950
 -25.59575 -25.62611 -25.63508 -25.63620 -25.64165
 -25.66653 -25.69820 -25.70793 -25.70968 -25.71357
 -25.73744 -25.76982 -25.78115 -25.78231 -25.78675
 -25.80909 -25.84149 -25.85395 -25.85581 -25.85973
 -25.88135 -25.91289 -25.92705 -25.92964 -25.93241
 -25.95203 -25.98467 -26.00010 -26.00324 -26.00554
 -26.02394 -26.05513 -26.07341 -26.07614 -26.07875
**** 2**************************************
 -29.09612 -29.40386 -29.45391 -29.46446 -29.50357
 -27.86057 -27.93865 -27.94735 -27.95180 -27.98548
 -26.90627 -26.92704 -26.92974 -26.93296 -26.96090
 -26.25547 -26.26362 -26.26437 -26.26687 -26.29240
 -25.81959 -25.82346 -25.82402 -25.82639 -25.85020
 -25.51548 -25.51865 -25.51922 -25.52153 -25.54493
 -25.29449 -25.29623 -25.29630 -25.29925 -25.32046
 -25.12696 -25.12708 -25.12711 -25.12920 -25.15099
 -24.99899 -25.00134 -25.00103 -25.00330 -25.01977
 -24.90720 -24.90917 -24.90986 -24.91079 -24.92702
 -24.84325 -24.84539 -24.84634 -24.84707 -24.86086
 -24.80196 -24.80465 -24.80461 -24.80571 -24.81862
 -24.78374 -24.78753 -24.78802 -24.78948 -24.80085
 -24.77755 -24.78118 -24.78186 -24.78339 -24.79358
 -24.78803 -24.79335 -24.79388 -24.79468 -24.80476
 -24.80342 -24.81010 -24.81107 -24.81194 -24.82097
 -24.85878 -24.86642 -24.86739 -24.86896 -24.87577
 -24.92034 -24.92801 -24.92931 -24.92960 -24.93604
 -24.98344 -24.99310 -24.99459 -24.99537 -25.00067
 -25.04940 -25.06032 -25.06199 -25.06258 -25.06720
 -25.11770 -25.12916 -25.12984 -25.13026 -25.13424
 -25.18568 -25.19917 -25.20072 -25.20127 -25.20504
 -25.25421 -25.26990 -25.27209 -25.27270 -25.27555
 -25.32353 -25.34136 -25.34374 -25.34452 -25.34700
 -25.39501 -25.41318 -25.41652 -25.41692 -25.41908
 -25.46460 -25.48545 -25.48861 -25.48937 -25.49082
 -25.53544 -25.55759 -25.56139 -25.56206 -25.56385
 -25.60567 -25.62988 -25.63476 -25.63488 -25.63654
 -25.67657 -25.70280 -25.70730 -25.70835 -25.71005
 -25.74709 -25.77433 -25.78099 -25.78186 -25.78283
 -25.81827 -25.84687 -25.85436 -25.85537 -25.85605
 -25.88955 -25.91995 -25.92707 -25.92827 -25.92876
 -25.96071 -25.99125 -26.00156 -26.00202 -26.00302
 -26.03190 -26.06313 -26.07429 -26.07501 -26.07660
 -26.10313 -26.13559 -26.14677 -26.14879 -26.14921
**** 3**************************************
 -27.82753 -27.82753 -27.83129 -27.84667 -27.98566
 -26.89988 -26.89988 -26.90121 -26.91564 -27.03768
 -26.25651 -26.25651 -26.25751 -26.27081 -26.38145
 -25.81644 -25.81644 -25.81644 -25.82753 -25.93485
 -25.51899 -25.51899 -25.52083 -25.53205 -25.64135
 -25.32292 -25.32292 -25.32409 -25.33712 -25.44906
 -25.19472 -25.19472 -25.19643 -25.20943 -25.32363
 -25.10990 -25.11061 -25.11196 -25.12500 -25.23459
 -25.05041 -25.05041 -25.05210 -25.06388 -25.16247
 -25.00969 -25.00966 -25.01055 -25.02086 -25.10388
 -24.98020 -24.98017 -24.98151 -24.98992 -25.05781
 -24.96426 -24.96405 -24.96478 -24.97198 -25.02644
 -24.95531 -24.95531 -24.95565 -24.96151 -25.00569
 -24.95762 -24.95742 -24.95809 -24.96232 -24.99846
 -24.96934 -24.96933 -24.96986 -24.97346 -25.00234
 -24.98870 -24.98870 -24.98900 -24.99127 -25.01536
 -25.01594 -25.01594 -25.01604 -25.01843 -25.03693
 -25.04741 -25.04744 -25.04775 -25.05002 -25.06477
 -25.08790 -25.08791 -25.08761 -25.08917 -25.10122
 -25.12266 -25.12340 -25.12313 -25.12441 -25.13346
 -25.16629 -25.16629 -25.16599 -25.16689 -25.17411
 -25.21060 -25.21061 -25.21028 -25.21077 -25.21502
 -25.26965 -25.26965 -25.26966 -25.27074 -25.27471
 -25.34151 -25.34273 -25.34226 -25.34194 -25.34631
 -25.41441 -25.41436 -25.41422 -25.41462 -25.41743
 -25.48633 -25.48633 -25.48626 -25.48675 -25.48914
 -25.56004 -25.56003 -25.55985 -25.55893 -25.56147
 -25.63251 -25.63251 -25.63239 -25.63240 -25.63433
 -25.70563 -25.70563 -25.70550 -25.70576 -25.70721
 -25.77891 -25.77889 -25.77876 -25.77884 -25.78054
 -25.85219 -25.85219 -25.85216 -25.85244 -25.85355
 -25.92586 -25.92586 -25.92570 -25.92575 -25.92659
 -25.99886 -25.99886 -25.99889 -25.99899 -26.00003
 -26.07273 -26.07274 -26.07273 -26.07247 -26.07348
 -26.14618 -26.14618 -26.14618 -26.14583 -26.14640
**** 4**************************************
 -74.00000 -74.00000 -74.00000 -74.00000 -74.00000
 -74.00000 -74.00000 -74.00000 -74.00000 -74.00000
 -74.00000 -74.00000 -74.00000 -74.00000 -74.00000
 -74.00000 -74.00000 -74.00000 -74.00000 -74.00000
 -74.00000 -74.00000 -74.00000 -74.00000 -74.00000
 -50.44571 -51.42440 -52.41882 -53.38727 -49.10954
 -42.19944 -42.20812 -42.23620 -42.12730 -42.13637
 -37.25225 -37.25112 -37.25103 -37.25089 -37.25398
 -33.78775 -33.78675 -33.78666 -33.78622 -33.78636
 -31.33710 -31.33557 -31.33529 -31.33474 -31.32882
 -29.60320 -29.60195 -29.60141 -29.59987 -29.58939
 -28.38582 -28.38387 -28.38373 -28.38151 -28.36456
 -27.52525 -27.52350 -27.52273 -27.52064 -27.49969
 -26.92989 -26.92814 -26.92703 -26.92593 -26.90224
 -26.52842 -26.52569 -26.52513 -26.52345 -26.50124
 -26.25633 -26.25459 -26.25368 -26.25143 -26.23195
 -26.08496 -26.08273 -26.08129 -26.07861 -26.06350
 -25.97286 -25.97277 -25.97123 -25.96868 -25.95569
 -25.91009 -25.90809 -25.90825 -25.90743 -25.89742
 -25.87061 -25.86875 -25.86848 -25.86784 -25.86040
 -25.85111 -25.84961 -25.84921 -25.84721 -25.84230
 -25.84329 -25.84176 -25.84159 -25.84095 -25.83818
 -25.84567 -25.84448 -25.84422 -25.84372 -25.84112
 -25.85061 -25.84968 -25.84965 -25.84895 -25.84633
 -25.85892 -25.85815 -25.85837 -25.85793 -25.85759
 -25.86859 -25.86819 -25.86828 -25.86790 -25.86641
 -25.89167 -25.89135 -25.89022 -25.88988 -25.89025
 -25.90619 -25.90599 -25.90657 -25.90646 -25.90558
 -25.94975 -25.94938 -25.94861 -25.94853 -25.94791
 -26.01934 -26.02139 -26.02050 -26.02069 -26.02001
 -26.09241 -26.09222 -26.09183 -26.08948 -26.08872
 -26.16313 -26.16323 -26.16310 -26.16299 -26.16296
 -26.23574 -26.23551 -26.23537 -26.23529 -26.23581
 -26.30888 -26.30865 -26.30796 -26.30818 -26.30798
 -26.38193 -26.38167 -26.38093 -26.38139 -26.38075
**** 5**************************************
 -74.00000 -74.00000 -74.00000 -74.00000 -74.00000
 -74.00000 -74.00000 -74.00000 -74.00000 -74.00000
 -74.00000 -74.00000 -74.00000 -74.00000 -74.00000
 -74.00000 -74.00000 -74.00000 -74.00000 -74.00000
 -74.00000 -74.00000 -74.00000 -74.00000 -74.00000
 -74.00000 -74.00000 -74.00000 -74.00000 -74.00000
 -74.00000 -74.00000 -74.00000 -74.00000 -74.00000
 -40.11275 -40.11275 -40.11274 -40.11256 -40.11254
 -35.89832 -35.89832 -35.89832 -35.89832 -35.89829
 -32.90910 -32.90910 -32.90910 -32.90910 -32.91107
 -30.79212 -30.79210 -30.79210 -30.79209 -30.79186
 -29.28992 -29.28992 -29.28992 -29.28990 -29.28998
 -28.22747 -28.22746 -28.22746 -28.22737 -28.22718
 -27.47546 -27.47546 -27.47546 -27.47528 -27.47552
 -26.94977 -26.94977 -26.94977 -26.94972 -26.94907
 -26.58519 -26.58519 -26.58519 -26.58507 -26.58546
 -26.33582 -26.33582 -26.33583 -26.33576 -26.33576
 -26.16432 -26.16432 -26.16432 -26.16461 -26.16466
 -26.04362 -26.04362 -26.04362 -26.04360 -26.04326
 -25.96134 -25.96134 -25.96134 -25.96132 -25.96076
 -25.91749 -25.91749 -25.91749 -25.91725 -25.91703
 -25.88370 -25.88370 -25.88370 -25.88370 -25.88347
 -25.87631 -25.87631 -25.87631 -25.87608 -25.87586
 -25.92137 -25.92137 -25.92137 -25.92138 -25.92114
 -25.97518 -25.97518 -25.97518 -25.97519 -25.97506
 -26.03424 -26.03423 -26.03423 -26.03424 -26.03412
 -26.09827 -26.09827 -26.09827 -26.09790 -26.09785
 -26.16402 -26.16402 -26.16402 -26.16402 -26.16395
 -26.23274 -26.23274 -26.23274 -26.23275 -26.23213
 -26.30251 -26.30251 -26.30251 -26.30251 -26.30245
 -26.37306 -26.37306 -26.37306 -26.37307 -26.37293
 -26.44497 -26.44497 -26.44497 -26.44488 -26.44490
 -26.51721 -26.51721 -26.51721 -26.51721 -26.51722
 -26.58979 -26.58979 -26.58979 -26.58979 -26.58967
 -26.66283 -26.66283 -26.66283 -26.66283 -26.66283
