    6    5   35    1    6
******************************************
  11.00000  12.00000  13.00000  14.00000  15.00000
   0.00000   0.14613   0.29447   0.44091   0.58771   0.73560   0.88252   1.02938
   1.17609   1.32428   1.47129   1.61805   1.76492   1.91169   2.06070   2.20683
   2.35218   2.49969   2.64738   2.79379   2.94101   3.08991   3.23553   3.38202
   3.52892   3.67669   3.82347   3.97081   4.11727   4.26482   4.41162   4.55871
   4.70586   4.85309   5.00000
**** 0**************************************
 -28.26721 -28.27577 -28.27701 -28.28448 -28.35396
 -27.33241 -27.33364 -27.33432 -27.33770 -27.38860
 -26.65181 -26.65207 -26.65043 -26.65159 -26.69256
 -26.14783 -26.14812 -26.14543 -26.14616 -26.19376
 -25.76688 -25.76721 -25.76400 -25.76731 -25.83925
 -25.47963 -25.47935 -25.47715 -25.48460 -25.59464
 -25.26051 -25.26013 -25.25908 -25.27259 -25.42653
 -25.09717 -25.09682 -25.09663 -25.11680 -25.31094
 -24.98768 -24.98817 -24.98884 -25.01445 -25.23748
 -24.89522 -24.89619 -24.89782 -24.92811 -25.17814
 -24.83922 -24.83987 -24.84234 -24.87585 -25.14073
 -24.80149 -24.80268 -24.80566 -24.84144 -25.11473
 -24.78278 -24.78457 -24.78806 -24.82418 -25.09949
 -24.77477 -24.77637 -24.78028 -24.81622 -25.08982
 -24.82216 -24.82453 -24.82807 -24.86014 -25.11229
 -24.88478 -24.88722 -24.89043 -24.91788 -25.14464
 -24.94946 -24.95301 -24.95580 -24.97895 -25.18172
 -25.01750 -25.02081 -25.02330 -25.04312 -25.22225
 -25.08613 -25.09025 -25.09236 -25.10930 -25.26642
 -25.15608 -25.16062 -25.16293 -25.17719 -25.31404
 -25.22696 -25.23204 -25.23402 -25.24635 -25.36466
 -25.29816 -25.30385 -25.30585 -25.31632 -25.41851
 -25.36981 -25.37631 -25.37848 -25.38713 -25.47452
 -25.44182 -25.44907 -25.45098 -25.45822 -25.53250
 -25.51350 -25.52185 -25.52355 -25.53001 -25.59350
 -25.58551 -25.59473 -25.59655 -25.60250 -25.65566
 -25.65770 -25.66802 -25.66983 -25.67483 -25.71984
 -25.73033 -25.74034 -25.74343 -25.74683 -25.78536
 -25.80211 -25.81362 -25.81642 -25.82018 -25.85215
 -25.87379 -25.88634 -25.88933 -25.89292 -25.91977
 -25.94615 -25.95951 -25.96287 -25.96555 -25.98862
 -26.01837 -26.03270 -26.03629 -26.03866 -26.05797
 -26.09043 -26.10574 -26.10962 -26.11189 -26.12813
 -26.16283 -26.17839 -26.18313 -26.18541 -26.19883
 -26.23509 -26.25127 -26.25632 -26.25836 -26.27006
**** 1**************************************
 -28.63035 -28.70486 -28.71369 -28.72462 -28.81711
 -27.58459 -27.60668 -27.60956 -27.62019 -27.69453
 -26.82592 -26.83409 -26.83555 -26.84167 -26.89726
 -26.27409 -26.27800 -26.27950 -26.28300 -26.31966
 -25.85482 -25.85666 -25.85669 -25.85879 -25.88202
 -25.52709 -25.52927 -25.52914 -25.52915 -25.54408
 -25.27783 -25.27929 -25.27916 -25.27879 -25.29057
 -25.09887 -25.10093 -25.10033 -25.10022 -25.11211
 -24.96867 -24.96994 -24.97051 -24.97025 -24.98635
 -24.88324 -24.88619 -24.88563 -24.88642 -24.90505
 -24.83066 -24.83320 -24.83369 -24.83456 -24.85677
 -24.80167 -24.80445 -24.80503 -24.80699 -24.83084
 -24.78756 -24.79194 -24.79251 -24.79406 -24.82079
 -24.78823 -24.79394 -24.79419 -24.79635 -24.82391
 -24.80113 -24.80812 -24.80912 -24.81069 -24.83834
 -24.81102 -24.81932 -24.82053 -24.82342 -24.85034
 -24.83058 -24.84115 -24.84216 -24.84558 -24.87184
 -24.84788 -24.86014 -24.86222 -24.86475 -24.89131
 -24.89964 -24.91379 -24.91551 -24.91830 -24.94255
 -24.96690 -24.98169 -24.98484 -24.98700 -25.00762
 -25.03443 -25.05265 -25.05548 -25.05679 -25.07482
 -25.10367 -25.12231 -25.12545 -25.12752 -25.14324
 -25.17353 -25.19412 -25.19766 -25.19949 -25.21285
 -25.24278 -25.26608 -25.26995 -25.27148 -25.28294
 -25.31301 -25.33781 -25.34280 -25.34388 -25.35413
 -25.38332 -25.40985 -25.41545 -25.41667 -25.42533
 -25.45389 -25.48204 -25.48851 -25.48953 -25.49711
 -25.52476 -25.55449 -25.56145 -25.56270 -25.56934
 -25.59553 -25.62595 -25.63503 -25.63597 -25.64155
 -25.66653 -25.69826 -25.70770 -25.70936 -25.71353
 -25.73789 -25.76998 -25.78128 -25.78246 -25.78645
 -25.80889 -25.84128 -25.85402 -25.85596 -25.85953
 -25.88102 -25.91303 -25.92692 -25.92949 -25.93240
 -25.95227 -25.98451 -25.99991 -26.00318 -26.00551
 -26.02380 -26.05516 -26.07307 -26.07587 -26.07876
**** 2**************************************
 -29.09537 -29.40484 -29.45504 -29.46569 -29.50272
 -27.86070 -27.93884 -27.94754 -27.95204 -27.98541
 -26.90598 -26.92667 -26.92938 -26.93263 -26.96096
 -26.25558 -26.26370 -26.26444 -26.26698 -26.29288
 -25.81939 -25.82326 -25.82383 -25.82622 -25.85037
 -25.51569 -25.51858 -25.51916 -25.52155 -25.54469
 -25.29422 -25.29600 -25.29607 -25.29909 -25.32065
 -25.12666 -25.12780 -25.12770 -25.13007 -25.15001
 -24.99881 -25.00110 -25.00096 -25.00313 -25.01996
 -24.90714 -24.90927 -24.90985 -24.91096 -24.92663
 -24.84300 -24.84517 -24.84614 -24.84692 -24.86092
 -24.80143 -24.80414 -24.80433 -24.80546 -24.81855
 -24.78380 -24.78717 -24.78768 -24.78925 -24.80093
 -24.77709 -24.78088 -24.78150 -24.78326 -24.79362
 -24.78779 -24.79327 -24.79383 -24.79465 -24.80448
 -24.80317 -24.81013 -24.81111 -24.81205 -24.82076
 -24.85892 -24.86627 -24.86736 -24.86884 -24.87589
 -24.91986 -24.92826 -24.92952 -24.93010 -24.93665
 -24.98328 -24.99257 -24.99407 -24.99487 -25.00021
 -25.04967 -25.06019 -25.06191 -25.06229 -25.06725
 -25.11729 -25.12948 -25.13021 -25.13070 -25.13471
 -25.18546 -25.19882 -25.20066 -25.20112 -25.20508
 -25.25447 -25.26981 -25.27197 -25.27273 -25.27573
 -25.32403 -25.34139 -25.34374 -25.34442 -25.34705
 -25.39472 -25.41310 -25.41630 -25.41677 -25.41913
 -25.46476 -25.48533 -25.48863 -25.48924 -25.49088
 -25.53536 -25.55761 -25.56151 -25.56225 -25.56418
 -25.60585 -25.63018 -25.63476 -25.63496 -25.63681
 -25.67659 -25.70246 -25.70758 -25.70823 -25.70992
 -25.74732 -25.77456 -25.78104 -25.78199 -25.78293
 -25.81850 -25.84707 -25.85426 -25.85527 -25.85612
 -25.88958 -25.91931 -25.92747 -25.92873 -25.92934
 -25.96074 -25.99121 -26.00090 -26.00159 -26.00247
 -26.03156 -26.06342 -26.07431 -26.07509 -26.07644
 -26.10339 -26.13527 -26.14693 -26.14906 -26.14958
**** 3**************************************
 -27.82753 -27.82753 -27.83129 -27.84667 -27.98566
 -26.89988 -26.89988 -26.90121 -26.91564 -27.03768
 -26.25651 -26.25651 -26.25751 -26.27081 -26.38145
 -25.81644 -25.81644 -25.81644 -25.82753 -25.93485
 -25.51899 -25.51899 -25.52083 -25.53205 -25.64135
 -25.32292 -25.32292 -25.32409 -25.33712 -25.44906
 -25.19472 -25.19472 -25.19643 -25.20943 -25.32363
 -25.10991 -25.11062 -25.11197 -25.12500 -25.23459
 -25.05040 -25.05039 -25.05208 -25.06388 -25.16250
 -25.00969 -25.00966 -25.01055 -25.02087 -25.10379
 -24.98016 -24.98014 -24.98146 -24.98986 -25.05782
 -24.96435 -24.96414 -24.96486 -24.97205 -25.02648
 -24.95526 -24.95526 -24.95559 -24.96143 -25.00563
 -24.95759 -24.95738 -24.95804 -24.96222 -24.99835
 -24.96930 -24.96930 -24.96984 -24.97362 -25.00246
 -24.98869 -24.98870 -24.98898 -24.99145 -25.01552
 -25.01598 -25.01598 -25.01609 -25.01844 -25.03691
 -25.04749 -25.04752 -25.04783 -25.05006 -25.06483
 -25.08803 -25.08803 -25.08775 -25.08929 -25.10136
 -25.12291 -25.12364 -25.12334 -25.12462 -25.13373
 -25.16658 -25.16658 -25.16628 -25.16715 -25.17416
 -25.21063 -25.21064 -25.21030 -25.21076 -25.21513
 -25.26968 -25.26968 -25.26969 -25.27073 -25.27491
 -25.34151 -25.34273 -25.34225 -25.34191 -25.34604
 -25.41425 -25.41421 -25.41403 -25.41451 -25.41732
 -25.48640 -25.48639 -25.48628 -25.48676 -25.48915
 -25.56012 -25.56011 -25.55992 -25.55899 -25.56147
 -25.63258 -25.63258 -25.63245 -25.63245 -25.63438
 -25.70571 -25.70571 -25.70558 -25.70583 -25.70726
 -25.77893 -25.77891 -25.77878 -25.77885 -25.78047
 -25.85220 -25.85220 -25.85217 -25.85245 -25.85350
 -25.92586 -25.92586 -25.92570 -25.92574 -25.92653
 -25.99889 -25.99889 -25.99893 -25.99902 -26.00002
 -26.07277 -26.07277 -26.07276 -26.07248 -26.07344
 -26.14619 -26.14619 -26.14618 -26.14583 -26.14637
**** 4**************************************
 -74.00000 -74.00000 -74.00000 -74.00000 -74.00000
 -74.00000 -74.00000 -74.00000 -74.00000 -74.00000
 -74.00000 -74.00000 -74.00000 -74.00000 -74.00000
 -74.00000 -74.00000 -74.00000 -74.00000 -74.00000
 -74.00000 -74.00000 -74.00000 -74.00000 -74.00000
 -50.44578 -51.42426 -52.41877 -53.38720 -49.10885
 -42.19979 -42.20792 -42.23699 -42.12694 -42.13603
 -37.25069 -37.24966 -37.24960 -37.24970 -37.25399
 -33.78794 -33.78683 -33.78621 -33.78642 -33.78655
 -31.33706 -31.33565 -31.33549 -31.33456 -31.32903
 -29.60335 -29.60201 -29.60124 -29.60012 -29.58933
 -28.38583 -28.38387 -28.38350 -28.38145 -28.36449
 -27.52513 -27.52334 -27.52263 -27.52062 -27.49987
 -26.92917 -26.92867 -26.92710 -26.92580 -26.90287
 -26.52827 -26.52552 -26.52504 -26.52313 -26.50139
 -26.25635 -26.25457 -26.25360 -26.25146 -26.23182
 -26.08434 -26.08212 -26.08147 -26.07954 -26.06305
 -25.97351 -25.97175 -25.97092 -25.96904 -25.95587
 -25.91081 -25.90888 -25.90854 -25.90575 -25.89721
 -25.87104 -25.86941 -25.86872 -25.86751 -25.86005
 -25.84933 -25.84950 -25.84910 -25.84713 -25.84240
 -25.84332 -25.84152 -25.84180 -25.84133 -25.83758
 -25.84576 -25.84508 -25.84373 -25.84328 -25.84139
 -25.85061 -25.84959 -25.84945 -25.84863 -25.84688
 -25.85905 -25.85776 -25.85789 -25.85792 -25.85697
 -25.86912 -25.86774 -25.86861 -25.86717 -25.86670
 -25.89191 -25.89156 -25.89043 -25.89035 -25.89016
 -25.90691 -25.90633 -25.90641 -25.90650 -25.90481
 -25.94973 -25.94857 -25.94903 -25.94839 -25.94861
 -26.02015 -26.02086 -26.02073 -26.01971 -26.01978
 -26.09116 -26.09122 -26.09151 -26.08973 -26.09213
 -26.16317 -26.16325 -26.16309 -26.16298 -26.16261
 -26.23562 -26.23564 -26.23530 -26.23516 -26.23533
 -26.30843 -26.30870 -26.30847 -26.30808 -26.30787
 -26.38179 -26.38141 -26.38094 -26.38132 -26.38064
**** 5**************************************
 -74.00000 -74.00000 -74.00000 -74.00000 -74.00000
 -74.00000 -74.00000 -74.00000 -74.00000 -74.00000
 -74.00000 -74.00000 -74.00000 -74.00000 -74.00000
 -74.00000 -74.00000 -74.00000 -74.00000 -74.00000
 -74.00000 -74.00000 -74.00000 -74.00000 -74.00000
 -74.00000 -74.00000 -74.00000 -74.00000 -74.00000
 -74.00000 -74.00000 -74.00000 -74.00000 -74.00000
 -40.11275 -40.11275 -40.11274 -40.11256 -40.11254
 -35.89832 -35.89832 -35.89832 -35.89832 -35.89829
 -32.90910 -32.90910 -32.90910 -32.90910 -32.91107
 -30.79211 -30.79211 -30.79211 -30.79208 -30.79186
 -29.28992 -29.28991 -29.28991 -29.28989 -29.28997
 -28.22743 -28.22744 -28.22700 -28.22734 -28.22721
 -27.47544 -27.47544 -27.47543 -27.47528 -27.47553
 -26.94976 -26.94976 -26.94976 -26.94971 -26.94907
 -26.58517 -26.58517 -26.58517 -26.58506 -26.58544
 -26.33578 -26.33578 -26.33580 -26.33573 -26.33573
 -26.16434 -26.16471 -26.16471 -26.16463 -26.16469
 -26.04363 -26.04363 -26.04363 -26.04361 -26.04328
 -25.96134 -25.96134 -25.96134 -25.96132 -25.96077
 -25.91760 -25.91760 -25.91760 -25.91730 -25.91710
 -25.88378 -25.88378 -25.88378 -25.88376 -25.88356
 -25.87600 -25.87622 -25.87600 -25.87597 -25.87585
 -25.92139 -25.92139 -25.92139 -25.92137 -25.92124
 -25.97518 -25.97518 -25.97518 -25.97519 -25.97507
 -26.03422 -26.03422 -26.03422 -26.03422 -26.03411
 -26.09828 -26.09828 -26.09828 -26.09790 -26.09785
 -26.16401 -26.16401 -26.16401 -26.16401 -26.16394
 -26.23277 -26.23276 -26.23276 -26.23277 -26.23215
 -26.30199 -26.30250 -26.30250 -26.30250 -26.30246
 -26.37364 -26.37304 -26.37304 -26.37304 -26.37298
 -26.44509 -26.44501 -26.44501 -26.44492 -26.44493
 -26.51718 -26.51718 -26.51718 -26.51718 -26.51719
 -26.58977 -26.58977 -26.58965 -26.58978 -26.58966
 -26.66287 -26.66287 -26.66287 -26.66287 -26.66288
