   54    5   30    1   54     /                   /                        ADF1
================================================================================
  11.00000  12.00000  13.00000  14.00000  15.00000
   0.00000   0.16203   0.32407   0.48610   0.64813   0.81017   0.97220   1.13423
   1.29627   1.45830   1.62033   1.78237   1.94440   2.10643   2.26847   2.43050
   2.59254   2.75457   2.91660   3.07864   3.24067   3.40270   3.56474   3.72677
   3.88880   4.05084   4.21287   4.37490   4.53694   4.69897
 --------------------/ IPRT= 1  / IGRD= 1  /        / Z1= 1   / DATE= 30.01.98  
 -31.07405 -31.08413 -31.08413 -31.08413 -31.08413
 -31.10866 -31.11771 -31.11771 -31.11771 -31.11771
 -31.12898 -31.13692 -31.13698 -31.13702 -31.13704
 -31.13149 -31.13925 -31.14002 -31.14047 -31.14072
 -31.10866 -31.12041 -31.12385 -31.12592 -31.12709
 -31.06430 -31.08187 -31.08966 -31.09443 -31.09713
 -31.01198 -31.03232 -31.04332 -31.05013 -31.05404
 -30.96059 -30.97997 -30.99134 -30.99843 -31.00251
 -30.91027 -30.92601 -30.93541 -30.94131 -30.94471
 -30.85749 -30.86739 -30.87538 -30.87959 -30.88203
 -30.79934 -30.80574 -30.81084 -30.81355 -30.81511
 -30.73585 -30.73989 -30.74299 -30.74459 -30.74551
 -30.66960 -30.67195 -30.67377 -30.67468 -30.67520
 -30.60244 -30.60378 -30.60483 -30.60532 -30.60561
 -30.53517 -30.53592 -30.53654 -30.53679 -30.53695
 -30.46630 -30.46673 -30.46708 -30.46722 -30.46730
 -30.39655 -30.39680 -30.39701 -30.39709 -30.39713
 -30.32593 -30.32603 -30.32622 -30.32626 -30.32628
 -30.25365 -30.25372 -30.25384 -30.25385 -30.25386
 -30.18069 -30.18073 -30.18081 -30.18082 -30.18082
 -30.10747 -30.10750 -30.10755 -30.10755 -30.10756
 -30.03299 -30.03301 -30.03303 -30.03305 -30.03305
 -29.95770 -29.95771 -29.95772 -29.95773 -29.95773
 -29.88188 -29.88189 -29.88190 -29.88191 -29.88191
 -29.80508 -29.80508 -29.80509 -29.80510 -29.80510
 -29.72747 -29.72747 -29.72747 -29.72748 -29.72747
 -29.64932 -29.64932 -29.64933 -29.64933 -29.64934
 -29.57104 -29.57104 -29.57105 -29.57105 -29.57105
 -29.49253 -29.49253 -29.49253 -29.49253 -29.49253
 -29.41379 -29.41379 -29.41379 -29.41380 -29.41380
 --------------------/ IPRT= 1  / IGRD= 1  /        / Z1= 2   / DATE= 30.01.98  
 -30.18481 -30.19984 -30.21346 -30.23601 -30.23601
 -30.23956 -30.25246 -30.27112 -30.29246 -30.29246
 -30.29040 -30.29996 -30.31963 -30.33939 -30.33939
 -30.32979 -30.33827 -30.35625 -30.37405 -30.37406
 -30.35484 -30.36234 -30.37806 -30.39356 -30.39356
 -30.36257 -30.36899 -30.38217 -30.39515 -30.39514
 -30.35340 -30.36019 -30.37152 -30.38140 -30.38140
 -30.33035 -30.33497 -30.33835 -30.35215 -30.35214
 -30.29234 -30.29456 -30.29889 -30.30880 -30.30880
 -30.24211 -30.24370 -30.24690 -30.25408 -30.25416
 -30.18208 -30.18372 -30.18600 -30.19076 -30.19125
 -30.11748 -30.11861 -30.12024 -30.12156 -30.12396
 -30.04884 -30.04968 -30.05080 -30.05180 -30.05345
 -29.97774 -29.97806 -29.97911 -29.97984 -29.98098
 -29.90434 -29.90466 -29.90503 -29.90590 -29.90669
 -29.83071 -29.83092 -29.83121 -29.83179 -29.83235
 -29.75781 -29.75796 -29.75816 -29.75857 -29.75896
 -29.68698 -29.68710 -29.68723 -29.68752 -29.68780
 -29.61681 -29.61686 -29.61699 -29.61720 -29.61739
 -29.54624 -29.54628 -29.54638 -29.54644 -29.54665
 -29.47532 -29.47535 -29.47538 -29.47545 -29.47561
 -29.40365 -29.40367 -29.40369 -29.40375 -29.40385
 -29.33062 -29.33064 -29.33065 -29.33069 -29.33077
 -29.25743 -29.25744 -29.25746 -29.25748 -29.25750
 -29.18371 -29.18372 -29.18373 -29.18375 -29.18376
 -29.10880 -29.10880 -29.10881 -29.10883 -29.10883
 -29.03332 -29.03331 -29.03332 -29.03332 -29.03334
 -28.95719 -28.95719 -28.95719 -28.95720 -28.95720
 -28.88006 -28.88006 -28.88006 -28.88007 -28.88007
 -28.80228 -28.80228 -28.80228 -28.80228 -28.80228
 --------------------/ IPRT= 1  / IGRD= 1  /        / Z1= 3   / DATE= 30.01.98  
 -29.62151 -29.62977 -29.65775 -29.67769 -29.71136
 -29.68658 -29.69740 -29.71159 -29.74379 -29.77628
 -29.74915 -29.75941 -29.77339 -29.80371 -29.83460
 -29.80410 -29.81381 -29.82697 -29.85532 -29.88413
 -29.84836 -29.85843 -29.87017 -29.89618 -29.92227
 -29.88004 -29.88600 -29.90029 -29.92353 -29.94633
 -29.89713 -29.90255 -29.91511 -29.92545 -29.95379
 -29.89605 -29.90075 -29.90578 -29.91749 -29.94268
 -29.87870 -29.88295 -29.88741 -29.89596 -29.91606
 -29.84713 -29.84978 -29.85385 -29.86040 -29.87648
 -29.80177 -29.80347 -29.80683 -29.81170 -29.81529
 -29.74523 -29.74667 -29.74911 -29.75267 -29.75588
 -29.68088 -29.68193 -29.68336 -29.68629 -29.68843
 -29.61229 -29.61276 -29.61373 -29.61495 -29.61761
 -29.54079 -29.54122 -29.54188 -29.54279 -29.54461
 -29.46767 -29.46796 -29.46843 -29.46905 -29.47034
 -29.39298 -29.39318 -29.39352 -29.39396 -29.39485
 -29.31798 -29.31810 -29.31833 -29.31868 -29.31930
 -29.24406 -29.24413 -29.24426 -29.24454 -29.24495
 -29.17216 -29.17224 -29.17232 -29.17245 -29.17263
 -29.10183 -29.10186 -29.10194 -29.10202 -29.10217
 -29.03092 -29.03094 -29.03099 -29.03105 -29.03115
 -28.95984 -28.95987 -28.95989 -28.95994 -28.96001
 -28.88831 -28.88832 -28.88834 -28.88838 -28.88843
 -28.81530 -28.81532 -28.81532 -28.81536 -28.81539
 -28.74202 -28.74202 -28.74203 -28.74204 -28.74207
 -28.66848 -28.66848 -28.66849 -28.66850 -28.66851
 -28.59366 -28.59366 -28.59367 -28.59368 -28.59368
 -28.51822 -28.51823 -28.51822 -28.51823 -28.51824
 -28.44224 -28.44224 -28.44225 -28.44225 -28.44225
 --------------------/ IPRT= 1  / IGRD= 1  /        / Z1= 4   / DATE= 30.01.98  
 -29.21313 -29.22168 -29.24010 -29.26781 -29.33815
 -29.28392 -29.29351 -29.31162 -29.33861 -29.36222
 -29.35156 -29.36136 -29.37926 -29.40491 -29.42934
 -29.41429 -29.42400 -29.43405 -29.46653 -29.48879
 -29.46915 -29.47536 -29.48781 -29.50246 -29.53962
 -29.51432 -29.52097 -29.53195 -29.54690 -29.57950
 -29.54778 -29.55374 -29.56360 -29.57697 -29.60578
 -29.56602 -29.57091 -29.58011 -29.59138 -29.61604
 -29.56661 -29.57015 -29.57570 -29.58808 -29.60818
 -29.54957 -29.55232 -29.55677 -29.56694 -29.57690
 -29.51812 -29.52058 -29.52404 -29.52792 -29.53665
 -29.47342 -29.47476 -29.47780 -29.48100 -29.48699
 -29.41718 -29.41823 -29.42014 -29.42274 -29.42711
 -29.35254 -29.35335 -29.35441 -29.35657 -29.35969
 -29.28270 -29.28311 -29.28401 -29.28553 -29.28774
 -29.21041 -29.21075 -29.21140 -29.21234 -29.21404
 -29.13647 -29.13671 -29.13700 -29.13757 -29.13837
 -29.06147 -29.06161 -29.06187 -29.06226 -29.06282
 -28.98556 -28.98566 -28.98584 -28.98612 -28.98649
 -28.91049 -28.91056 -28.91069 -28.91087 -28.91114
 -28.83691 -28.83694 -28.83701 -28.83716 -28.83736
 -28.76587 -28.76590 -28.76595 -28.76603 -28.76620
 -28.69494 -28.69496 -28.69500 -28.69505 -28.69514
 -28.62394 -28.62395 -28.62397 -28.62402 -28.62407
 -28.55265 -28.55266 -28.55268 -28.55271 -28.55274
 -28.48036 -28.48037 -28.48038 -28.48040 -28.48043
 -28.40700 -28.40701 -28.40701 -28.40703 -28.40705
 -28.33372 -28.33373 -28.33373 -28.33374 -28.33375
 -28.25958 -28.25958 -28.25959 -28.25959 -28.25960
 -28.18438 -28.18438 -28.18438 -28.18438 -28.18439
 --------------------/ IPRT= 1  / IGRD= 1  /        / Z1= 5   / DATE= 30.01.98  
 -28.88780 -28.89590 -28.91552 -28.93824 -28.98900
 -28.96219 -28.97020 -28.98241 -29.01143 -29.06561
 -29.03351 -29.04153 -29.05373 -29.07965 -29.09826
 -29.10001 -29.10894 -29.12060 -29.13547 -29.16655
 -29.16196 -29.16764 -29.18196 -29.19597 -29.22516
 -29.21483 -29.22143 -29.22959 -29.24786 -29.27498
 -29.25624 -29.26242 -29.27005 -29.28654 -29.31127
 -29.27772 -29.28168 -29.29020 -29.30541 -29.32724
 -29.27847 -29.28246 -29.28983 -29.29773 -29.32210
 -29.26652 -29.26995 -29.27408 -29.28307 -29.29881
 -29.24577 -29.24815 -29.25244 -29.25955 -29.26993
 -29.21976 -29.22162 -29.22493 -29.23046 -29.23835
 -29.18283 -29.18428 -29.18658 -29.19104 -29.19675
 -29.13379 -29.13469 -29.13618 -29.13850 -29.14366
 -29.07393 -29.07464 -29.07566 -29.07732 -29.08096
 -29.00645 -29.00681 -29.00764 -29.00875 -29.01007
 -28.93526 -28.93556 -28.93597 -28.93686 -28.93785
 -28.86164 -28.86180 -28.86211 -28.86261 -28.86339
 -28.78670 -28.78683 -28.78705 -28.78733 -28.78792
 -28.71060 -28.71069 -28.71081 -28.71103 -28.71144
 -28.63509 -28.63513 -28.63522 -28.63539 -28.63563
 -28.56094 -28.56097 -28.56103 -28.56111 -28.56126
 -28.48937 -28.48938 -28.48943 -28.48949 -28.48958
 -28.41843 -28.41843 -28.41846 -28.41851 -28.41858
 -28.34736 -28.34737 -28.34739 -28.34743 -28.34748
 -28.27608 -28.27608 -28.27609 -28.27610 -28.27614
 -28.20402 -28.20403 -28.20404 -28.20405 -28.20407
 -28.13076 -28.13075 -28.13076 -28.13077 -28.13079
 -28.05744 -28.05744 -28.05745 -28.05746 -28.05747
 -27.98353 -27.98353 -27.98354 -27.98354 -27.98355
 --------------------/ IPRT= 1  / IGRD= 1  /        / Z1= 6   / DATE= 30.01.98  
 -28.61753 -28.62640 -28.63774 -28.66228 -28.69984
 -28.65383 -28.66973 -28.69049 -28.71966 -28.76039
 -28.25350 -28.33765 -28.41983 -28.50097 -28.58506
 -27.58644 -27.70190 -27.82008 -27.93969 -28.06055
 -27.12711 -27.24720 -27.37178 -27.49945 -27.62946
 -26.87510 -26.99586 -27.12152 -27.25082 -27.38275
 -26.77275 -26.89335 -27.01905 -27.14861 -27.28096
 -26.77448 -26.89466 -27.02004 -27.14934 -27.28166
 -26.84802 -26.96762 -27.09250 -27.22136 -27.35322
 -26.97086 -27.08973 -27.21390 -27.34202 -27.47299
 -27.12725 -27.24514 -27.36826 -27.49525 -27.62476
 -27.30590 -27.42238 -27.54389 -27.66888 -27.79605
 -27.49829 -27.61262 -27.73151 -27.85319 -27.97619
 -27.69694 -27.80769 -27.92205 -28.03804 -28.15375
 -27.89378 -27.99844 -28.10507 -28.21132 -28.31502
 -28.07836 -28.17287 -28.26698 -28.35800 -28.44336
 -28.23671 -28.31592 -28.39203 -28.46263 -28.52604
 -28.35391 -28.41366 -28.46861 -28.51727 -28.55897
 -28.41983 -28.45969 -28.49483 -28.52470 -28.54936
 -28.43593 -28.45965 -28.47992 -28.49663 -28.51010
 -28.41319 -28.42616 -28.43703 -28.44585 -28.45289
 -28.36644 -28.37317 -28.37877 -28.38330 -28.38689
 -28.30714 -28.31055 -28.31337 -28.31566 -28.31750
 -28.24293 -28.24463 -28.24605 -28.24720 -28.24815
 -28.17574 -28.17658 -28.17729 -28.17788 -28.17834
 -28.10649 -28.10690 -28.10726 -28.10755 -28.10780
 -28.03606 -28.03627 -28.03645 -28.03660 -28.03673
 -27.96447 -27.96456 -27.96465 -27.96473 -27.96481
 -27.89138 -27.89143 -27.89148 -27.89152 -27.89155
 -27.81814 -27.81816 -27.81819 -27.81821 -27.81823
 --------------------/ IPRT= 1  / IGRD= 1  /        / Z1= 7   / DATE= 30.01.98  
 -28.34468 -28.35093 -28.36190 -28.38018 -28.40571
 -28.42150 -28.42845 -28.43958 -28.45821 -28.48253
 -28.49703 -28.50209 -28.51072 -28.52416 -28.55751
 -28.56977 -28.57552 -28.58424 -28.59784 -28.62946
 -28.63985 -28.64484 -28.65417 -28.66718 -28.69156
 -28.70463 -28.70943 -28.71604 -28.73168 -28.74828
 -28.76380 -28.76837 -28.77476 -28.78550 -28.80485
 -28.81382 -28.81745 -28.82465 -28.83355 -28.85254
 -28.85345 -28.85679 -28.86141 -28.87115 -28.88847
 -28.87935 -28.88191 -28.88637 -28.89485 -28.91066
 -28.88915 -28.89112 -28.89511 -28.90194 -28.90901
 -28.88102 -28.88225 -28.88507 -28.88964 -28.89762
 -28.85461 -28.85553 -28.85770 -28.86138 -28.86749
 -28.81566 -28.81635 -28.81799 -28.82080 -28.82540
 -28.76408 -28.76442 -28.76557 -28.76739 -28.77025
 -28.70245 -28.70267 -28.70346 -28.70470 -28.70661
 -28.63373 -28.63383 -28.63444 -28.63530 -28.63664
 -28.56083 -28.56088 -28.56122 -28.56183 -28.56286
 -28.48644 -28.48646 -28.48672 -28.48708 -28.48783
 -28.41093 -28.41093 -28.41109 -28.41138 -28.41173
 -28.33488 -28.33488 -28.33498 -28.33516 -28.33543
 -28.25816 -28.25817 -28.25824 -28.25834 -28.25856
 -28.18259 -28.18259 -28.18263 -28.18272 -28.18287
 -28.10865 -28.10864 -28.10867 -28.10872 -28.10880
 -28.03743 -28.03742 -28.03744 -28.03748 -28.03754
 -27.96625 -27.96625 -27.96626 -27.96628 -27.96632
 -27.89511 -27.89512 -27.89512 -27.89514 -27.89517
 -27.82376 -27.82376 -27.82377 -27.82378 -27.82379
 -27.75138 -27.75138 -27.75138 -27.75139 -27.75140
 -27.67800 -27.67800 -27.67800 -27.67800 -27.67801
 --------------------/ IPRT= 1  / IGRD= 1  /        / Z1= 8   / DATE= 30.01.98  
 -28.14341 -28.14841 -28.15966 -28.17493 -28.19486
 -28.22073 -28.22637 -28.23430 -28.25355 -28.27251
 -28.29734 -28.30276 -28.31092 -28.32223 -28.34865
 -28.37159 -28.37638 -28.38566 -28.39722 -28.42259
 -28.44230 -28.44710 -28.45320 -28.46735 -28.49202
 -28.43725 -28.44109 -28.44825 -28.46078 -28.48227
 -27.88881 -27.90240 -27.91545 -27.92881 -27.94403
 -27.11917 -27.14988 -27.17731 -27.20226 -27.22645
 -26.56003 -26.60461 -26.64500 -26.68126 -26.71487
 -26.20934 -26.26216 -26.31073 -26.35461 -26.39476
 -26.02327 -26.08015 -26.13295 -26.18089 -26.22462
 -25.96057 -26.01925 -26.07405 -26.12395 -26.16941
 -25.98747 -26.04693 -26.10263 -26.15347 -26.19974
 -26.07816 -26.13791 -26.19405 -26.24539 -26.29204
 -26.21357 -26.27340 -26.32978 -26.38138 -26.42824
 -26.37987 -26.43966 -26.49611 -26.54786 -26.59480
 -26.56692 -26.62649 -26.68286 -26.73455 -26.78140
 -26.76697 -26.82601 -26.88192 -26.93324 -26.97967
 -26.97323 -27.03113 -27.08596 -27.13623 -27.18157
 -27.17840 -27.23404 -27.28659 -27.33458 -27.37762
 -27.37299 -27.42443 -27.47269 -27.51641 -27.55523
 -27.54373 -27.58828 -27.62952 -27.66634 -27.69855
 -27.67498 -27.70990 -27.74160 -27.76936 -27.79317
 -27.75536 -27.77957 -27.80109 -27.81957 -27.83510
 -27.78492 -27.79984 -27.81286 -27.82387 -27.83300
 -27.77478 -27.78317 -27.79042 -27.79649 -27.80148
 -27.73707 -27.74151 -27.74532 -27.74850 -27.75111
 -27.68333 -27.68560 -27.68754 -27.68916 -27.69048
 -27.62067 -27.62181 -27.62278 -27.62360 -27.62427
 -27.55235 -27.55292 -27.55340 -27.55380 -27.55413
 --------------------/ IPRT= 1  / IGRD= 1  /        / Z1= 9   / DATE= 30.01.98  
 -27.93575 -27.94009 -27.94684 -27.96141 -27.98756
 -28.01443 -28.01760 -28.02548 -28.03978 -28.05817
 -28.09205 -28.09527 -28.10309 -28.11634 -28.13213
 -28.16813 -28.17043 -28.17708 -28.18821 -28.20748
 -28.24175 -28.24403 -28.25039 -28.26162 -28.28048
 -28.29042 -28.29238 -28.29968 -28.31087 -28.32898
 -27.95094 -27.97221 -27.99223 -28.01218 -28.03281
 -27.15991 -27.20944 -27.25493 -27.29587 -27.33292
 -26.54405 -26.60843 -26.66928 -26.72512 -26.77571
 -26.16366 -26.23561 -26.30490 -26.36958 -26.42879
 -25.96421 -26.03980 -26.11338 -26.18276 -26.24677
 -25.89542 -25.97260 -26.04823 -26.11999 -26.18646
 -25.91922 -25.99703 -26.07360 -26.14651 -26.21426
 -26.00799 -26.08593 -26.16288 -26.23638 -26.30478
 -26.14190 -26.21973 -26.29677 -26.37051 -26.43927
 -26.30684 -26.38436 -26.46127 -26.53502 -26.60383
 -26.49251 -26.56948 -26.64594 -26.71937 -26.78789
 -26.69107 -26.76701 -26.84252 -26.91501 -26.98261
 -26.89559 -26.96967 -27.04320 -27.11365 -27.17912
 -27.09858 -27.16928 -27.23910 -27.30555 -27.36678
 -27.29026 -27.35505 -27.41831 -27.47775 -27.53170
 -27.45728 -27.51270 -27.56579 -27.61458 -27.65791
 -27.58385 -27.62665 -27.66655 -27.70225 -27.73305
 -27.65899 -27.68818 -27.71466 -27.73771 -27.75711
 -27.68346 -27.70119 -27.71691 -27.73031 -27.74140
 -27.66950 -27.67936 -27.68798 -27.69525 -27.70120
 -27.63031 -27.63551 -27.64002 -27.64380 -27.64687
 -27.57574 -27.57838 -27.58067 -27.58258 -27.58415
 -27.51283 -27.51414 -27.51529 -27.51625 -27.51703
 -27.44517 -27.44582 -27.44638 -27.44686 -27.44725
 --------------------/ IPRT= 1  / IGRD= 1  /        / Z1=10   / DATE= 30.01.98  
 -27.74992 -27.75216 -27.75882 -27.77052 -27.79005
 -27.82906 -27.83140 -27.83785 -27.84943 -27.86908
 -27.90735 -27.90864 -27.91578 -27.92692 -27.94745
 -27.98442 -27.98583 -27.99133 -28.00068 -28.01644
 -28.05979 -28.06032 -28.06677 -28.07589 -28.09068
 -28.12513 -28.12619 -28.13117 -28.14198 -28.15632
 -27.92868 -27.95253 -27.97631 -27.99893 -28.02360
 -27.16526 -27.22722 -27.28614 -27.34027 -27.38956
 -26.51405 -26.58952 -26.66324 -26.73296 -26.79715
 -26.11402 -26.19549 -26.27642 -26.35425 -26.42707
 -25.90579 -25.99027 -26.07505 -26.15747 -26.23540
 -25.83333 -25.91930 -26.00616 -26.09122 -26.17219
 -25.85565 -25.94230 -26.03027 -26.11683 -26.19963
 -25.94375 -26.03060 -26.11910 -26.20650 -26.29041
 -26.07722 -26.16395 -26.25259 -26.34039 -26.42489
 -26.24174 -26.32807 -26.41652 -26.50429 -26.58890
 -26.42690 -26.51248 -26.60028 -26.68752 -26.77167
 -26.62474 -26.70902 -26.79547 -26.88132 -26.96400
 -26.82825 -26.91018 -26.99403 -27.07697 -27.15647
 -27.02968 -27.10750 -27.18654 -27.26406 -27.33748
 -27.21901 -27.28979 -27.36068 -27.42901 -27.49249
 -27.38254 -27.44245 -27.50109 -27.55612 -27.60579
 -27.50475 -27.55043 -27.59378 -27.63316 -27.66753
 -27.57477 -27.60550 -27.63377 -27.65866 -27.67979
 -27.59455 -27.61297 -27.62950 -27.64375 -27.65556
 -27.57632 -27.58646 -27.59543 -27.60305 -27.60931
 -27.53516 -27.54046 -27.54512 -27.54906 -27.55229
 -27.47959 -27.48228 -27.48464 -27.48663 -27.48826
 -27.41636 -27.41769 -27.41887 -27.41986 -27.42068
 -27.34890 -27.34956 -27.35014 -27.35063 -27.35105
 --------------------/ IPRT= 1  / IGRD= 1  /        / Z1=11   / DATE= 30.01.98  
 -27.58269 -27.58408 -27.58977 -27.59933 -27.61436
 -27.66217 -27.66276 -27.66941 -27.67878 -27.69372
 -27.74094 -27.74144 -27.74632 -27.75759 -27.77234
 -27.81871 -27.81869 -27.82417 -27.83233 -27.84972
 -27.89514 -27.89511 -27.89993 -27.90833 -27.92293
 -27.96599 -27.96641 -27.97086 -27.97994 -27.99151
 -27.84463 -27.86948 -27.89396 -27.91733 -27.94200
 -27.12879 -27.19556 -27.25999 -27.32051 -27.37604
 -26.47042 -26.54621 -26.62096 -26.69221 -26.75806
 -26.06848 -26.14696 -26.22507 -26.30016 -26.37020
 -25.86242 -25.94216 -26.02199 -26.09922 -26.17168
 -25.79341 -25.87381 -25.95469 -26.03333 -26.10741
 -25.81919 -25.89989 -25.98141 -26.06097 -26.13622
 -25.91025 -25.99102 -26.07287 -26.15304 -26.22910
 -26.04607 -26.12667 -26.20862 -26.28910 -26.36566
 -26.21233 -26.29254 -26.37428 -26.45474 -26.53143
 -26.39864 -26.47812 -26.55921 -26.63917 -26.71542
 -26.59699 -26.67513 -26.75489 -26.83348 -26.90835
 -26.80011 -26.87586 -26.95299 -27.02871 -27.10052
 -26.99971 -27.07120 -27.14347 -27.21380 -27.27977
 -27.18495 -27.24928 -27.31339 -27.37473 -27.43120
 -27.34142 -27.39494 -27.44707 -27.49569 -27.53928
 -27.45385 -27.49372 -27.53145 -27.56560 -27.59530
 -27.51311 -27.53928 -27.56337 -27.58458 -27.60258
 -27.52319 -27.53852 -27.55236 -27.56430 -27.57428
 -27.49769 -27.50600 -27.51340 -27.51972 -27.52496
 -27.45149 -27.45579 -27.45960 -27.46284 -27.46553
 -27.39408 -27.39626 -27.39818 -27.39981 -27.40116
 -27.32968 -27.33075 -27.33171 -27.33253 -27.33321
 -27.26177 -27.26230 -27.26277 -27.26318 -27.26351
 --------------------/ IPRT= 1  / IGRD= 1  /        / Z1=12   / DATE= 30.01.98  
 -27.43057 -27.43057 -27.43614 -27.44407 -27.46217
 -27.51030 -27.51030 -27.51602 -27.52378 -27.53752
 -27.58944 -27.58944 -27.59355 -27.60296 -27.61472
 -27.66774 -27.66774 -27.67204 -27.67880 -27.69269
 -27.74490 -27.74488 -27.74785 -27.75561 -27.76943
 -27.81722 -27.81776 -27.82125 -27.82909 -27.84279
 -27.71948 -27.74770 -27.77440 -27.80071 -27.82641
 -27.04720 -27.12378 -27.20000 -27.27365 -27.34292
 -26.40314 -26.48694 -26.57194 -26.65548 -26.73515
 -26.00845 -26.09240 -26.17784 -26.26198 -26.34234
 -25.80719 -25.89050 -25.97541 -26.05914 -26.13914
 -25.74157 -25.82421 -25.90857 -25.99186 -26.07150
 -25.76974 -25.85175 -25.93563 -26.01858 -26.09799
 -25.86249 -25.94391 -26.02736 -26.11001 -26.18924
 -25.99949 -26.08029 -26.16326 -26.24557 -26.32460
 -26.16650 -26.24655 -26.32888 -26.41069 -26.48932
 -26.35322 -26.43224 -26.51362 -26.59451 -26.67225
 -26.55161 -26.62904 -26.70875 -26.78792 -26.86386
 -26.75423 -26.82901 -26.90575 -26.98163 -27.05405
 -26.95253 -27.02273 -27.09420 -27.16419 -27.23021
 -27.13511 -27.19776 -27.26060 -27.32103 -27.37691
 -27.28732 -27.33883 -27.38931 -27.43658 -27.47910
 -27.39405 -27.43190 -27.46790 -27.50063 -27.52920
 -27.44755 -27.47203 -27.49473 -27.51480 -27.53193
 -27.45239 -27.46658 -27.47946 -27.49065 -27.50005
 -27.42302 -27.43064 -27.43747 -27.44334 -27.44826
 -27.37373 -27.37763 -27.38112 -27.38411 -27.38662
 -27.31502 -27.31698 -27.31873 -27.32023 -27.32149
 -27.25003 -27.25100 -27.25187 -27.25262 -27.25325
 -27.18198 -27.18246 -27.18289 -27.18326 -27.18357
 --------------------/ IPRT= 1  / IGRD= 1  /        / Z1=13   / DATE= 30.01.98  
 -27.29101 -27.29101 -27.29529 -27.30449 -27.31631
 -27.37093 -27.37093 -27.37445 -27.38174 -27.39621
 -27.45035 -27.45035 -27.45352 -27.46119 -27.47574
 -27.52905 -27.52905 -27.53225 -27.54000 -27.54976
 -27.60676 -27.60674 -27.60876 -27.61515 -27.62688
 -27.68124 -27.68153 -27.68386 -27.69055 -27.70201
 -27.64552 -27.66597 -27.68478 -27.70471 -27.72526
 -27.07579 -27.14983 -27.22353 -27.29512 -27.36267
 -26.43265 -26.51729 -26.60401 -26.69029 -26.77345
 -26.02548 -26.10974 -26.19629 -26.28235 -26.36535
 -25.81357 -25.89635 -25.98136 -26.06579 -26.14695
 -25.74008 -25.82151 -25.90513 -25.98812 -26.06781
 -25.76267 -25.84297 -25.92549 -26.00740 -26.08603
 -25.85152 -25.93086 -26.01249 -26.09357 -26.17142
 -25.98580 -26.06424 -26.14505 -26.22541 -26.30263
 -26.15083 -26.22831 -26.30825 -26.38780 -26.46427
 -26.33597 -26.41224 -26.49099 -26.56936 -26.64468
 -26.53284 -26.60734 -26.68419 -26.76059 -26.83383
 -26.73355 -26.80517 -26.87878 -26.95158 -27.02101
 -26.92890 -26.99565 -27.06368 -27.13025 -27.19296
 -27.10659 -27.16544 -27.22448 -27.28121 -27.33357
 -27.25151 -27.29906 -27.34565 -27.38924 -27.42844
 -27.34907 -27.38324 -27.41582 -27.44541 -27.47128
 -27.39360 -27.41528 -27.43543 -27.45329 -27.46858
 -27.39121 -27.40356 -27.41484 -27.42469 -27.43300
 -27.35659 -27.36313 -27.36905 -27.37418 -27.37850
 -27.30364 -27.30696 -27.30997 -27.31257 -27.31475
 -27.24252 -27.24419 -27.24570 -27.24699 -27.24808
 -27.17712 -27.17794 -27.17869 -27.17933 -27.17989
 -27.10868 -27.10909 -27.10945 -27.10977 -27.11004
 --------------------/ IPRT= 1  / IGRD= 1  /        / Z1=14   / DATE= 30.01.98  
 -27.16205 -27.16205 -27.16522 -27.17298 -27.18733
 -27.24213 -27.24213 -27.24465 -27.25158 -27.26233
 -27.32177 -27.32177 -27.32403 -27.33056 -27.34207
 -27.40079 -27.40079 -27.40224 -27.40963 -27.42094
 -27.47894 -27.47892 -27.48027 -27.48565 -27.49716
 -27.55378 -27.55415 -27.55577 -27.56158 -27.57112
 -27.52138 -27.54211 -27.56071 -27.58139 -27.60190
 -26.99674 -27.07178 -27.14710 -27.22099 -27.29230
 -26.39322 -26.48057 -26.57143 -26.66340 -26.75368
 -26.00906 -26.09606 -26.18682 -26.27869 -26.36892
 -25.81148 -25.89666 -25.98540 -26.07499 -26.16266
 -25.74726 -25.83067 -25.91752 -26.00500 -26.09036
 -25.77591 -25.85785 -25.94313 -26.02897 -26.11260
 -25.86872 -25.94938 -26.03338 -26.11794 -26.20024
 -26.00549 -26.08498 -26.16783 -26.25124 -26.33242
 -26.17192 -26.25018 -26.33180 -26.41398 -26.49395
 -26.35743 -26.43417 -26.51419 -26.59470 -26.67292
 -26.55354 -26.62807 -26.70565 -26.78351 -26.85888
 -26.75183 -26.82284 -26.89640 -26.96969 -27.04012
 -26.94215 -27.00738 -27.07422 -27.13995 -27.20214
 -27.11100 -27.16719 -27.22371 -27.27808 -27.32837
 -27.24260 -27.28653 -27.32959 -27.36984 -27.40603
 -27.32426 -27.35466 -27.38363 -27.40994 -27.43293
 -27.35373 -27.37236 -27.38969 -27.40509 -27.41829
 -27.34028 -27.35063 -27.36012 -27.36843 -27.37547
 -27.29817 -27.30356 -27.30847 -27.31274 -27.31635
 -27.24074 -27.24343 -27.24591 -27.24806 -27.24986
 -27.17638 -27.17774 -27.17896 -27.18002 -27.18092
 -27.10991 -27.11057 -27.11118 -27.11171 -27.11215
 -27.04085 -27.04118 -27.04148 -27.04174 -27.04196
 --------------------/ IPRT= 1  / IGRD= 1  /        / Z1=15   / DATE= 30.01.98  
 -27.04103 -27.04103 -27.04324 -27.04982 -27.06140
 -27.12123 -27.12123 -27.12287 -27.13024 -27.14206
 -27.20105 -27.20105 -27.20247 -27.20790 -27.21714
 -27.28034 -27.28034 -27.28106 -27.28730 -27.29677
 -27.35885 -27.35884 -27.35954 -27.36505 -27.37542
 -27.43462 -27.43493 -27.43517 -27.44085 -27.44855
 -27.43090 -27.44688 -27.46078 -27.47727 -27.49374
 -27.00473 -27.07462 -27.14429 -27.21259 -27.27856
 -26.44216 -26.52949 -26.62105 -26.71457 -26.80760
 -26.06827 -26.15538 -26.24700 -26.34060 -26.43341
 -25.87089 -25.95476 -26.04254 -26.13155 -26.21902
 -25.80232 -25.88256 -25.96613 -26.05019 -26.13197
 -25.82487 -25.90184 -25.98160 -26.06134 -26.13832
 -25.91152 -25.98569 -26.06231 -26.13855 -26.21171
 -26.04291 -26.11472 -26.18873 -26.26213 -26.33231
 -26.20488 -26.27457 -26.34629 -26.41727 -26.48492
 -26.38654 -26.45406 -26.52345 -26.59194 -26.65704
 -26.57888 -26.64374 -26.71022 -26.77559 -26.83745
 -26.77254 -26.83358 -26.89579 -26.95652 -27.01357
 -26.95611 -27.01123 -27.06682 -27.12039 -27.17003
 -27.11477 -27.16111 -27.20704 -27.25046 -27.28989
 -27.23234 -27.26742 -27.30140 -27.33274 -27.36058
 -27.29845 -27.32190 -27.34410 -27.36410 -27.38146
 -27.31422 -27.32816 -27.34113 -27.35262 -27.36246
 -27.29122 -27.29882 -27.30579 -27.31192 -27.31712
 -27.24307 -27.24697 -27.25055 -27.25367 -27.25633
 -27.18188 -27.18382 -27.18561 -27.18717 -27.18849
 -27.11499 -27.11596 -27.11683 -27.11760 -27.11826
 -27.04697 -27.04743 -27.04786 -27.04825 -27.04858
 -26.97770 -26.97793 -26.97815 -26.97833 -26.97850
 --------------------/ IPRT= 1  / IGRD= 1  /        / Z1=16   / DATE= 30.01.98  
 -26.92890 -26.92890 -26.93028 -26.93593 -26.94543
 -27.00920 -27.00920 -27.01007 -27.01617 -27.02573
 -27.08917 -27.08917 -27.08986 -27.09587 -27.10579
 -27.16867 -27.16866 -27.16873 -27.17413 -27.18233
 -27.24747 -27.24746 -27.24747 -27.25304 -27.26083
 -27.32392 -27.32418 -27.32442 -27.32872 -27.33798
 -27.33997 -27.35219 -27.36281 -27.37559 -27.38937
 -27.00772 -27.06956 -27.13051 -27.18954 -27.24638
 -26.50377 -26.58835 -26.67707 -26.76765 -26.85778
 -26.15275 -26.23863 -26.32939 -26.42250 -26.51538
 -25.96518 -26.04762 -26.13428 -26.22248 -26.30949
 -25.89993 -25.97797 -26.05941 -26.14144 -26.22134
 -25.92234 -25.99618 -26.07270 -26.14908 -26.22262
 -26.00725 -26.07743 -26.14978 -26.22149 -26.28997
 -26.13622 -26.20332 -26.27222 -26.34017 -26.40468
 -26.29542 -26.35978 -26.42570 -26.49044 -26.55160
 -26.47361 -26.53524 -26.59817 -26.65972 -26.71767
 -26.66094 -26.71929 -26.77861 -26.83634 -26.89037
 -26.84672 -26.90048 -26.95476 -27.00710 -27.05565
 -27.01748 -27.06450 -27.11138 -27.15596 -27.19670
 -27.15687 -27.19461 -27.23157 -27.26603 -27.29692
 -27.24962 -27.27659 -27.30244 -27.32602 -27.34675
 -27.29053 -27.30755 -27.32357 -27.33791 -27.35031
 -27.28603 -27.29571 -27.30470 -27.31265 -27.31946
 -27.24974 -27.25486 -27.25957 -27.26373 -27.26727
 -27.19383 -27.19641 -27.19879 -27.20088 -27.20267
 -27.12804 -27.12930 -27.13049 -27.13153 -27.13241
 -27.05836 -27.05897 -27.05955 -27.06006 -27.06050
 -26.98847 -26.98877 -26.98905 -26.98930 -26.98952
 -26.91879 -26.91894 -26.91908 -26.91921 -26.91931
 --------------------/ IPRT= 1  / IGRD= 1  /        / Z1=17   / DATE= 30.01.98  
 -26.82367 -26.82367 -26.82432 -26.83071 -26.84021
 -26.90406 -26.90406 -26.90426 -26.90955 -26.91845
 -26.98414 -26.98415 -26.98416 -26.98973 -26.99761
 -27.06382 -27.06382 -27.06382 -27.06819 -27.07711
 -27.14294 -27.14291 -27.14289 -27.14724 -27.15496
 -27.21803 -27.21864 -27.21914 -27.22260 -27.23062
 -27.15174 -27.17851 -27.20285 -27.22651 -27.25059
 -26.57662 -26.65830 -26.74345 -26.82996 -26.91591
 -25.98417 -26.07792 -26.17944 -26.28689 -26.39833
 -25.61673 -25.71159 -25.81504 -25.92535 -26.04075
 -25.43187 -25.52601 -25.62889 -25.73878 -25.85385
 -25.37644 -25.46949 -25.57129 -25.68009 -25.79399
 -25.41100 -25.50289 -25.60351 -25.71108 -25.82367
 -25.50776 -25.59847 -25.69790 -25.80424 -25.91549
 -25.64726 -25.73676 -25.83495 -25.94000 -26.04988
 -25.81583 -25.90401 -26.00082 -26.10438 -26.21261
 -26.00353 -26.09011 -26.18518 -26.28677 -26.39272
 -26.20265 -26.28709 -26.37966 -26.47832 -26.58074
 -26.40630 -26.48758 -26.57630 -26.67024 -26.76690
 -26.60647 -26.68270 -26.76517 -26.85140 -26.93870
 -26.79239 -26.86061 -26.93322 -27.00751 -27.08069
 -26.94958 -27.00605 -27.06462 -27.12273 -27.17796
 -27.06277 -27.10467 -27.14675 -27.18703 -27.22385
 -27.12318 -27.15059 -27.17730 -27.20206 -27.22400
 -27.13387 -27.14988 -27.16513 -27.17896 -27.19096
 -27.10716 -27.11576 -27.12385 -27.13110 -27.13731
 -27.05702 -27.06141 -27.06552 -27.06918 -27.07229
 -26.99521 -26.99740 -26.99943 -27.00125 -27.00280
 -26.92859 -26.92966 -26.93066 -26.93156 -26.93232
 -26.86098 -26.86150 -26.86200 -26.86244 -26.86282
 --------------------/ IPRT= 1  / IGRD= 1  /        / Z1=18   / DATE= 30.01.98  
 -26.72453 -26.72453 -26.72453 -26.73008 -26.73798
 -26.80499 -26.80499 -26.80499 -26.80966 -26.81833
 -26.88517 -26.88517 -26.88517 -26.88952 -26.89805
 -26.96500 -26.96500 -26.96500 -26.96826 -26.97577
 -27.04435 -27.04435 -27.04435 -27.04749 -27.05507
 -27.11600 -27.11600 -27.11601 -27.11901 -27.12643
 -26.94228 -26.94231 -26.94236 -26.94360 -26.94730
 -26.23709 -26.23715 -26.23726 -26.23765 -26.23862
 -25.64349 -25.64354 -25.64365 -25.64389 -25.64441
 -25.29268 -25.29274 -25.29285 -25.29307 -25.29350
 -25.12449 -25.12454 -25.12465 -25.12485 -25.12525
 -25.08381 -25.08387 -25.08396 -25.08415 -25.08452
 -25.13123 -25.13128 -25.13137 -25.13155 -25.13190
 -25.23930 -25.23935 -25.23943 -25.23960 -25.23994
 -25.38899 -25.38903 -25.38911 -25.38928 -25.38959
 -25.56705 -25.56709 -25.56717 -25.56732 -25.56763
 -25.76399 -25.76403 -25.76411 -25.76425 -25.76454
 -25.97270 -25.97272 -25.97280 -25.97293 -25.97321
 -26.18710 -26.18713 -26.18719 -26.18731 -26.18757
 -26.40052 -26.40055 -26.40061 -26.40073 -26.40097
 -26.60408 -26.60411 -26.60415 -26.60426 -26.60448
 -26.78487 -26.78489 -26.78494 -26.78502 -26.78521
 -26.92661 -26.92663 -26.92666 -26.92673 -26.92687
 -27.01597 -27.01599 -27.01600 -27.01605 -27.01615
 -27.05010 -27.05009 -27.05011 -27.05014 -27.05019
 -27.03900 -27.03900 -27.03901 -27.03902 -27.03905
 -26.99746 -26.99746 -26.99746 -26.99748 -26.99749
 -26.93964 -26.93965 -26.93965 -26.93966 -26.93965
 -26.87439 -26.87438 -26.87438 -26.87439 -26.87439
 -26.80723 -26.80723 -26.80723 -26.80723 -26.80723
 --------------------/ IPRT= 1  / IGRD= 1  /        / Z1=19   / DATE= 30.01.98  
 -26.59643 -26.59643 -26.59643 -26.60037 -26.60884
 -26.67698 -26.67698 -26.67698 -26.68022 -26.68695
 -26.75731 -26.75731 -26.75731 -26.76024 -26.76732
 -26.83734 -26.83734 -26.83733 -26.84030 -26.84748
 -26.91653 -26.91661 -26.91668 -26.91867 -26.92463
 -26.98004 -26.98320 -26.98594 -26.99020 -26.99796
 -26.83509 -26.87358 -26.91018 -26.94442 -26.97835
 -26.26332 -26.34583 -26.43339 -26.52357 -26.61421
 -25.73258 -25.82436 -25.92466 -26.03167 -26.14371
 -25.40765 -25.50064 -25.60300 -25.71321 -25.82964
 -25.25093 -25.34361 -25.44600 -25.55661 -25.67390
 -25.21466 -25.30665 -25.40852 -25.51880 -25.63599
 -25.26245 -25.35359 -25.45470 -25.56436 -25.68103
 -25.36835 -25.45852 -25.55874 -25.66757 -25.78347
 -25.51416 -25.60327 -25.70240 -25.81019 -25.92501
 -25.68711 -25.77494 -25.87277 -25.97915 -26.09244
 -25.87783 -25.96410 -26.06018 -26.16459 -26.27554
 -26.07911 -26.16322 -26.25679 -26.35816 -26.46539
 -26.28441 -26.36537 -26.45504 -26.55157 -26.65272
 -26.48621 -26.56220 -26.64565 -26.73435 -26.82572
 -26.67421 -26.74240 -26.81607 -26.89273 -26.96956
 -26.83441 -26.89115 -26.95094 -27.01125 -27.06949
 -26.95117 -26.99353 -27.03680 -27.07887 -27.11791
 -27.01533 -27.04324 -27.07090 -27.09693 -27.12028
 -27.02918 -27.04558 -27.06145 -27.07605 -27.08887
 -27.00491 -27.01375 -27.02220 -27.02987 -27.03653
 -26.95604 -26.96055 -26.96484 -26.96871 -26.97207
 -26.89410 -26.89634 -26.89846 -26.90039 -26.90204
 -26.82653 -26.82763 -26.82867 -26.82962 -26.83043
 -26.75780 -26.75834 -26.75885 -26.75931 -26.75971
 --------------------/ IPRT= 1  / IGRD= 1  /        / Z1=20   / DATE= 30.01.98  
 -26.50821 -26.50821 -26.50821 -26.51114 -26.51830
 -26.58880 -26.58880 -26.58880 -26.59185 -26.59914
 -26.66920 -26.66920 -26.66920 -26.67117 -26.67714
 -26.74932 -26.74932 -26.74932 -26.75135 -26.75746
 -26.82905 -26.82903 -26.82902 -26.83069 -26.83727
 -26.90571 -26.90617 -26.90658 -26.90821 -26.91356
 -26.88479 -26.90340 -26.92027 -26.93551 -26.95275
 -26.44764 -26.51750 -26.58964 -26.66145 -26.73223
 -25.92408 -26.01152 -26.10663 -26.20726 -26.31168
 -25.59058 -25.68104 -25.78063 -25.88767 -26.00052
 -25.42733 -25.51796 -25.61821 -25.72654 -25.84133
 -25.38677 -25.47684 -25.57675 -25.68502 -25.80007
 -25.43164 -25.52087 -25.62007 -25.72774 -25.84233
 -25.53542 -25.62363 -25.72183 -25.82858 -25.94225
 -25.67944 -25.76643 -25.86339 -25.96881 -26.08108
 -25.85048 -25.93598 -26.03129 -26.13489 -26.24501
 -26.03871 -26.12222 -26.21523 -26.31611 -26.42293
 -26.23603 -26.31669 -26.40623 -26.50284 -26.60432
 -26.43451 -26.51084 -26.59496 -26.68478 -26.77779
 -26.62459 -26.69418 -26.76987 -26.84924 -26.92951
 -26.79316 -26.85270 -26.91607 -26.98074 -27.04399
 -26.92452 -26.97076 -27.01857 -27.06572 -27.11006
 -27.00557 -27.03736 -27.06922 -27.09959 -27.12716
 -27.03472 -27.05408 -27.07300 -27.09058 -27.10614
 -27.02141 -27.03211 -27.04241 -27.05184 -27.06007
 -26.97963 -26.98518 -26.99049 -26.99531 -26.99949
 -26.92086 -26.92364 -26.92628 -26.92868 -26.93076
 -26.85334 -26.85470 -26.85600 -26.85718 -26.85820
 -26.78267 -26.78333 -26.78396 -26.78453 -26.78505
 -26.71187 -26.71219 -26.71250 -26.71278 -26.71303
 --------------------/ IPRT= 1  / IGRD= 1  /        / Z1=21   / DATE= 30.01.98  
 -26.42429 -26.42429 -26.42429 -26.42723 -26.43440
 -26.50492 -26.50492 -26.50492 -26.50691 -26.51302
 -26.58538 -26.58538 -26.58538 -26.58727 -26.59360
 -26.66558 -26.66558 -26.66558 -26.66684 -26.67226
 -26.74541 -26.74540 -26.74540 -26.74673 -26.75193
 -26.82306 -26.82337 -26.82364 -26.82443 -26.83055
 -26.83546 -26.84805 -26.85935 -26.86965 -26.88214
 -26.50360 -26.56343 -26.62410 -26.68294 -26.74074
 -26.02411 -26.10709 -26.19685 -26.29102 -26.38770
 -25.70204 -25.78982 -25.88640 -25.98997 -26.09874
 -25.54296 -25.63142 -25.72938 -25.83519 -25.94719
 -25.50437 -25.59244 -25.69027 -25.79633 -25.90895
 -25.55021 -25.63747 -25.73460 -25.84010 -25.95232
 -25.65430 -25.74047 -25.83651 -25.94095 -26.05204
 -25.79801 -25.88280 -25.97738 -26.08022 -26.18954
 -25.96799 -26.05099 -26.14355 -26.24403 -26.35052
 -26.15401 -26.23456 -26.32418 -26.42111 -26.52322
 -26.34719 -26.42413 -26.50928 -26.60066 -26.69586
 -26.53810 -26.60949 -26.68770 -26.77045 -26.85503
 -26.71553 -26.77860 -26.84652 -26.91678 -26.98658
 -26.86454 -26.91600 -26.97003 -27.02424 -27.07620
 -26.96988 -27.00747 -27.04579 -27.08295 -27.11728
 -27.02296 -27.04720 -27.07123 -27.09387 -27.11417
 -27.02812 -27.04211 -27.05572 -27.06829 -27.07933
 -26.99835 -27.00582 -27.01301 -27.01956 -27.02529
 -26.94676 -26.95055 -26.95418 -26.95749 -26.96036
 -26.88280 -26.88469 -26.88647 -26.88811 -26.88953
 -26.81233 -26.81325 -26.81413 -26.81493 -26.81562
 -26.73992 -26.74036 -26.74078 -26.74117 -26.74152
 -26.66778 -26.66799 -26.66820 -26.66839 -26.66855
 --------------------/ IPRT= 1  / IGRD= 1  /        / Z1=22   / DATE= 30.01.98  
 -26.34426 -26.34426 -26.34426 -26.34632 -26.35244
 -26.42493 -26.42493 -26.42493 -26.42646 -26.43332
 -26.50544 -26.50544 -26.50544 -26.50677 -26.51181
 -26.58570 -26.58570 -26.58570 -26.58638 -26.59221
 -26.66563 -26.66563 -26.66563 -26.66630 -26.67148
 -26.74382 -26.74406 -26.74428 -26.74442 -26.74972
 -26.78379 -26.79124 -26.79792 -26.80365 -26.81336
 -26.59337 -26.63751 -26.68093 -26.72168 -26.76091
 -26.20865 -26.28286 -26.36180 -26.44275 -26.52414
 -25.91091 -25.99397 -26.08479 -26.18123 -26.28133
 -25.75585 -25.84097 -25.93496 -26.03601 -26.14223
 -25.71591 -25.80109 -25.89559 -25.99770 -26.10557
 -25.75897 -25.84342 -25.93733 -26.03906 -26.14673
 -25.85984 -25.94307 -26.03571 -26.13612 -26.24240
 -25.99990 -26.08139 -26.17210 -26.27029 -26.37392
 -26.16521 -26.24430 -26.33217 -26.42693 -26.52640
 -26.34452 -26.42015 -26.50376 -26.59331 -26.68629
 -26.52721 -26.59768 -26.67488 -26.75649 -26.83981
 -26.70107 -26.76383 -26.83150 -26.90161 -26.97134
 -26.85261 -26.90473 -26.95966 -27.01501 -27.06829
 -26.96617 -27.00529 -27.04541 -27.08456 -27.12095
 -27.03083 -27.05688 -27.08287 -27.10750 -27.12974
 -27.04659 -27.06205 -27.07716 -27.09118 -27.10359
 -27.02374 -27.03213 -27.04023 -27.04768 -27.05418
 -26.97662 -26.98094 -26.98509 -26.98887 -26.99217
 -26.91527 -26.91741 -26.91947 -26.92135 -26.92299
 -26.84641 -26.84746 -26.84846 -26.84939 -26.85020
 -26.77324 -26.77375 -26.77424 -26.77469 -26.77508
 -26.69923 -26.69947 -26.69971 -26.69993 -26.70012
 -26.62587 -26.62599 -26.62610 -26.62621 -26.62630
 --------------------/ IPRT= 1  / IGRD= 1  /        / Z1=23   / DATE= 30.01.98  
 -26.26404 -26.26404 -26.26404 -26.26531 -26.27216
 -26.34474 -26.34474 -26.34474 -26.34610 -26.35118
 -26.42529 -26.42529 -26.42529 -26.42581 -26.43184
 -26.50563 -26.50563 -26.50563 -26.50628 -26.51087
 -26.58478 -26.58496 -26.58512 -26.58518 -26.59045
 -26.62777 -26.63476 -26.64105 -26.64644 -26.65571
 -26.40507 -26.45214 -26.49892 -26.54325 -26.58602
 -25.94368 -26.02131 -26.10479 -26.19156 -26.27983
 -25.58295 -25.66803 -25.76173 -25.86215 -25.96739
 -25.38233 -25.46878 -25.56479 -25.66871 -25.77883
 -25.30977 -25.39607 -25.49226 -25.59687 -25.70818
 -25.33005 -25.41566 -25.51131 -25.61559 -25.72684
 -25.41576 -25.50038 -25.59512 -25.69856 -25.80903
 -25.54683 -25.63025 -25.72376 -25.82593 -25.93501
 -25.70878 -25.79071 -25.88260 -25.98296 -26.08998
 -25.89094 -25.97097 -26.06066 -26.15845 -26.26237
 -26.08482 -26.16226 -26.24882 -26.34279 -26.44197
 -26.28269 -26.35633 -26.43821 -26.52637 -26.61833
 -26.47559 -26.54351 -26.61823 -26.69751 -26.77863
 -26.65245 -26.71193 -26.77622 -26.84291 -26.90926
 -26.79902 -26.84702 -26.89764 -26.94860 -26.99757
 -26.90068 -26.93533 -26.97085 -27.00546 -27.03758
 -26.95004 -26.97214 -26.99423 -27.01516 -27.03408
 -26.95165 -26.96429 -26.97669 -26.98824 -26.99849
 -26.91968 -26.92638 -26.93289 -26.93891 -26.94419
 -26.86676 -26.87016 -26.87344 -26.87646 -26.87911
 -26.80241 -26.80408 -26.80570 -26.80718 -26.80849
 -26.73149 -26.73230 -26.73309 -26.73382 -26.73446
 -26.65818 -26.65857 -26.65895 -26.65930 -26.65961
 -26.58486 -26.58505 -26.58523 -26.58541 -26.58556
 --------------------/ IPRT= 1  / IGRD= 1  /        / Z1=24   / DATE= 30.01.98  
 -26.19065 -26.19065 -26.19065 -26.19193 -26.19716
 -26.27138 -26.27138 -26.27138 -26.27193 -26.27805
 -26.35196 -26.35196 -26.35196 -26.35244 -26.35696
 -26.43235 -26.43235 -26.43236 -26.43234 -26.43745
 -26.51003 -26.51046 -26.51087 -26.51122 -26.51606
 -26.51041 -26.52477 -26.53801 -26.54964 -26.56308
 -26.17727 -26.23643 -26.29720 -26.35701 -26.41515
 -25.73149 -25.81158 -25.89879 -25.99080 -26.08556
 -25.43867 -25.52332 -25.61699 -25.71791 -25.82424
 -25.30017 -25.38549 -25.48053 -25.58368 -25.69318
 -25.27580 -25.36074 -25.45563 -25.55902 -25.66921
 -25.33146 -25.41555 -25.50973 -25.61255 -25.72231
 -25.44234 -25.52533 -25.61843 -25.72017 -25.82885
 -25.59085 -25.67249 -25.76412 -25.86429 -25.97119
 -25.76441 -25.84434 -25.93405 -26.03201 -26.13630
 -25.95365 -26.03133 -26.11840 -26.21318 -26.31357
 -26.15074 -26.22532 -26.30858 -26.39868 -26.49328
 -26.34795 -26.41799 -26.49561 -26.57872 -26.66471
 -26.53570 -26.59901 -26.66824 -26.74109 -26.81477
 -26.70181 -26.75553 -26.81312 -26.87219 -26.93015
 -26.83223 -26.87382 -26.91725 -26.96046 -27.00142
 -26.91441 -26.94306 -26.97217 -27.00027 -27.02609
 -26.94530 -26.96280 -26.98019 -26.99661 -27.01136
 -26.93296 -26.94266 -26.95216 -26.96101 -26.96884
 -26.89190 -26.89694 -26.90184 -26.90638 -26.91038
 -26.83401 -26.83652 -26.83898 -26.84124 -26.84323
 -26.76698 -26.76821 -26.76941 -26.77052 -26.77150
 -26.69489 -26.69549 -26.69607 -26.69661 -26.69709
 -26.62059 -26.62088 -26.62117 -26.62143 -26.62165
 -26.54664 -26.54678 -26.54691 -26.54704 -26.54715
 --------------------/ IPRT= 1  / IGRD= 1  /        / Z1=25   / DATE= 30.01.98  
 -26.10613 -26.10613 -26.10613 -26.10671 -26.11110
 -26.18689 -26.18689 -26.18689 -26.18707 -26.19181
 -26.26752 -26.26752 -26.26752 -26.26753 -26.27225
 -26.34799 -26.34799 -26.34799 -26.34799 -26.35177
 -26.42820 -26.42819 -26.42820 -26.42820 -26.43208
 -26.50804 -26.50804 -26.50804 -26.50804 -26.51080
 -26.58735 -26.58735 -26.58735 -26.58735 -26.59014
 -26.66587 -26.66587 -26.66587 -26.66587 -26.66839
 -26.74327 -26.74326 -26.74326 -26.74326 -26.74520
 -26.81904 -26.81904 -26.81904 -26.81904 -26.82051
 -26.89136 -26.89136 -26.89136 -26.89136 -26.89254
 -26.91071 -26.91072 -26.91072 -26.91072 -26.91177
 -26.57100 -26.57101 -26.57102 -26.57106 -26.57126
 -26.01564 -26.01565 -26.01568 -26.01572 -26.01585
 -25.62585 -25.62587 -25.62589 -25.62594 -25.62603
 -25.41937 -25.41938 -25.41941 -25.41945 -25.41954
 -25.34940 -25.34941 -25.34943 -25.34947 -25.34955
 -25.37523 -25.37524 -25.37526 -25.37530 -25.37538
 -25.46704 -25.46705 -25.46707 -25.46711 -25.46719
 -25.60336 -25.60337 -25.60339 -25.60343 -25.60349
 -25.76826 -25.76827 -25.76828 -25.76833 -25.76838
 -25.94863 -25.94863 -25.94866 -25.94869 -25.94875
 -26.13163 -26.13164 -26.13166 -26.13168 -26.13173
 -26.30240 -26.30241 -26.30242 -26.30244 -26.30249
 -26.44363 -26.44362 -26.44363 -26.44366 -26.44368
 -26.53942 -26.53942 -26.53943 -26.53944 -26.53947
 -26.58284 -26.58284 -26.58284 -26.58285 -26.58287
 -26.57985 -26.57984 -26.57985 -26.57985 -26.57986
 -26.54404 -26.54404 -26.54404 -26.54404 -26.54404
 -26.48988 -26.48988 -26.48988 -26.48988 -26.48989
 --------------------/ IPRT= 1  / IGRD= 1  /        / Z1=26   / DATE= 30.01.98  
 -26.03875 -26.03875 -26.03875 -26.03875 -26.04372
 -26.11953 -26.11952 -26.11952 -26.11952 -26.12371
 -26.20019 -26.20019 -26.20019 -26.20019 -26.20403
 -26.28069 -26.28069 -26.28069 -26.28069 -26.28457
 -26.36096 -26.36096 -26.36095 -26.36096 -26.36369
 -26.44090 -26.44089 -26.44089 -26.44089 -26.44372
 -26.52032 -26.52033 -26.52032 -26.52032 -26.52250
 -26.59903 -26.59903 -26.59903 -26.59903 -26.60107
 -26.67670 -26.67670 -26.67670 -26.67670 -26.67793
 -26.75286 -26.75286 -26.75286 -26.75286 -26.75414
 -26.82572 -26.82572 -26.82572 -26.82573 -26.82621
 -26.84299 -26.84298 -26.84299 -26.84300 -26.84348
 -26.48412 -26.48413 -26.48414 -26.48417 -26.48436
 -25.91591 -25.91592 -25.91594 -25.91598 -25.91607
 -25.52214 -25.52215 -25.52217 -25.52221 -25.52229
 -25.31406 -25.31407 -25.31409 -25.31414 -25.31421
 -25.24334 -25.24334 -25.24335 -25.24340 -25.24347
 -25.26884 -25.26885 -25.26887 -25.26890 -25.26897
 -25.36066 -25.36067 -25.36069 -25.36072 -25.36079
 -25.49734 -25.49735 -25.49736 -25.49740 -25.49746
 -25.66317 -25.66318 -25.66320 -25.66323 -25.66328
 -25.84547 -25.84547 -25.84549 -25.84551 -25.84556
 -26.03214 -26.03214 -26.03215 -26.03218 -26.03223
 -26.20934 -26.20934 -26.20935 -26.20937 -26.20942
 -26.36037 -26.36038 -26.36039 -26.36040 -26.36043
 -26.46862 -26.46862 -26.46863 -26.46865 -26.46867
 -26.52447 -26.52446 -26.52447 -26.52447 -26.52450
 -26.53132 -26.53132 -26.53134 -26.53134 -26.53134
 -26.50177 -26.50177 -26.50177 -26.50177 -26.50178
 -26.45085 -26.45085 -26.45085 -26.45085 -26.45085
 --------------------/ IPRT= 1  / IGRD= 1  /        / Z1=27   / DATE= 30.01.98  
 -26.03190 -26.03190 -26.03190 -26.03190 -26.03561
 -26.11266 -26.11266 -26.11266 -26.11266 -26.11633
 -26.19330 -26.19330 -26.19330 -26.19330 -26.19678
 -26.27377 -26.27377 -26.27377 -26.27377 -26.27633
 -26.35399 -26.35399 -26.35399 -26.35399 -26.35666
 -26.43387 -26.43387 -26.43387 -26.43387 -26.43540
 -26.51320 -26.51320 -26.51320 -26.51320 -26.51489
 -26.59173 -26.59174 -26.59174 -26.59175 -26.59241
 -26.66598 -26.66656 -26.66709 -26.66756 -26.66867
 -26.69571 -26.70406 -26.71186 -26.71881 -26.72502
 -26.58363 -26.61651 -26.64923 -26.68021 -26.70816
 -26.38496 -26.43923 -26.49638 -26.55395 -26.60941
 -26.23090 -26.29226 -26.35835 -26.42671 -26.49456
 -26.14759 -26.20625 -26.26930 -26.33426 -26.39842
 -26.12367 -26.17500 -26.22937 -26.28444 -26.33773
 -26.15126 -26.19468 -26.23998 -26.28502 -26.32775
 -26.22345 -26.26015 -26.29799 -26.33510 -26.36978
 -26.32966 -26.36092 -26.39286 -26.42390 -26.45260
 -26.45574 -26.48228 -26.50922 -26.53519 -26.55902
 -26.58449 -26.60640 -26.62850 -26.64965 -26.66890
 -26.69848 -26.71556 -26.73265 -26.74889 -26.76356
 -26.78000 -26.79213 -26.80420 -26.81557 -26.82579
 -26.81858 -26.82631 -26.83395 -26.84111 -26.84751
 -26.81540 -26.81985 -26.82422 -26.82832 -26.83195
 -26.78036 -26.78273 -26.78506 -26.78723 -26.78917
 -26.72610 -26.72730 -26.72848 -26.72959 -26.73057
 -26.66082 -26.66140 -26.66199 -26.66254 -26.66302
 -26.58982 -26.59010 -26.59040 -26.59066 -26.59091
 -26.51555 -26.51569 -26.51583 -26.51596 -26.51608
 -26.44071 -26.44077 -26.44084 -26.44090 -26.44096
 --------------------/ IPRT= 1  / IGRD= 1  /        / Z1=28   / DATE= 30.01.98  
 -25.94282 -25.94282 -25.94282 -25.94282 -25.94632
 -26.02362 -26.02362 -26.02362 -26.02362 -26.02638
 -26.10430 -26.10430 -26.10430 -26.10430 -26.10675
 -26.18485 -26.18485 -26.18485 -26.18484 -26.18734
 -26.26517 -26.26516 -26.26516 -26.26516 -26.26655
 -26.34518 -26.34518 -26.34518 -26.34518 -26.34661
 -26.42472 -26.42472 -26.42472 -26.42472 -26.42538
 -26.50360 -26.50359 -26.50359 -26.50359 -26.50434
 -26.58150 -26.58150 -26.58150 -26.58150 -26.58152
 -26.65800 -26.65800 -26.65800 -26.65800 -26.65802
 -26.73249 -26.73249 -26.73249 -26.73249 -26.73249
 -26.80319 -26.80319 -26.80319 -26.80319 -26.80319
 -26.86209 -26.86209 -26.86209 -26.86209 -26.86208
 -26.89410 -26.89410 -26.89410 -26.89410 -26.89410
 -26.90058 -26.90058 -26.90058 -26.90059 -26.90060
 -26.90483 -26.90483 -26.90483 -26.90483 -26.90486
 -26.92262 -26.92262 -26.92262 -26.92263 -26.92265
 -26.95141 -26.95141 -26.95142 -26.95142 -26.95144
 -26.97872 -26.97872 -26.97872 -26.97873 -26.97874
 -26.99098 -26.99097 -26.99098 -26.99098 -26.99100
 -26.98396 -26.98397 -26.98397 -26.98397 -26.98397
 -26.95623 -26.95623 -26.95623 -26.95623 -26.95624
 -26.91025 -26.91025 -26.91025 -26.91025 -26.91025
 -26.85092 -26.85092 -26.85092 -26.85092 -26.85092
 -26.78282 -26.78282 -26.78282 -26.78282 -26.78282
 -26.71084 -26.71084 -26.71084 -26.71084 -26.71084
 -26.63657 -26.63658 -26.63658 -26.63658 -26.63658
 -26.56125 -26.56124 -26.56124 -26.56124 -26.56124
 -26.48487 -26.48487 -26.48487 -26.48487 -26.48487
 -26.40878 -26.40878 -26.40878 -26.40878 -26.40878
 --------------------/ IPRT= 1  / IGRD= 1  /        / Z1=29   / DATE= 30.01.98  
 -25.85784 -25.85784 -25.85784 -25.85784 -25.86014
 -25.93866 -25.93866 -25.93866 -25.93866 -25.94093
 -26.01939 -26.01939 -26.01939 -26.01939 -26.02151
 -26.09998 -26.09998 -26.09998 -26.09999 -26.10137
 -26.18039 -26.18038 -26.18038 -26.18038 -26.18144
 -26.26052 -26.26052 -26.26052 -26.26052 -26.26120
 -26.34024 -26.34023 -26.34023 -26.34023 -26.34096
 -26.41936 -26.41936 -26.41936 -26.41936 -26.41929
 -26.49763 -26.49763 -26.49763 -26.49763 -26.49763
 -26.57467 -26.57467 -26.57467 -26.57467 -26.57467
 -26.64976 -26.64976 -26.64976 -26.64976 -26.64976
 -26.70920 -26.70920 -26.70920 -26.70920 -26.70920
 -26.55844 -26.55844 -26.55844 -26.55846 -26.55849
 -26.06107 -26.06108 -26.06109 -26.06112 -26.06116
 -25.63344 -25.63345 -25.63346 -25.63349 -25.63354
 -25.38959 -25.38959 -25.38961 -25.38963 -25.38968
 -25.29241 -25.29242 -25.29243 -25.29246 -25.29250
 -25.29925 -25.29925 -25.29927 -25.29929 -25.29933
 -25.37786 -25.37786 -25.37788 -25.37790 -25.37795
 -25.50491 -25.50491 -25.50492 -25.50494 -25.50498
 -25.66311 -25.66310 -25.66312 -25.66313 -25.66317
 -25.83849 -25.83850 -25.83851 -25.83854 -25.83856
 -26.01753 -26.01753 -26.01754 -26.01755 -26.01759
 -26.18481 -26.18481 -26.18482 -26.18484 -26.18486
 -26.32241 -26.32241 -26.32242 -26.32243 -26.32245
 -26.41468 -26.41468 -26.41468 -26.41469 -26.41471
 -26.45511 -26.45512 -26.45512 -26.45511 -26.45513
 -26.45022 -26.45022 -26.45022 -26.45022 -26.45023
 -26.41311 -26.41311 -26.41311 -26.41310 -26.41311
 -26.35717 -26.35717 -26.35717 -26.35717 -26.35717
 --------------------/ IPRT= 1  / IGRD= 1  /        / Z1=30   / DATE= 30.01.98  
 -25.77146 -25.77146 -25.77146 -25.77146 -25.77363
 -25.85231 -25.85231 -25.85231 -25.85231 -25.85391
 -25.93307 -25.93307 -25.93307 -25.93307 -25.93442
 -26.01373 -26.01373 -26.01373 -26.01373 -26.01511
 -26.09420 -26.09420 -26.09420 -26.09420 -26.09473
 -26.17443 -26.17443 -26.17443 -26.17443 -26.17501
 -26.25431 -26.25431 -26.25431 -26.25431 -26.25427
 -26.33368 -26.33368 -26.33368 -26.33368 -26.33367
 -26.41228 -26.41228 -26.41228 -26.41228 -26.41228
 -26.48980 -26.48979 -26.48979 -26.48979 -26.48979
 -26.56574 -26.56574 -26.56574 -26.56574 -26.56574
 -26.63889 -26.63889 -26.63889 -26.63889 -26.63889
 -26.70324 -26.70323 -26.70323 -26.70323 -26.70323
 -26.74424 -26.74424 -26.74425 -26.74425 -26.74425
 -26.75822 -26.75822 -26.75821 -26.75822 -26.75823
 -26.76567 -26.76566 -26.76567 -26.76567 -26.76568
 -26.78545 -26.78546 -26.78546 -26.78546 -26.78548
 -26.81858 -26.81858 -26.81858 -26.81859 -26.81860
 -26.85411 -26.85411 -26.85411 -26.85411 -26.85412
 -26.87842 -26.87842 -26.87842 -26.87843 -26.87843
 -26.88258 -26.88257 -26.88257 -26.88257 -26.88258
 -26.86637 -26.86637 -26.86638 -26.86637 -26.86637
 -26.82983 -26.82983 -26.82983 -26.82983 -26.82983
 -26.77737 -26.77737 -26.77737 -26.77737 -26.77737
 -26.71392 -26.71392 -26.71392 -26.71392 -26.71391
 -26.64444 -26.64444 -26.64444 -26.64444 -26.64444
 -26.57195 -26.57195 -26.57195 -26.57195 -26.57195
 -26.49764 -26.49764 -26.49764 -26.49764 -26.49764
 -26.42213 -26.42213 -26.42213 -26.42213 -26.42213
 -26.34603 -26.34603 -26.34603 -26.34603 -26.34603
 --------------------/ IPRT= 1  / IGRD= 1  /        / Z1=31   / DATE= 30.01.98  
 -25.69884 -25.69884 -25.69884 -25.69884 -25.70092
 -25.77970 -25.77970 -25.77970 -25.77970 -25.78094
 -25.86049 -25.86049 -25.86049 -25.86049 -25.86164
 -25.94117 -25.94117 -25.94117 -25.94117 -25.94175
 -26.02170 -26.02169 -26.02169 -26.02169 -26.02201
 -26.10202 -26.10202 -26.10202 -26.10202 -26.10203
 -26.18201 -26.18201 -26.18201 -26.18201 -26.18200
 -26.26152 -26.26152 -26.26152 -26.26152 -26.26152
 -26.34036 -26.34036 -26.34036 -26.34036 -26.34036
 -26.41822 -26.41822 -26.41822 -26.41822 -26.41822
 -26.49464 -26.49464 -26.49464 -26.49464 -26.49465
 -26.56904 -26.56903 -26.56903 -26.56903 -26.56904
 -26.64051 -26.64051 -26.64051 -26.64051 -26.64051
 -26.70789 -26.70788 -26.70788 -26.70788 -26.70788
 -26.76956 -26.76955 -26.76956 -26.76956 -26.76955
 -26.82355 -26.82355 -26.82354 -26.82354 -26.82354
 -26.86739 -26.86739 -26.86739 -26.86739 -26.86739
 -26.89844 -26.89843 -26.89843 -26.89843 -26.89844
 -26.91405 -26.91405 -26.91405 -26.91405 -26.91405
 -26.91203 -26.91203 -26.91203 -26.91203 -26.91203
 -26.89156 -26.89156 -26.89156 -26.89156 -26.89155
 -26.85794 -26.85794 -26.85794 -26.85794 -26.85794
 -26.81074 -26.81074 -26.81074 -26.81074 -26.81074
 -26.75257 -26.75257 -26.75257 -26.75257 -26.75257
 -26.68650 -26.68649 -26.68649 -26.68649 -26.68649
 -26.61556 -26.61556 -26.61556 -26.61556 -26.61556
 -26.54259 -26.54258 -26.54258 -26.54258 -26.54259
 -26.46806 -26.46806 -26.46806 -26.46806 -26.46806
 -26.39268 -26.39268 -26.39268 -26.39268 -26.39268
 -26.31647 -26.31647 -26.31647 -26.31647 -26.31647
 --------------------/ IPRT= 1  / IGRD= 1  /        / Z1=32   / DATE= 30.01.98  
 -25.62439 -25.62439 -25.62439 -25.62439 -25.62563
 -25.70527 -25.70527 -25.70527 -25.70527 -25.70606
 -25.78608 -25.78608 -25.78608 -25.78608 -25.78666
 -25.86680 -25.86680 -25.86680 -25.86680 -25.86742
 -25.94738 -25.94738 -25.94738 -25.94738 -25.94732
 -26.02777 -26.02777 -26.02777 -26.02777 -26.02776
 -26.10786 -26.10785 -26.10785 -26.10786 -26.10786
 -26.18753 -26.18753 -26.18753 -26.18753 -26.18753
 -26.26659 -26.26659 -26.26659 -26.26659 -26.26659
 -26.34477 -26.34477 -26.34477 -26.34477 -26.34476
 -26.42165 -26.42166 -26.42166 -26.42166 -26.42165
 -26.49344 -26.49344 -26.49344 -26.49344 -26.49344
 -26.48249 -26.48249 -26.48248 -26.48250 -26.48250
 -26.16601 -26.16600 -26.16602 -26.16603 -26.16605
 -25.75788 -25.75789 -25.75789 -25.75791 -25.75795
 -25.49379 -25.49379 -25.49380 -25.49382 -25.49385
 -25.37608 -25.37608 -25.37609 -25.37611 -25.37614
 -25.36692 -25.36693 -25.36694 -25.36695 -25.36699
 -25.43349 -25.43349 -25.43350 -25.43352 -25.43355
 -25.55105 -25.55106 -25.55106 -25.55108 -25.55111
 -25.70079 -25.70078 -25.70080 -25.70081 -25.70083
 -25.86727 -25.86728 -25.86728 -25.86730 -25.86732
 -26.03516 -26.03517 -26.03517 -26.03518 -26.03520
 -26.18731 -26.18731 -26.18731 -26.18732 -26.18733
 -26.30538 -26.30538 -26.30538 -26.30539 -26.30540
 -26.37562 -26.37562 -26.37563 -26.37563 -26.37564
 -26.39682 -26.39682 -26.39682 -26.39682 -26.39683
 -26.37819 -26.37818 -26.37818 -26.37819 -26.37819
 -26.33330 -26.33329 -26.33329 -26.33329 -26.33330
 -26.27275 -26.27275 -26.27275 -26.27275 -26.27276
 --------------------/ IPRT= 1  / IGRD= 1  /        / Z1=33   / DATE= 30.01.98  
 -25.55201 -25.55201 -25.55201 -25.55201 -25.55320
 -25.63291 -25.63291 -25.63291 -25.63291 -25.63342
 -25.71374 -25.71374 -25.71374 -25.71374 -25.71418
 -25.79449 -25.79448 -25.79448 -25.79448 -25.79447
 -25.87511 -25.87511 -25.87511 -25.87511 -25.87511
 -25.95557 -25.95556 -25.95556 -25.95556 -25.95556
 -26.03575 -26.03574 -26.03574 -26.03574 -26.03574
 -26.11555 -26.11555 -26.11555 -26.11555 -26.11555
 -26.19481 -26.19481 -26.19481 -26.19481 -26.19481
 -26.27327 -26.27327 -26.27327 -26.27326 -26.27327
 -26.35057 -26.35057 -26.35057 -26.35057 -26.35056
 -26.42619 -26.42619 -26.42619 -26.42619 -26.42620
 -26.49945 -26.49945 -26.49945 -26.49945 -26.49945
 -26.56930 -26.56929 -26.56930 -26.56930 -26.56930
 -26.63441 -26.63440 -26.63440 -26.63440 -26.63440
 -26.69297 -26.69298 -26.69298 -26.69298 -26.69298
 -26.74281 -26.74281 -26.74281 -26.74281 -26.74281
 -26.78130 -26.78131 -26.78131 -26.78131 -26.78131
 -26.80574 -26.80574 -26.80574 -26.80574 -26.80574
 -26.81356 -26.81355 -26.81356 -26.81356 -26.81355
 -26.80282 -26.80282 -26.80282 -26.80282 -26.80282
 -26.77701 -26.77700 -26.77701 -26.77701 -26.77701
 -26.73709 -26.73709 -26.73709 -26.73709 -26.73709
 -26.68479 -26.68478 -26.68478 -26.68478 -26.68479
 -26.62301 -26.62301 -26.62301 -26.62301 -26.62301
 -26.55463 -26.55463 -26.55463 -26.55463 -26.55463
 -26.48332 -26.48332 -26.48332 -26.48332 -26.48332
 -26.40994 -26.40994 -26.40994 -26.40994 -26.40994
 -26.33544 -26.33544 -26.33544 -26.33544 -26.33544
 -26.25974 -26.25974 -26.25974 -26.25974 -26.25974
 --------------------/ IPRT= 1  / IGRD= 1  /        / Z1=34   / DATE= 30.01.98  
 -25.48320 -25.48320 -25.48320 -25.48320 -25.48373
 -25.56411 -25.56411 -25.56411 -25.56411 -25.56428
 -25.64495 -25.64495 -25.64495 -25.64495 -25.64496
 -25.72572 -25.72572 -25.72573 -25.72573 -25.72572
 -25.80638 -25.80639 -25.80638 -25.80638 -25.80638
 -25.88690 -25.88690 -25.88690 -25.88690 -25.88690
 -25.96715 -25.96715 -25.96715 -25.96715 -25.96715
 -26.04708 -26.04708 -26.04708 -26.04708 -26.04708
 -26.12650 -26.12650 -26.12650 -26.12650 -26.12650
 -26.20520 -26.20520 -26.20520 -26.20520 -26.20520
 -26.28284 -26.28284 -26.28284 -26.28284 -26.28284
 -26.35793 -26.35793 -26.35793 -26.35793 -26.35793
 -26.40062 -26.40062 -26.40062 -26.40062 -26.40062
 -26.25848 -26.25848 -26.25849 -26.25850 -26.25851
 -25.94625 -25.94625 -25.94626 -25.94627 -25.94630
 -25.70004 -25.70004 -25.70005 -25.70006 -25.70009
 -25.58078 -25.58079 -25.58079 -25.58081 -25.58083
 -25.56612 -25.56612 -25.56612 -25.56614 -25.56617
 -25.62613 -25.62613 -25.62614 -25.62615 -25.62617
 -25.73590 -25.73590 -25.73591 -25.73592 -25.73594
 -25.87513 -25.87513 -25.87514 -25.87515 -25.87517
 -26.02608 -26.02608 -26.02609 -26.02609 -26.02612
 -26.17067 -26.17067 -26.17068 -26.17068 -26.17070
 -26.28979 -26.28980 -26.28980 -26.28981 -26.28982
 -26.36747 -26.36748 -26.36748 -26.36749 -26.36749
 -26.39747 -26.39746 -26.39746 -26.39746 -26.39747
 -26.38670 -26.38670 -26.38670 -26.38670 -26.38670
 -26.34732 -26.34732 -26.34732 -26.34732 -26.34732
 -26.29069 -26.29069 -26.29069 -26.29069 -26.29069
 -26.22415 -26.22415 -26.22415 -26.22415 -26.22415
 --------------------/ IPRT= 1  / IGRD= 1  /        / Z1=35   / DATE= 30.01.98  
 -25.41698 -25.41698 -25.41698 -25.41698 -25.41750
 -25.49790 -25.49790 -25.49790 -25.49790 -25.49788
 -25.57876 -25.57876 -25.57876 -25.57876 -25.57876
 -25.65956 -25.65956 -25.65956 -25.65956 -25.65956
 -25.74025 -25.74025 -25.74025 -25.74025 -25.74026
 -25.82080 -25.82080 -25.82080 -25.82080 -25.82080
 -25.90114 -25.90114 -25.90114 -25.90114 -25.90114
 -25.98115 -25.98115 -25.98115 -25.98115 -25.98115
 -26.06072 -26.06072 -26.06072 -26.06072 -26.06072
 -26.13962 -26.13962 -26.13962 -26.13962 -26.13962
 -26.21757 -26.21757 -26.21757 -26.21758 -26.21757
 -26.29328 -26.29328 -26.29328 -26.29328 -26.29328
 -26.33700 -26.33700 -26.33700 -26.33700 -26.33701
 -26.16426 -26.16426 -26.16426 -26.16427 -26.16429
 -25.78265 -25.78264 -25.78265 -25.78266 -25.78269
 -25.48195 -25.48195 -25.48196 -25.48197 -25.48200
 -25.32658 -25.32659 -25.32659 -25.32661 -25.32663
 -25.28843 -25.28843 -25.28843 -25.28844 -25.28847
 -25.33411 -25.33411 -25.33412 -25.33413 -25.33415
 -25.43718 -25.43719 -25.43719 -25.43720 -25.43722
 -25.57734 -25.57735 -25.57735 -25.57736 -25.57738
 -25.73826 -25.73827 -25.73827 -25.73828 -25.73830
 -25.90464 -25.90463 -25.90464 -25.90464 -25.90466
 -26.05968 -26.05968 -26.05968 -26.05969 -26.05970
 -26.18515 -26.18514 -26.18515 -26.18515 -26.18517
 -26.26561 -26.26561 -26.26561 -26.26561 -26.26562
 -26.29674 -26.29675 -26.29675 -26.29675 -26.29674
 -26.28595 -26.28594 -26.28594 -26.28594 -26.28595
 -26.24620 -26.24619 -26.24619 -26.24619 -26.24619
 -26.18887 -26.18887 -26.18887 -26.18887 -26.18887
 --------------------/ IPRT= 1  / IGRD= 1  /        / Z1=36   / DATE= 30.01.98  
 -25.35319 -25.35319 -25.35319 -25.35319 -25.35319
 -25.43410 -25.43410 -25.43410 -25.43410 -25.43411
 -25.51500 -25.51500 -25.51500 -25.51500 -25.51500
 -25.59581 -25.59581 -25.59581 -25.59581 -25.59581
 -25.67652 -25.67652 -25.67652 -25.67652 -25.67652
 -25.75712 -25.75712 -25.75712 -25.75712 -25.75712
 -25.83751 -25.83751 -25.83751 -25.83751 -25.83751
 -25.91762 -25.91762 -25.91762 -25.91762 -25.91762
 -25.99731 -25.99730 -25.99730 -25.99730 -25.99730
 -26.07639 -26.07639 -26.07639 -26.07639 -26.07640
 -26.15461 -26.15461 -26.15461 -26.15461 -26.15460
 -26.23079 -26.23079 -26.23079 -26.23079 -26.23079
 -26.27235 -26.27235 -26.27235 -26.27236 -26.27236
 -26.05558 -26.05559 -26.05559 -26.05560 -26.05561
 -25.61211 -25.61211 -25.61212 -25.61213 -25.61215
 -25.27763 -25.27763 -25.27763 -25.27764 -25.27767
 -25.10402 -25.10403 -25.10403 -25.10404 -25.10406
 -25.05533 -25.05533 -25.05534 -25.05535 -25.05537
 -25.09511 -25.09511 -25.09512 -25.09513 -25.09514
 -25.19566 -25.19566 -25.19567 -25.19568 -25.19570
 -25.33662 -25.33663 -25.33663 -25.33664 -25.33666
 -25.50235 -25.50235 -25.50236 -25.50237 -25.50238
 -25.67942 -25.67942 -25.67943 -25.67943 -25.67945
 -25.85376 -25.85376 -25.85376 -25.85377 -25.85378
 -26.00898 -26.00898 -26.00898 -26.00899 -26.00900
 -26.12740 -26.12740 -26.12741 -26.12741 -26.12741
 -26.19675 -26.19675 -26.19675 -26.19676 -26.19676
 -26.21651 -26.21651 -26.21651 -26.21651 -26.21651
 -26.19689 -26.19689 -26.19689 -26.19689 -26.19689
 -26.15123 -26.15123 -26.15123 -26.15124 -26.15124
 --------------------/ IPRT= 1  / IGRD= 1  /        / Z1=37   / DATE= 30.01.98  
 -25.26341 -25.26341 -25.26341 -25.26341 -25.26341
 -25.34435 -25.34435 -25.34435 -25.34435 -25.34435
 -25.42525 -25.42525 -25.42525 -25.42525 -25.42525
 -25.50609 -25.50608 -25.50608 -25.50608 -25.50608
 -25.58685 -25.58684 -25.58684 -25.58684 -25.58684
 -25.66751 -25.66751 -25.66751 -25.66751 -25.66751
 -25.74799 -25.74799 -25.74799 -25.74799 -25.74799
 -25.82822 -25.82822 -25.82822 -25.82822 -25.82822
 -25.90809 -25.90809 -25.90809 -25.90809 -25.90809
 -25.98745 -25.98745 -25.98745 -25.98745 -25.98745
 -26.06606 -26.06606 -26.06606 -26.06606 -26.06606
 -26.14335 -26.14335 -26.14335 -26.14335 -26.14335
 -26.20833 -26.20833 -26.20833 -26.20833 -26.20833
 -26.15199 -26.15199 -26.15200 -26.15200 -26.15200
 -25.86645 -25.86644 -25.86644 -25.86645 -25.86647
 -25.57492 -25.57492 -25.57493 -25.57494 -25.57496
 -25.40741 -25.40742 -25.40742 -25.40743 -25.40745
 -25.35635 -25.35635 -25.35635 -25.35636 -25.35638
 -25.39143 -25.39143 -25.39144 -25.39145 -25.39146
 -25.48582 -25.48582 -25.48583 -25.48584 -25.48585
 -25.61821 -25.61821 -25.61822 -25.61823 -25.61824
 -25.77085 -25.77085 -25.77086 -25.77086 -25.77088
 -25.92741 -25.92741 -25.92741 -25.92742 -25.92743
 -26.06999 -26.06999 -26.06999 -26.07000 -26.07001
 -26.18047 -26.18047 -26.18047 -26.18048 -26.18048
 -26.24557 -26.24557 -26.24558 -26.24558 -26.24558
 -26.26380 -26.26380 -26.26380 -26.26379 -26.26381
 -26.24446 -26.24446 -26.24446 -26.24446 -26.24446
 -26.19991 -26.19991 -26.19991 -26.19991 -26.19991
 -26.14039 -26.14039 -26.14039 -26.14039 -26.14039
 --------------------/ IPRT= 1  / IGRD= 1  /        / Z1=38   / DATE= 30.01.98  
 -25.20531 -25.20531 -25.20531 -25.20531 -25.20531
 -25.28626 -25.28625 -25.28625 -25.28625 -25.28625
 -25.36716 -25.36716 -25.36716 -25.36716 -25.36716
 -25.44802 -25.44802 -25.44802 -25.44803 -25.44802
 -25.52880 -25.52880 -25.52880 -25.52880 -25.52880
 -25.60948 -25.60948 -25.60948 -25.60948 -25.60948
 -25.69000 -25.69000 -25.69001 -25.69001 -25.69001
 -25.77031 -25.77030 -25.77030 -25.77030 -25.77030
 -25.85026 -25.85026 -25.85026 -25.85026 -25.85026
 -25.92975 -25.92975 -25.92975 -25.92975 -25.92975
 -26.00854 -26.00854 -26.00854 -26.00854 -26.00854
 -26.08605 -26.08605 -26.08605 -26.08605 -26.08605
 -26.14671 -26.14671 -26.14671 -26.14671 -26.14671
 -26.02567 -26.02567 -26.02567 -26.02567 -26.02568
 -25.62312 -25.62312 -25.62312 -25.62313 -25.62314
 -25.26582 -25.26583 -25.26583 -25.26584 -25.26586
 -25.06510 -25.06511 -25.06511 -25.06512 -25.06514
 -24.99529 -24.99528 -24.99529 -24.99530 -24.99531
 -25.01985 -25.01986 -25.01986 -25.01987 -25.01989
 -25.10982 -25.10982 -25.10982 -25.10983 -25.10985
 -25.24368 -25.24368 -25.24368 -25.24370 -25.24370
 -25.40501 -25.40501 -25.40502 -25.40502 -25.40504
 -25.58023 -25.58024 -25.58025 -25.58025 -25.58026
 -25.75556 -25.75556 -25.75556 -25.75557 -25.75558
 -25.91519 -25.91519 -25.91519 -25.91519 -25.91520
 -26.04160 -26.04160 -26.04161 -26.04161 -26.04161
 -26.12079 -26.12079 -26.12079 -26.12079 -26.12080
 -26.15000 -26.15000 -26.15000 -26.15000 -26.15001
 -26.13749 -26.13749 -26.13749 -26.13749 -26.13749
 -26.09660 -26.09660 -26.09660 -26.09660 -26.09661
 --------------------/ IPRT= 1  / IGRD= 1  /        / Z1=39   / DATE= 30.01.98  
 -25.16386 -25.16386 -25.16386 -25.16386 -25.16386
 -25.24481 -25.24481 -25.24481 -25.24481 -25.24480
 -25.32572 -25.32572 -25.32572 -25.32572 -25.32572
 -25.40658 -25.40658 -25.40658 -25.40658 -25.40658
 -25.48738 -25.48738 -25.48738 -25.48738 -25.48738
 -25.56807 -25.56807 -25.56807 -25.56807 -25.56807
 -25.64861 -25.64861 -25.64861 -25.64861 -25.64861
 -25.72894 -25.72894 -25.72894 -25.72894 -25.72894
 -25.80894 -25.80895 -25.80895 -25.80895 -25.80895
 -25.88850 -25.88850 -25.88850 -25.88850 -25.88850
 -25.96738 -25.96738 -25.96738 -25.96738 -25.96738
 -26.04522 -26.04522 -26.04522 -26.04522 -26.04522
 -26.11666 -26.11666 -26.11666 -26.11666 -26.11666
 -26.11892 -26.11891 -26.11891 -26.11891 -26.11891
 -25.93307 -25.93307 -25.93308 -25.93308 -25.93309
 -25.68265 -25.68265 -25.68265 -25.68266 -25.68267
 -25.52193 -25.52193 -25.52192 -25.52193 -25.52195
 -25.46855 -25.46855 -25.46855 -25.46856 -25.46857
 -25.49898 -25.49898 -25.49898 -25.49899 -25.49900
 -25.58754 -25.58754 -25.58755 -25.58755 -25.58757
 -25.71246 -25.71247 -25.71246 -25.71247 -25.71248
 -25.85451 -25.85450 -25.85450 -25.85452 -25.85453
 -25.99610 -25.99610 -25.99610 -25.99610 -25.99611
 -26.11828 -26.11828 -26.11828 -26.11829 -26.11830
 -26.20431 -26.20430 -26.20430 -26.20431 -26.20431
 -26.24529 -26.24529 -26.24529 -26.24529 -26.24529
 -26.24393 -26.24393 -26.24392 -26.24392 -26.24392
 -26.21182 -26.21182 -26.21183 -26.21183 -26.21183
 -26.15992 -26.15992 -26.15992 -26.15992 -26.15992
 -26.09675 -26.09675 -26.09675 -26.09675 -26.09675
 --------------------/ IPRT= 1  / IGRD= 1  /        / Z1=40   / DATE= 30.01.98  
 -25.10899 -25.10899 -25.10899 -25.10899 -25.10899
 -25.18994 -25.18994 -25.18994 -25.18994 -25.18994
 -25.27086 -25.27086 -25.27086 -25.27086 -25.27086
 -25.35175 -25.35174 -25.35174 -25.35174 -25.35174
 -25.43254 -25.43254 -25.43254 -25.43254 -25.43254
 -25.51326 -25.51326 -25.51326 -25.51326 -25.51326
 -25.59385 -25.59384 -25.59384 -25.59385 -25.59384
 -25.67422 -25.67422 -25.67422 -25.67422 -25.67422
 -25.75430 -25.75430 -25.75430 -25.75430 -25.75430
 -25.83396 -25.83396 -25.83396 -25.83396 -25.83396
 -25.91301 -25.91301 -25.91301 -25.91301 -25.91301
 -25.99109 -25.99109 -25.99109 -25.99109 -25.99109
 -26.06482 -26.06482 -26.06482 -26.06482 -26.06482
 -26.09255 -26.09255 -26.09255 -26.09255 -26.09256
 -25.97284 -25.97285 -25.97285 -25.97285 -25.97286
 -25.76810 -25.76811 -25.76811 -25.76811 -25.76812
 -25.62386 -25.62387 -25.62387 -25.62388 -25.62389
 -25.57507 -25.57506 -25.57506 -25.57507 -25.57508
 -25.60519 -25.60519 -25.60519 -25.60520 -25.60521
 -25.69045 -25.69046 -25.69046 -25.69046 -25.69047
 -25.80902 -25.80902 -25.80903 -25.80903 -25.80904
 -25.94079 -25.94079 -25.94078 -25.94078 -25.94079
 -26.06712 -26.06712 -26.06712 -26.06712 -26.06713
 -26.16957 -26.16957 -26.16957 -26.16957 -26.16958
 -26.23380 -26.23380 -26.23381 -26.23381 -26.23381
 -26.25520 -26.25520 -26.25520 -26.25520 -26.25520
 -26.23940 -26.23940 -26.23940 -26.23940 -26.23939
 -26.19842 -26.19842 -26.19842 -26.19842 -26.19842
 -26.14170 -26.14170 -26.14170 -26.14170 -26.14170
 -26.07614 -26.07614 -26.07614 -26.07614 -26.07614
 --------------------/ IPRT= 1  / IGRD= 1  /        / Z1=41   / DATE= 30.01.98  
 -25.03519 -25.03519 -25.03519 -25.03519 -25.03519
 -25.11615 -25.11615 -25.11615 -25.11615 -25.11615
 -25.19707 -25.19707 -25.19707 -25.19707 -25.19707
 -25.27797 -25.27797 -25.27797 -25.27797 -25.27797
 -25.35880 -25.35880 -25.35880 -25.35880 -25.35880
 -25.43956 -25.43955 -25.43955 -25.43956 -25.43956
 -25.52018 -25.52018 -25.52018 -25.52018 -25.52018
 -25.60063 -25.60063 -25.60063 -25.60063 -25.60063
 -25.68081 -25.68081 -25.68081 -25.68081 -25.68081
 -25.76063 -25.76063 -25.76063 -25.76063 -25.76063
 -25.83990 -25.83990 -25.83990 -25.83990 -25.83990
 -25.91837 -25.91837 -25.91837 -25.91837 -25.91837
 -25.99569 -25.99568 -25.99568 -25.99568 -25.99568
 -26.07133 -26.07133 -26.07133 -26.07132 -26.07133
 -26.14457 -26.14458 -26.14458 -26.14457 -26.14458
 -26.21443 -26.21443 -26.21443 -26.21443 -26.21443
 -26.27949 -26.27949 -26.27949 -26.27949 -26.27949
 -26.33796 -26.33796 -26.33796 -26.33796 -26.33796
 -26.38757 -26.38756 -26.38756 -26.38756 -26.38756
 -26.42560 -26.42560 -26.42560 -26.42560 -26.42560
 -26.44917 -26.44917 -26.44917 -26.44917 -26.44917
 -26.45538 -26.45538 -26.45538 -26.45538 -26.45538
 -26.44536 -26.44536 -26.44536 -26.44536 -26.44536
 -26.42006 -26.42006 -26.42006 -26.42007 -26.42007
 -26.38011 -26.38011 -26.38011 -26.38011 -26.38011
 -26.32812 -26.32812 -26.32812 -26.32812 -26.32812
 -26.26696 -26.26695 -26.26695 -26.26695 -26.26695
 -26.20083 -26.20083 -26.20083 -26.20083 -26.20083
 -26.13114 -26.13114 -26.13114 -26.13114 -26.13114
 -26.05925 -26.05925 -26.05925 -26.05925 -26.05925
 --------------------/ IPRT= 1  / IGRD= 1  /        / Z1=42   / DATE= 30.01.98  
 -24.99721 -24.99721 -24.99721 -24.99721 -24.99721
 -25.07817 -25.07817 -25.07817 -25.07817 -25.07817
 -25.15910 -25.15910 -25.15910 -25.15910 -25.15910
 -25.24000 -25.24000 -25.24000 -25.24000 -25.24000
 -25.32083 -25.32083 -25.32083 -25.32083 -25.32083
 -25.40160 -25.40161 -25.40161 -25.40161 -25.40161
 -25.48224 -25.48224 -25.48224 -25.48224 -25.48224
 -25.56271 -25.56271 -25.56271 -25.56271 -25.56271
 -25.64293 -25.64293 -25.64293 -25.64293 -25.64293
 -25.72280 -25.72279 -25.72279 -25.72279 -25.72279
 -25.80213 -25.80213 -25.80213 -25.80213 -25.80213
 -25.88068 -25.88068 -25.88068 -25.88068 -25.88069
 -25.95710 -25.95710 -25.95710 -25.95710 -25.95710
 -26.01121 -26.01121 -26.01121 -26.01121 -26.01120
 -25.96401 -25.96401 -25.96401 -25.96401 -25.96401
 -25.80730 -25.80731 -25.80731 -25.80731 -25.80732
 -25.66835 -25.66835 -25.66836 -25.66836 -25.66837
 -25.61053 -25.61053 -25.61053 -25.61053 -25.61054
 -25.62953 -25.62952 -25.62952 -25.62954 -25.62955
 -25.70432 -25.70433 -25.70433 -25.70433 -25.70433
 -25.81308 -25.81308 -25.81308 -25.81308 -25.81310
 -25.93518 -25.93518 -25.93518 -25.93518 -25.93519
 -26.05123 -26.05123 -26.05123 -26.05124 -26.05124
 -26.14392 -26.14392 -26.14392 -26.14392 -26.14394
 -26.19991 -26.19991 -26.19991 -26.19991 -26.19991
 -26.21557 -26.21557 -26.21557 -26.21557 -26.21557
 -26.19656 -26.19655 -26.19655 -26.19655 -26.19655
 -26.15399 -26.15399 -26.15399 -26.15399 -26.15399
 -26.09687 -26.09687 -26.09687 -26.09687 -26.09687
 -26.03136 -26.03136 -26.03136 -26.03136 -26.03136
 --------------------/ IPRT= 1  / IGRD= 1  /        / Z1=43   / DATE= 30.01.98  
 -24.93948 -24.93948 -24.93948 -24.93948 -24.93948
 -25.02045 -25.02045 -25.02045 -25.02044 -25.02045
 -25.10139 -25.10139 -25.10139 -25.10139 -25.10139
 -25.18230 -25.18230 -25.18230 -25.18230 -25.18230
 -25.26315 -25.26315 -25.26315 -25.26315 -25.26315
 -25.34394 -25.34394 -25.34394 -25.34394 -25.34394
 -25.42461 -25.42460 -25.42460 -25.42460 -25.42460
 -25.50513 -25.50513 -25.50513 -25.50513 -25.50512
 -25.58541 -25.58541 -25.58541 -25.58541 -25.58541
 -25.66536 -25.66536 -25.66537 -25.66537 -25.66536
 -25.74484 -25.74484 -25.74484 -25.74484 -25.74484
 -25.82360 -25.82361 -25.82361 -25.82360 -25.82360
 -25.90106 -25.90105 -25.90105 -25.90105 -25.90106
 -25.97089 -25.97089 -25.97089 -25.97089 -25.97089
 -26.00419 -26.00419 -26.00419 -26.00419 -26.00420
 -25.97550 -25.97550 -25.97551 -25.97552 -25.97551
 -25.92560 -25.92560 -25.92560 -25.92560 -25.92561
 -25.90789 -25.90790 -25.90790 -25.90790 -25.90790
 -25.93654 -25.93654 -25.93654 -25.93655 -25.93655
 -26.00111 -26.00111 -26.00111 -26.00111 -26.00112
 -26.08342 -26.08342 -26.08342 -26.08343 -26.08344
 -26.16423 -26.16423 -26.16423 -26.16423 -26.16423
 -26.22732 -26.22732 -26.22732 -26.22732 -26.22732
 -26.26355 -26.26355 -26.26355 -26.26355 -26.26355
 -26.26876 -26.26876 -26.26876 -26.26876 -26.26878
 -26.24630 -26.24630 -26.24630 -26.24630 -26.24630
 -26.20293 -26.20293 -26.20292 -26.20292 -26.20293
 -26.14638 -26.14638 -26.14638 -26.14638 -26.14637
 -26.08207 -26.08207 -26.08207 -26.08207 -26.08207
 -26.01298 -26.01298 -26.01298 -26.01298 -26.01298
 --------------------/ IPRT= 1  / IGRD= 1  /        / Z1=44   / DATE= 30.01.98  
 -24.89098 -24.89098 -24.89098 -24.89098 -24.89098
 -24.97195 -24.97196 -24.97196 -24.97196 -24.97195
 -25.05290 -25.05290 -25.05290 -25.05290 -25.05289
 -25.13381 -25.13381 -25.13381 -25.13381 -25.13381
 -25.21467 -25.21467 -25.21467 -25.21467 -25.21467
 -25.29548 -25.29548 -25.29548 -25.29548 -25.29548
 -25.37617 -25.37617 -25.37617 -25.37617 -25.37617
 -25.45671 -25.45671 -25.45671 -25.45671 -25.45671
 -25.53705 -25.53705 -25.53705 -25.53705 -25.53705
 -25.61708 -25.61708 -25.61708 -25.61708 -25.61708
 -25.69665 -25.69664 -25.69664 -25.69664 -25.69665
 -25.77555 -25.77555 -25.77555 -25.77555 -25.77555
 -25.85352 -25.85351 -25.85351 -25.85351 -25.85351
 -25.93008 -25.93008 -25.93008 -25.93008 -25.93008
 -26.00455 -26.00455 -26.00455 -26.00455 -26.00455
 -26.06908 -26.06908 -26.06908 -26.06908 -26.06908
 -26.03301 -26.03301 -26.03301 -26.03302 -26.03302
 -25.76441 -25.76441 -25.76441 -25.76441 -25.76442
 -25.46249 -25.46249 -25.46249 -25.46250 -25.46251
 -25.28026 -25.28026 -25.28026 -25.28026 -25.28027
 -25.21697 -25.21697 -25.21698 -25.21698 -25.21699
 -25.24217 -25.24217 -25.24217 -25.24218 -25.24218
 -25.32750 -25.32750 -25.32750 -25.32750 -25.32751
 -25.44993 -25.44992 -25.44992 -25.44993 -25.44994
 -25.58898 -25.58898 -25.58899 -25.58899 -25.58899
 -25.72468 -25.72468 -25.72468 -25.72468 -25.72469
 -25.83688 -25.83687 -25.83688 -25.83689 -25.83688
 -25.90962 -25.90962 -25.90962 -25.90962 -25.90963
 -25.93738 -25.93738 -25.93738 -25.93738 -25.93738
 -25.92569 -25.92569 -25.92569 -25.92569 -25.92569
 --------------------/ IPRT= 1  / IGRD= 1  /        / Z1=45   / DATE= 30.01.98  
 -24.79970 -24.79970 -24.79970 -24.79970 -24.79970
 -24.88067 -24.88067 -24.88067 -24.88067 -24.88067
 -24.96164 -24.96164 -24.96164 -24.96164 -24.96164
 -25.04257 -25.04257 -25.04257 -25.04257 -25.04257
 -25.12344 -25.12344 -25.12344 -25.12344 -25.12345
 -25.20428 -25.20428 -25.20428 -25.20428 -25.20428
 -25.28503 -25.28503 -25.28503 -25.28503 -25.28503
 -25.36564 -25.36564 -25.36564 -25.36564 -25.36564
 -25.44608 -25.44608 -25.44608 -25.44608 -25.44608
 -25.52626 -25.52626 -25.52626 -25.52626 -25.52626
 -25.60605 -25.60604 -25.60604 -25.60605 -25.60605
 -25.68528 -25.68528 -25.68528 -25.68528 -25.68528
 -25.76370 -25.76370 -25.76370 -25.76370 -25.76370
 -25.84093 -25.84092 -25.84092 -25.84092 -25.84093
 -25.91643 -25.91643 -25.91643 -25.91643 -25.91643
 -25.98702 -25.98702 -25.98702 -25.98702 -25.98702
 -26.01262 -26.01262 -26.01262 -26.01262 -26.01262
 -25.88097 -25.88097 -25.88099 -25.88099 -25.88099
 -25.65191 -25.65191 -25.65191 -25.65191 -25.65192
 -25.48644 -25.48644 -25.48644 -25.48644 -25.48645
 -25.42229 -25.42229 -25.42230 -25.42230 -25.42231
 -25.44100 -25.44100 -25.44100 -25.44101 -25.44101
 -25.51636 -25.51636 -25.51636 -25.51637 -25.51637
 -25.62458 -25.62459 -25.62459 -25.62459 -25.62459
 -25.74309 -25.74309 -25.74309 -25.74309 -25.74310
 -25.85016 -25.85016 -25.85016 -25.85016 -25.85017
 -25.92701 -25.92700 -25.92700 -25.92700 -25.92701
 -25.96339 -25.96339 -25.96339 -25.96339 -25.96339
 -25.96113 -25.96113 -25.96113 -25.96113 -25.96113
 -25.92902 -25.92902 -25.92902 -25.92902 -25.92902
 --------------------/ IPRT= 1  / IGRD= 1  /        / Z1=46   / DATE= 30.01.98  
 -24.69170 -24.69170 -24.69170 -24.69170 -24.69170
 -24.77269 -24.77269 -24.77269 -24.77269 -24.77269
 -24.85366 -24.85366 -24.85366 -24.85366 -24.85366
 -24.93460 -24.93461 -24.93461 -24.93461 -24.93460
 -25.01551 -25.01551 -25.01551 -25.01551 -25.01551
 -25.09639 -25.09638 -25.09638 -25.09638 -25.09639
 -25.17718 -25.17718 -25.17718 -25.17718 -25.17718
 -25.25787 -25.25787 -25.25786 -25.25786 -25.25787
 -25.33841 -25.33841 -25.33841 -25.33841 -25.33841
 -25.41875 -25.41875 -25.41875 -25.41875 -25.41875
 -25.49876 -25.49876 -25.49876 -25.49876 -25.49876
 -25.57832 -25.57832 -25.57832 -25.57832 -25.57832
 -25.65722 -25.65721 -25.65721 -25.65721 -25.65721
 -25.73514 -25.73514 -25.73514 -25.73514 -25.73514
 -25.81162 -25.81162 -25.81162 -25.81162 -25.81162
 -25.88279 -25.88279 -25.88279 -25.88279 -25.88279
 -25.88303 -25.88303 -25.88303 -25.88303 -25.88302
 -25.63995 -25.63995 -25.63995 -25.63996 -25.63996
 -25.30614 -25.30614 -25.30613 -25.30613 -25.30614
 -25.08615 -25.08615 -25.08615 -25.08615 -25.08616
 -24.99476 -24.99476 -24.99477 -24.99477 -24.99478
 -25.00144 -25.00144 -25.00144 -25.00144 -25.00145
 -25.07630 -25.07630 -25.07631 -25.07631 -25.07632
 -25.19578 -25.19578 -25.19578 -25.19578 -25.19579
 -25.34036 -25.34036 -25.34036 -25.34036 -25.34037
 -25.49213 -25.49213 -25.49213 -25.49213 -25.49214
 -25.63250 -25.63250 -25.63250 -25.63250 -25.63251
 -25.74294 -25.74294 -25.74294 -25.74294 -25.74295
 -25.81026 -25.81025 -25.81025 -25.81025 -25.81026
 -25.83158 -25.83158 -25.83158 -25.83158 -25.83158
 --------------------/ IPRT= 1  / IGRD= 1  /        / Z1=47   / DATE= 30.01.98  
 -24.59513 -24.59513 -24.59513 -24.59513 -24.59513
 -24.67612 -24.67612 -24.67612 -24.67612 -24.67612
 -24.75709 -24.75709 -24.75709 -24.75709 -24.75709
 -24.83806 -24.83805 -24.83805 -24.83805 -24.83805
 -24.91898 -24.91898 -24.91898 -24.91898 -24.91898
 -24.99987 -24.99987 -24.99987 -24.99988 -24.99988
 -25.08070 -25.08070 -25.08070 -25.08070 -25.08070
 -25.16145 -25.16145 -25.16145 -25.16145 -25.16145
 -25.24207 -25.24207 -25.24207 -25.24207 -25.24207
 -25.32251 -25.32251 -25.32251 -25.32251 -25.32251
 -25.40270 -25.40270 -25.40270 -25.40270 -25.40270
 -25.48249 -25.48249 -25.48249 -25.48249 -25.48249
 -25.56173 -25.56173 -25.56173 -25.56173 -25.56173
 -25.64016 -25.64016 -25.64016 -25.64016 -25.64015
 -25.71740 -25.71740 -25.71740 -25.71740 -25.71740
 -25.79229 -25.79228 -25.79228 -25.79228 -25.79229
 -25.85153 -25.85152 -25.85152 -25.85152 -25.85153
 -25.83999 -25.83998 -25.83998 -25.83999 -25.83999
 -25.73574 -25.73574 -25.73574 -25.73574 -25.73575
 -25.62812 -25.62812 -25.62813 -25.62813 -25.62813
 -25.58160 -25.58160 -25.58160 -25.58161 -25.58161
 -25.59983 -25.59983 -25.59983 -25.59983 -25.59984
 -25.66418 -25.66419 -25.66419 -25.66419 -25.66418
 -25.75278 -25.75278 -25.75278 -25.75277 -25.75278
 -25.84321 -25.84321 -25.84321 -25.84320 -25.84321
 -25.91568 -25.91568 -25.91568 -25.91569 -25.91569
 -25.95681 -25.95681 -25.95681 -25.95681 -25.95681
 -25.96304 -25.96304 -25.96304 -25.96304 -25.96304
 -25.94027 -25.94027 -25.94027 -25.94027 -25.94027
 -25.89656 -25.89656 -25.89656 -25.89656 -25.89656
 --------------------/ IPRT= 1  / IGRD= 1  /        / Z1=48   / DATE= 30.01.98  
 -24.50732 -24.50732 -24.50732 -24.50732 -24.50732
 -24.58832 -24.58832 -24.58832 -24.58832 -24.58832
 -24.66930 -24.66930 -24.66930 -24.66930 -24.66930
 -24.75026 -24.75026 -24.75026 -24.75026 -24.75026
 -24.83121 -24.83121 -24.83121 -24.83121 -24.83121
 -24.91212 -24.91212 -24.91212 -24.91212 -24.91212
 -24.99297 -24.99297 -24.99297 -24.99297 -24.99297
 -25.07376 -25.07376 -25.07376 -25.07376 -25.07376
 -25.15444 -25.15444 -25.15444 -25.15444 -25.15444
 -25.23497 -25.23497 -25.23497 -25.23497 -25.23497
 -25.31527 -25.31527 -25.31527 -25.31527 -25.31527
 -25.39525 -25.39525 -25.39525 -25.39525 -25.39526
 -25.47475 -25.47475 -25.47475 -25.47475 -25.47475
 -25.55357 -25.55356 -25.55356 -25.55356 -25.55356
 -25.63136 -25.63136 -25.63136 -25.63136 -25.63136
 -25.70727 -25.70727 -25.70727 -25.70727 -25.70727
 -25.77198 -25.77198 -25.77198 -25.77198 -25.77198
 -25.78333 -25.78333 -25.78333 -25.78333 -25.78333
 -25.71297 -25.71297 -25.71297 -25.71297 -25.71297
 -25.62667 -25.62667 -25.62667 -25.62667 -25.62668
 -25.58827 -25.58827 -25.58827 -25.58828 -25.58828
 -25.60764 -25.60764 -25.60764 -25.60764 -25.60764
 -25.66938 -25.66938 -25.66938 -25.66938 -25.66939
 -25.75305 -25.75306 -25.75306 -25.75306 -25.75306
 -25.83722 -25.83722 -25.83722 -25.83722 -25.83722
 -25.90325 -25.90325 -25.90325 -25.90325 -25.90326
 -25.93915 -25.93915 -25.93915 -25.93915 -25.93915
 -25.94209 -25.94210 -25.94210 -25.94210 -25.94210
 -25.91792 -25.91792 -25.91792 -25.91792 -25.91792
 -25.87409 -25.87409 -25.87409 -25.87409 -25.87410
 --------------------/ IPRT= 1  / IGRD= 1  /        / Z1=49   / DATE= 30.01.98  
 -24.41782 -24.41782 -24.41782 -24.41782 -24.41782
 -24.49882 -24.49882 -24.49882 -24.49882 -24.49882
 -24.57980 -24.57980 -24.57980 -24.57980 -24.57980
 -24.66078 -24.66078 -24.66078 -24.66078 -24.66078
 -24.74173 -24.74173 -24.74173 -24.74173 -24.74173
 -24.82266 -24.82266 -24.82266 -24.82266 -24.82266
 -24.90354 -24.90354 -24.90354 -24.90354 -24.90354
 -24.98436 -24.98436 -24.98436 -24.98436 -24.98436
 -25.06509 -25.06509 -25.06509 -25.06509 -25.06509
 -25.14570 -25.14569 -25.14570 -25.14569 -25.14569
 -25.22611 -25.22611 -25.22611 -25.22611 -25.22611
 -25.30624 -25.30624 -25.30624 -25.30624 -25.30624
 -25.38597 -25.38597 -25.38597 -25.38597 -25.38597
 -25.46511 -25.46511 -25.46511 -25.46511 -25.46511
 -25.54340 -25.54340 -25.54340 -25.54339 -25.54340
 -25.62029 -25.62029 -25.62029 -25.62029 -25.62029
 -25.69217 -25.69217 -25.69217 -25.69217 -25.69217
 -25.74266 -25.74266 -25.74266 -25.74267 -25.74266
 -25.75307 -25.75307 -25.75307 -25.75307 -25.75307
 -25.74146 -25.74146 -25.74146 -25.74146 -25.74146
 -25.74400 -25.74400 -25.74400 -25.74400 -25.74401
 -25.77496 -25.77496 -25.77496 -25.77496 -25.77496
 -25.82702 -25.82703 -25.82703 -25.82703 -25.82703
 -25.88596 -25.88596 -25.88596 -25.88596 -25.88597
 -25.93591 -25.93591 -25.93591 -25.93591 -25.93592
 -25.96523 -25.96523 -25.96523 -25.96523 -25.96523
 -25.96910 -25.96910 -25.96910 -25.96910 -25.96910
 -25.94889 -25.94889 -25.94889 -25.94889 -25.94889
 -25.91061 -25.91061 -25.91061 -25.91061 -25.91061
 -25.85934 -25.85934 -25.85934 -25.85934 -25.85934
 --------------------/ IPRT= 1  / IGRD= 1  /        / Z1=50   / DATE= 30.01.98  
 -24.34178 -24.34178 -24.34178 -24.34178 -24.34178
 -24.42278 -24.42278 -24.42278 -24.42278 -24.42278
 -24.50377 -24.50377 -24.50377 -24.50377 -24.50377
 -24.58475 -24.58475 -24.58475 -24.58475 -24.58475
 -24.66570 -24.66570 -24.66570 -24.66570 -24.66570
 -24.74665 -24.74664 -24.74664 -24.74664 -24.74665
 -24.82755 -24.82755 -24.82755 -24.82755 -24.82755
 -24.90840 -24.90839 -24.90839 -24.90839 -24.90839
 -24.98916 -24.98916 -24.98916 -24.98916 -24.98916
 -25.06981 -25.06981 -25.06981 -25.06981 -25.06981
 -25.15030 -25.15030 -25.15030 -25.15030 -25.15030
 -25.23055 -25.23055 -25.23055 -25.23055 -25.23055
 -25.31045 -25.31044 -25.31044 -25.31044 -25.31044
 -25.38981 -25.38981 -25.38981 -25.38981 -25.38981
 -25.46844 -25.46844 -25.46844 -25.46844 -25.46844
 -25.54587 -25.54587 -25.54587 -25.54587 -25.54587
 -25.61867 -25.61867 -25.61867 -25.61867 -25.61867
 -25.66784 -25.66784 -25.66784 -25.66784 -25.66784
 -25.66610 -25.66610 -25.66610 -25.66610 -25.66611
 -25.63319 -25.63320 -25.63321 -25.63321 -25.63321
 -25.61759 -25.61759 -25.61759 -25.61759 -25.61759
 -25.63997 -25.63997 -25.63997 -25.63997 -25.63998
 -25.69395 -25.69395 -25.69395 -25.69395 -25.69395
 -25.76357 -25.76356 -25.76356 -25.76357 -25.76358
 -25.83101 -25.83101 -25.83101 -25.83101 -25.83101
 -25.88088 -25.88088 -25.88088 -25.88088 -25.88088
 -25.90434 -25.90434 -25.90434 -25.90434 -25.90435
 -25.89992 -25.89992 -25.89992 -25.89992 -25.89992
 -25.87277 -25.87277 -25.87277 -25.87277 -25.87277
 -25.82883 -25.82883 -25.82883 -25.82883 -25.82883
 --------------------/ IPRT= 1  / IGRD= 1  /        / Z1=51   / DATE= 30.01.98  
 -24.26641 -24.26641 -24.26641 -24.26641 -24.26641
 -24.34742 -24.34742 -24.34742 -24.34742 -24.34742
 -24.42842 -24.42841 -24.42841 -24.42841 -24.42841
 -24.50940 -24.50940 -24.50940 -24.50940 -24.50940
 -24.59037 -24.59036 -24.59036 -24.59036 -24.59036
 -24.67131 -24.67131 -24.67131 -24.67131 -24.67131
 -24.75223 -24.75222 -24.75222 -24.75222 -24.75222
 -24.83310 -24.83310 -24.83310 -24.83310 -24.83309
 -24.91389 -24.91389 -24.91389 -24.91389 -24.91389
 -24.99459 -24.99460 -24.99460 -24.99460 -24.99460
 -25.07515 -25.07515 -25.07515 -25.07515 -25.07515
 -25.15549 -25.15549 -25.15549 -25.15549 -25.15549
 -25.23552 -25.23552 -25.23552 -25.23552 -25.23552
 -25.31511 -25.31510 -25.31510 -25.31510 -25.31510
 -25.39403 -25.39403 -25.39403 -25.39403 -25.39402
 -25.47197 -25.47196 -25.47196 -25.47196 -25.47196
 -25.54767 -25.54767 -25.54767 -25.54767 -25.54767
 -25.61518 -25.61518 -25.61518 -25.61518 -25.61518
 -25.66405 -25.66405 -25.66405 -25.66405 -25.66405
 -25.69550 -25.69550 -25.69550 -25.69550 -25.69550
 -25.72556 -25.72556 -25.72556 -25.72556 -25.72556
 -25.76564 -25.76564 -25.76564 -25.76564 -25.76564
 -25.81396 -25.81396 -25.81396 -25.81396 -25.81396
 -25.86191 -25.86191 -25.86191 -25.86191 -25.86191
 -25.89991 -25.89991 -25.89991 -25.89991 -25.89991
 -25.91992 -25.91991 -25.91991 -25.91991 -25.91992
 -25.91882 -25.91882 -25.91882 -25.91882 -25.91883
 -25.89756 -25.89756 -25.89756 -25.89756 -25.89755
 -25.86059 -25.86059 -25.86059 -25.86059 -25.86059
 -25.81177 -25.81177 -25.81177 -25.81177 -25.81177
 --------------------/ IPRT= 1  / IGRD= 1  /        / Z1=52   / DATE= 30.01.98  
 -24.20055 -24.20055 -24.20055 -24.20055 -24.20055
 -24.28155 -24.28155 -24.28155 -24.28155 -24.28156
 -24.36255 -24.36255 -24.36255 -24.36255 -24.36255
 -24.44354 -24.44354 -24.44354 -24.44354 -24.44354
 -24.52451 -24.52451 -24.52451 -24.52451 -24.52451
 -24.60547 -24.60547 -24.60547 -24.60547 -24.60547
 -24.68639 -24.68639 -24.68639 -24.68639 -24.68639
 -24.76728 -24.76728 -24.76728 -24.76728 -24.76728
 -24.84810 -24.84810 -24.84810 -24.84810 -24.84810
 -24.92883 -24.92883 -24.92883 -24.92883 -24.92883
 -25.00944 -25.00944 -25.00944 -25.00944 -25.00944
 -25.08985 -25.08985 -25.08985 -25.08985 -25.08985
 -25.17000 -25.16999 -25.16999 -25.16999 -25.16999
 -25.24972 -25.24972 -25.24972 -25.24972 -25.24972
 -25.32887 -25.32887 -25.32887 -25.32887 -25.32887
 -25.40716 -25.40716 -25.40716 -25.40716 -25.40716
 -25.48419 -25.48419 -25.48419 -25.48418 -25.48419
 -25.55941 -25.55941 -25.55941 -25.55940 -25.55941
 -25.63200 -25.63200 -25.63200 -25.63201 -25.63201
 -25.70084 -25.70084 -25.70084 -25.70084 -25.70084
 -25.76417 -25.76417 -25.76417 -25.76417 -25.76417
 -25.81776 -25.81776 -25.81776 -25.81776 -25.81776
 -25.85179 -25.85179 -25.85179 -25.85179 -25.85179
 -25.86078 -25.86078 -25.86078 -25.86078 -25.86078
 -25.85578 -25.85578 -25.85578 -25.85578 -25.85578
 -25.84898 -25.84898 -25.84898 -25.84898 -25.84898
 -25.84232 -25.84232 -25.84232 -25.84233 -25.84232
 -25.82982 -25.82982 -25.82982 -25.82982 -25.82983
 -25.80642 -25.80642 -25.80642 -25.80643 -25.80643
 -25.77007 -25.77007 -25.77007 -25.77007 -25.77007
 --------------------/ IPRT= 1  / IGRD= 1  /        / Z1=53   / DATE= 30.01.98  
 -23.62772 -23.62772 -23.62772 -23.62772 -23.62772
 -23.70873 -23.70873 -23.70873 -23.70873 -23.70873
 -23.78975 -23.78975 -23.78975 -23.78975 -23.78975
 -23.87075 -23.87075 -23.87075 -23.87075 -23.87075
 -23.95176 -23.95176 -23.95176 -23.95176 -23.95176
 -24.03276 -24.03275 -24.03275 -24.03275 -24.03275
 -24.11375 -24.11375 -24.11375 -24.11374 -24.11374
 -24.19473 -24.19473 -24.19473 -24.19473 -24.19473
 -24.27568 -24.27568 -24.27568 -24.27568 -24.27568
 -24.35663 -24.35662 -24.35662 -24.35663 -24.35663
 -24.43752 -24.43753 -24.43753 -24.43753 -24.43752
 -24.51837 -24.51837 -24.51837 -24.51837 -24.51837
 -24.59915 -24.59915 -24.59915 -24.59915 -24.59915
 -24.67981 -24.67981 -24.67981 -24.67981 -24.67981
 -24.76030 -24.76030 -24.76030 -24.76030 -24.76030
 -24.84056 -24.84056 -24.84056 -24.84056 -24.84056
 -24.92044 -24.92044 -24.92044 -24.92044 -24.92044
 -24.99981 -24.99981 -24.99981 -24.99981 -24.99981
 -25.07840 -25.07840 -25.07840 -25.07840 -25.07840
 -25.15585 -25.15585 -25.15585 -25.15585 -25.15585
 -25.23160 -25.23160 -25.23160 -25.23160 -25.23160
 -25.30447 -25.30447 -25.30447 -25.30447 -25.30447
 -25.37189 -25.37189 -25.37189 -25.37189 -25.37189
 -25.43113 -25.43112 -25.43112 -25.43112 -25.43112
 -25.48251 -25.48251 -25.48251 -25.48251 -25.48251
 -25.52703 -25.52703 -25.52703 -25.52703 -25.52703
 -25.56416 -25.56416 -25.56416 -25.56416 -25.56416
 -25.59109 -25.59109 -25.59109 -25.59109 -25.59109
 -25.60500 -25.60500 -25.60500 -25.60500 -25.60500
 -25.60427 -25.60427 -25.60427 -25.60427 -25.60427
 --------------------/ IPRT= 1  / IGRD= 1  /        / Z1=54   / DATE= 30.01.98  
 -23.36431 -23.36431 -23.36431 -23.36431 -23.36431
 -23.44532 -23.44532 -23.44532 -23.44532 -23.44532
 -23.52634 -23.52634 -23.52634 -23.52634 -23.52634
 -23.60735 -23.60735 -23.60735 -23.60735 -23.60735
 -23.68836 -23.68836 -23.68836 -23.68836 -23.68836
 -23.76937 -23.76936 -23.76936 -23.76936 -23.76936
 -23.85036 -23.85036 -23.85036 -23.85036 -23.85036
 -23.93136 -23.93136 -23.93136 -23.93136 -23.93136
 -24.01234 -24.01234 -24.01234 -24.01234 -24.01234
 -24.09332 -24.09332 -24.09332 -24.09332 -24.09332
 -24.17427 -24.17427 -24.17427 -24.17427 -24.17427
 -24.25519 -24.25519 -24.25519 -24.25519 -24.25519
 -24.33607 -24.33607 -24.33607 -24.33607 -24.33607
 -24.41689 -24.41689 -24.41689 -24.41689 -24.41689
 -24.49760 -24.49760 -24.49760 -24.49760 -24.49761
 -24.57819 -24.57819 -24.57819 -24.57819 -24.57819
 -24.65857 -24.65856 -24.65856 -24.65856 -24.65856
 -24.73865 -24.73865 -24.73865 -24.73865 -24.73865
 -24.81829 -24.81829 -24.81829 -24.81829 -24.81828
 -24.89727 -24.89727 -24.89727 -24.89727 -24.89727
 -24.97528 -24.97528 -24.97528 -24.97528 -24.97528
 -25.05185 -25.05185 -25.05185 -25.05185 -25.05185
 -25.12624 -25.12624 -25.12624 -25.12624 -25.12624
 -25.19741 -25.19741 -25.19741 -25.19741 -25.19741
 -25.26456 -25.26457 -25.26456 -25.26456 -25.26456
 -25.32583 -25.32583 -25.32583 -25.32583 -25.32583
 -25.37921 -25.37920 -25.37920 -25.37920 -25.37921
 -25.42253 -25.42253 -25.42253 -25.42253 -25.42253
 -25.45391 -25.45391 -25.45391 -25.45391 -25.45391
 -25.47206 -25.47206 -25.47206 -25.47206 -25.47206
