    6    5   35    1    6     /CARBON             /HORTON ET AL 1996           
================================================================================
  11.00000  12.00000  13.00000  14.00000  15.00000
   0.00000   0.13535   0.27071   0.40606   0.54142   0.67677   0.81213   0.94748
   1.08284   1.21819   1.35355   1.48890   1.62426   1.75961   1.89497   2.03032
   2.16568   2.30103   2.43638   2.57174   2.70709   2.84245   2.97780   3.11316
   3.24851   3.38387   3.51922   3.65458   3.78993   3.92529   4.06064   4.19600
   4.33135   4.46671   4.60206
---------------------/ IGRD= 1  / IPRT= 1  /--------/ Z1= 1   / DATE= 08/12/97  
 -30.14103 -30.07663 -29.97466 -29.84357 -29.77050
 -29.95771 -29.93983 -29.90414 -29.85458 -29.82827
 -29.54787 -29.55514 -29.55597 -29.55302 -29.55103
 -29.16324 -29.17543 -29.18296 -29.18846 -29.19256
 -28.90793 -28.92084 -28.92824 -28.93147 -28.93763
 -28.75414 -28.76923 -28.77747 -28.78172 -28.78972
 -28.68305 -28.69908 -28.70634 -28.71141 -28.71686
 -28.67046 -28.68615 -28.69333 -28.69743 -28.69921
 -28.70051 -28.71639 -28.72387 -28.72654 -28.72492
 -28.76687 -28.78307 -28.78971 -28.79215 -28.78784
 -28.86415 -28.87945 -28.88676 -28.88944 -28.88442
 -28.98645 -29.00066 -29.00958 -29.01245 -29.00708
 -29.12813 -29.14204 -29.15107 -29.15461 -29.14959
 -29.28202 -29.29638 -29.30449 -29.30888 -29.30491
 -29.44305 -29.45746 -29.46507 -29.46921 -29.46679
 -29.60855 -29.62258 -29.63070 -29.63419 -29.63252
 -29.76926 -29.78259 -29.79146 -29.79525 -29.79352
 -29.91098 -29.92246 -29.93066 -29.93474 -29.93384
 -30.03564 -30.04623 -30.05230 -30.05570 -30.05504
 -30.15714 -30.16723 -30.17090 -30.17333 -30.17257
 -30.27958 -30.28898 -30.29030 -30.29181 -30.29106
 -30.40123 -30.41002 -30.40894 -30.40943 -30.40864
 -30.52215 -30.53028 -30.52682 -30.52618 -30.52535
 -30.64195 -30.64938 -30.64353 -30.64171 -30.64080
 -30.76018 -30.76684 -30.75865 -30.75554 -30.75444
 -30.87626 -30.88209 -30.87162 -30.86711 -30.86562
 -30.98944 -30.99434 -30.98170 -30.97564 -30.97344
 -31.09869 -31.10252 -31.08790 -31.08015 -31.07663
 -31.20273 -31.20533 -31.18898 -31.17939 -31.17363
 -31.30034 -31.30154 -31.28380 -31.27222 -31.26298
 -31.38865 -31.38820 -31.36961 -31.35593 -31.34125
 -31.46919 -31.46694 -31.44792 -31.43211 -31.41030
 -31.54859 -31.54450 -31.52513 -31.50717 -31.47800
 -31.62813 -31.62220 -31.60247 -31.58237 -31.54584
 -31.70768 -31.69990 -31.67981 -31.65757 -31.61370
---------------------/ IGRD= 1  / IPRT= 1  /--------/ Z1= 2   / DATE= 08/12/97  
 -29.07922 -28.95995 -28.77148 -28.47223 -28.03461
 -29.17245 -29.10210 -28.97993 -28.77331 -28.44390
 -29.09282 -29.07499 -29.02455 -28.92156 -28.72321
 -28.88282 -28.90046 -28.90164 -28.87702 -28.79964
 -28.68583 -28.71925 -28.74078 -28.74872 -28.73802
 -28.56717 -28.60557 -28.62934 -28.64172 -28.65001
 -28.50908 -28.54828 -28.57151 -28.58671 -28.60238
 -28.50252 -28.54130 -28.56513 -28.58136 -28.59959
 -28.53507 -28.57399 -28.59694 -28.61051 -28.62613
 -28.59262 -28.63079 -28.65215 -28.66367 -28.67402
 -28.66438 -28.70018 -28.71999 -28.72920 -28.73240
 -28.74283 -28.77705 -28.79552 -28.80199 -28.80108
 -28.82878 -28.86080 -28.88003 -28.88458 -28.88376
 -28.92747 -28.95683 -28.97544 -28.98111 -28.98128
 -29.03628 -29.06382 -29.08119 -29.08910 -29.08987
 -29.15075 -29.17649 -29.19378 -29.20264 -29.20455
 -29.26747 -29.29029 -29.30676 -29.31569 -29.31882
 -29.37539 -29.39500 -29.40985 -29.41775 -29.42135
 -29.46355 -29.47919 -29.49188 -29.49819 -29.50143
 -29.52365 -29.53628 -29.54490 -29.55055 -29.55307
 -29.55426 -29.56367 -29.56885 -29.57382 -29.57518
 -29.55725 -29.56206 -29.56687 -29.56995 -29.56991
 -29.53666 -29.53971 -29.54328 -29.54493 -29.54498
 -29.50921 -29.51182 -29.51345 -29.51399 -29.51471
 -29.48177 -29.48399 -29.48362 -29.48308 -29.48447
 -29.45460 -29.45641 -29.45406 -29.45241 -29.45447
 -29.42751 -29.42891 -29.42456 -29.42180 -29.42453
 -29.40050 -29.40151 -29.39514 -29.39127 -29.39467
 -29.37355 -29.37415 -29.36577 -29.36077 -29.36484
 -29.34662 -29.34680 -29.33642 -29.33030 -29.33504
 -29.31969 -29.31947 -29.30707 -29.29984 -29.30525
 -29.29278 -29.29215 -29.27774 -29.26938 -29.27546
 -29.26586 -29.26483 -29.24841 -29.23891 -29.24568
 -29.23893 -29.23749 -29.21910 -29.20844 -29.21590
 -29.21200 -29.21016 -29.18978 -29.17796 -29.18612
---------------------/ IGRD= 1  / IPRT= 1  /--------/ Z1= 3   / DATE= 08/12/97  
 -28.26436 -28.15514 -27.95485 -27.61050 -27.08013
 -28.31887 -28.26049 -28.13663 -27.90031 -27.49816
 -28.27026 -28.26134 -28.20995 -28.08111 -27.82201
 -28.17569 -28.20080 -28.19995 -28.15268 -28.01959
 -28.10431 -28.14649 -28.17099 -28.16790 -28.11560
 -28.08210 -28.13134 -28.16561 -28.17996 -28.16505
 -28.10346 -28.15551 -28.19332 -28.21442 -28.21443
 -28.15271 -28.20405 -28.24247 -28.26539 -28.27125
 -28.21921 -28.26726 -28.30292 -28.32551 -28.33346
 -28.30250 -28.34683 -28.37879 -28.40072 -28.40972
 -28.40424 -28.44482 -28.47449 -28.49442 -28.50457
 -28.52339 -28.56042 -28.58818 -28.60609 -28.61692
 -28.65307 -28.68694 -28.71287 -28.73011 -28.74167
 -28.78439 -28.81521 -28.83869 -28.85523 -28.86713
 -28.90559 -28.93262 -28.95302 -28.96838 -28.97994
 -29.00633 -29.02894 -29.04624 -29.06032 -29.07200
 -29.08397 -29.10229 -29.11648 -29.12900 -29.14136
 -29.14150 -29.15568 -29.16668 -29.17744 -29.18917
 -29.18081 -29.19145 -29.19971 -29.20840 -29.21861
 -29.20191 -29.20959 -29.21573 -29.22218 -29.23028
 -29.20517 -29.21013 -29.21429 -29.21881 -29.22463
 -29.19166 -29.19433 -29.19662 -29.19981 -29.20355
 -29.16407 -29.16598 -29.16752 -29.16952 -29.17129
 -29.12685 -29.12806 -29.12888 -29.13025 -29.13137
 -29.08164 -29.08227 -29.08253 -29.08351 -29.08452
 -29.03132 -29.03203 -29.03222 -29.03271 -29.03314
 -28.97984 -28.98090 -28.98125 -28.98115 -28.98076
 -28.92855 -28.92991 -28.93038 -28.92973 -28.92857
 -28.87728 -28.87892 -28.87951 -28.87830 -28.87638
 -28.82594 -28.82788 -28.82858 -28.82684 -28.82414
 -28.77460 -28.77684 -28.77765 -28.77538 -28.77189
 -28.72323 -28.72577 -28.72671 -28.72391 -28.71964
 -28.67188 -28.67470 -28.67575 -28.67243 -28.66739
 -28.62052 -28.62362 -28.62479 -28.62096 -28.61515
 -28.56916 -28.57254 -28.57383 -28.56949 -28.56290
---------------------/ IGRD= 1  / IPRT= 1  /--------/ Z1= 4   / DATE= 08/12/97  
 -27.90039 -27.73628 -27.47804 -27.05447 -26.43381
 -28.04484 -27.92345 -27.72618 -27.39404 -26.88893
 -28.17748 -28.08784 -27.93785 -27.68475 -27.28408
 -28.30093 -28.23510 -28.12468 -27.93323 -27.62538
 -28.41548 -28.36816 -28.28853 -28.14531 -27.91397
 -28.52358 -28.49078 -28.43263 -28.32936 -28.15922
 -28.62613 -28.60358 -28.56241 -28.48910 -28.36713
 -28.72357 -28.70746 -28.68005 -28.62932 -28.54377
 -28.81622 -28.80359 -28.78710 -28.75256 -28.69551
 -28.89948 -28.88984 -28.88021 -28.85726 -28.82202
 -28.97766 -28.97227 -28.96574 -28.95241 -28.93095
 -29.01347 -29.01180 -29.00830 -29.00184 -28.99072
 -28.92810 -28.92814 -28.92793 -28.92607 -28.92489
 -28.69211 -28.69257 -28.69394 -28.69515 -28.69945
 -28.41771 -28.41893 -28.42044 -28.42285 -28.42892
 -28.22771 -28.22939 -28.23127 -28.23381 -28.24130
 -28.12873 -28.13001 -28.13224 -28.13530 -28.14315
 -28.10248 -28.10422 -28.10621 -28.10960 -28.11703
 -28.13097 -28.13291 -28.13508 -28.13803 -28.14551
 -28.19666 -28.19847 -28.20074 -28.20351 -28.21060
 -28.28480 -28.28670 -28.28836 -28.29116 -28.29788
 -28.38192 -28.38384 -28.38465 -28.38726 -28.39385
 -28.47521 -28.47612 -28.47720 -28.47998 -28.48410
 -28.55128 -28.55298 -28.55392 -28.55562 -28.55873
 -28.60438 -28.60533 -28.60626 -28.60697 -28.61026
 -28.62937 -28.62972 -28.63065 -28.63081 -28.63342
 -28.62739 -28.62862 -28.62898 -28.62862 -28.63048
 -28.61025 -28.60995 -28.60979 -28.60962 -28.61194
 -28.59083 -28.58868 -28.58801 -28.58813 -28.59107
 -28.57268 -28.56892 -28.56773 -28.56808 -28.57152
 -28.55407 -28.54861 -28.54690 -28.54749 -28.55150
 -28.53565 -28.52853 -28.52632 -28.52714 -28.53168
 -28.51724 -28.50845 -28.50574 -28.50680 -28.51186
 -28.49882 -28.48839 -28.48515 -28.48646 -28.49204
 -28.48040 -28.46832 -28.46457 -28.46612 -28.47222
---------------------/ IGRD= 1  / IPRT= 1  /--------/ Z1= 5   / DATE= 08/12/97  
 -27.26754 -27.15390 -26.93638 -26.59953 -26.04125
 -27.38111 -27.28227 -27.09483 -26.80176 -26.31480
 -27.49467 -27.41064 -27.25326 -27.00398 -26.58830
 -27.60825 -27.53902 -27.41174 -27.20627 -26.86191
 -27.72166 -27.66731 -27.56980 -27.40799 -27.13453
 -27.83286 -27.79282 -27.72144 -27.59992 -27.39152
 -27.93905 -27.91084 -27.85792 -27.76802 -27.61080
 -28.04164 -28.02139 -27.98255 -27.91636 -27.79913
 -28.14129 -28.12703 -28.09930 -28.05129 -27.96577
 -28.23729 -28.22792 -28.20827 -28.17411 -28.11275
 -28.32983 -28.32356 -28.31001 -28.28659 -28.24374
 -28.41645 -28.41259 -28.40340 -28.38785 -28.35906
 -28.46719 -28.46526 -28.46103 -28.45199 -28.43552
 -28.40629 -28.40704 -28.40865 -28.41004 -28.40797
 -28.21948 -28.22363 -28.23109 -28.24284 -28.25447
 -28.00920 -28.01554 -28.02744 -28.04402 -28.06411
 -27.86725 -27.87477 -27.88841 -27.90717 -27.93136
 -27.80371 -27.81294 -27.82632 -27.84644 -27.87251
 -27.80383 -27.81227 -27.82630 -27.84633 -27.87328
 -27.85058 -27.85821 -27.87217 -27.89198 -27.91842
 -27.92861 -27.93607 -27.94908 -27.96841 -27.99359
 -28.02460 -28.03129 -28.04342 -28.06111 -28.08513
 -28.12581 -28.13176 -28.14215 -28.15792 -28.17960
 -28.21986 -28.22454 -28.23319 -28.24713 -28.26453
 -28.29501 -28.29861 -28.30540 -28.31652 -28.33046
 -28.34419 -28.34704 -28.35257 -28.36002 -28.37053
 -28.36626 -28.36818 -28.37241 -28.37747 -28.38372
 -28.36291 -28.36422 -28.36603 -28.37013 -28.37392
 -28.34034 -28.34195 -28.34299 -28.34444 -28.34748
 -28.31029 -28.31267 -28.31417 -28.31181 -28.31484
 -28.27968 -28.28278 -28.28461 -28.27886 -28.28196
 -28.24761 -28.25150 -28.25382 -28.24469 -28.24800
 -28.21537 -28.22005 -28.22289 -28.21039 -28.21392
 -28.18315 -28.18862 -28.19197 -28.17610 -28.17985
 -28.15093 -28.15720 -28.16106 -28.14181 -28.14579
---------------------/ IGRD= 1  / IPRT= 1  /--------/ Z1= 6   / DATE= 08/12/97  
 -26.57488 -26.48653 -26.30437 -26.01493 -25.52093
 -26.67862 -26.60079 -26.44042 -26.18442 -25.74662
 -26.78238 -26.71506 -26.57649 -26.35394 -25.97234
 -26.88610 -26.82929 -26.71248 -26.52333 -26.19786
 -26.98994 -26.94371 -26.84880 -26.69325 -26.42424
 -27.09371 -27.05800 -26.98491 -26.86283 -26.65008
 -27.19608 -27.17000 -27.11688 -27.02599 -26.86548
 -27.29510 -27.27615 -27.23812 -27.17206 -27.05301
 -27.39158 -27.37727 -27.34996 -27.30204 -27.21406
 -27.48675 -27.47577 -27.45686 -27.42235 -27.35843
 -27.57948 -27.57162 -27.55892 -27.53364 -27.48830
 -27.66952 -27.66511 -27.65658 -27.63818 -27.60686
 -27.75774 -27.75621 -27.74999 -27.73766 -27.71460
 -27.84483 -27.84482 -27.83864 -27.83118 -27.81595
 -27.92861 -27.92788 -27.92450 -27.91984 -27.91017
 -28.00755 -28.00572 -28.00608 -28.00276 -27.99555
 -28.08118 -28.08000 -28.07967 -28.07734 -28.07330
 -28.14660 -28.14642 -28.14565 -28.14418 -28.14194
 -28.20253 -28.20256 -28.20242 -28.20142 -28.20034
 -28.24832 -28.24833 -28.24841 -28.24801 -28.24721
 -28.28286 -28.28287 -28.28286 -28.28293 -28.28224
 -28.30505 -28.30504 -28.30505 -28.30503 -28.30520
 -28.31451 -28.31451 -28.31451 -28.31450 -28.31449
 -28.31228 -28.31228 -28.31228 -28.31227 -28.31218
 -28.29977 -28.29977 -28.29977 -28.29976 -28.29977
 -28.27787 -28.27787 -28.27787 -28.27787 -28.27787
 -28.24859 -28.24859 -28.24859 -28.24859 -28.24859
 -28.21413 -28.21413 -28.21413 -28.21413 -28.21413
 -28.17415 -28.17415 -28.17415 -28.17415 -28.17415
 -28.12960 -28.12960 -28.12960 -28.12960 -28.12960
 -28.08328 -28.08328 -28.08328 -28.08328 -28.08328
 -28.03711 -28.03711 -28.03711 -28.03711 -28.03711
 -27.99096 -27.99096 -27.99096 -27.99096 -27.99096
 -27.94481 -27.94481 -27.94481 -27.94481 -27.94481
 -27.89867 -27.89867 -27.89867 -27.89867 -27.89867
