    6    5   35    1    6     /CARBON             /HORTON ET AL 1996           
================================================================================
  11.00000  12.00000  13.00000  14.00000  15.00000
   0.00000   0.13535   0.27071   0.40606   0.54142   0.67677   0.81213   0.94748
   1.08284   1.21819   1.35355   1.48890   1.62426   1.75961   1.89497   2.03032
   2.16568   2.30103   2.43638   2.57174   2.70709   2.84245   2.97780   3.11316
   3.24851   3.38387   3.51922   3.65458   3.78993   3.92529   4.06064   4.19600
   4.33135   4.46671   4.60206
---------------------/ IGRD= 1  / IPRT= 1  /--------/ Z1= 1   / DATE= 17/12/97  
 -74.00000 -74.00000 -74.00000 -74.00000 -74.00000
 -74.00000 -74.00000 -74.00000 -74.00000 -74.00000
 -74.00000 -74.00000 -74.00000 -74.00000 -74.00000
 -74.00000 -74.00000 -74.00000 -74.00000 -74.00000
 -74.00000 -74.00000 -74.00000 -74.00000 -74.00000
 -74.00000 -74.00000 -74.00000 -74.00000 -74.00000
 -74.00000 -74.00000 -74.00000 -74.00000 -74.00000
 -74.00000 -74.00000 -74.00000 -74.00000 -74.00000
 -74.00000 -74.00000 -74.00000 -74.00000 -74.00000
 -74.00000 -74.00000 -74.00000 -74.00000 -74.00000
 -74.00000 -74.00000 -74.00000 -74.00000 -74.00000
 -74.00000 -74.00000 -74.00000 -74.00000 -74.00000
 -74.00000 -74.00000 -74.00000 -74.00000 -74.00000
 -74.00000 -74.00000 -74.00000 -74.00000 -74.00000
 -74.00000 -74.00000 -74.00000 -74.00000 -74.00000
 -74.00000 -74.00000 -74.00000 -74.00000 -74.00000
 -74.00000 -74.00000 -74.00000 -74.00000 -74.00000
 -74.00000 -74.00000 -74.00000 -74.00000 -74.00000
 -74.00000 -74.00000 -74.00000 -74.00000 -74.00000
 -74.00000 -74.00000 -74.00000 -74.00000 -74.00000
 -74.00000 -74.00000 -74.00000 -74.00000 -74.00000
 -74.00000 -74.00000 -74.00000 -74.00000 -74.00000
 -74.00000 -74.00000 -74.00000 -74.00000 -74.00000
 -74.00000 -74.00000 -74.00000 -74.00000 -74.00000
 -74.00000 -74.00000 -74.00000 -74.00000 -74.00000
 -74.00000 -74.00000 -74.00000 -74.00000 -74.00000
 -74.00000 -74.00000 -74.00000 -74.00000 -74.00000
 -74.00000 -74.00000 -74.00000 -74.00000 -74.00000
 -74.00000 -74.00000 -74.00000 -74.00000 -74.00000
 -74.00000 -74.00000 -74.00000 -74.00000 -74.00000
 -74.00000 -74.00000 -74.00000 -74.00000 -74.00000
 -74.00000 -74.00000 -74.00000 -74.00000 -74.00000
 -74.00000 -74.00000 -74.00000 -74.00000 -74.00000
 -74.00000 -74.00000 -74.00000 -74.00000 -74.00000
 -74.00000 -74.00000 -74.00000 -74.00000 -74.00000
---------------------/ IGRD= 1  / IPRT= 1  /--------/ Z1= 2   / DATE= 17/12/97  
 -33.40579 -33.40601 -33.40726 -33.41821 -33.51505
 -32.18411 -32.18488 -32.18598 -32.19608 -32.28150
 -31.15915 -31.16318 -31.16389 -31.17253 -31.24781
 -30.47827 -30.48539 -30.48587 -30.49360 -30.55734
 -29.97853 -29.98765 -29.98872 -29.99420 -30.04510
 -29.51353 -29.52400 -29.52535 -29.52752 -29.56485
 -29.06641 -29.07669 -29.07625 -29.07811 -29.09997
 -28.66165 -28.67139 -28.67141 -28.67005 -28.67469
 -28.30315 -28.31365 -28.31400 -28.30807 -28.29542
 -27.98007 -27.99042 -27.98958 -27.98007 -27.95109
 -27.68172 -27.68984 -27.68799 -27.67431 -27.63192
 -27.39803 -27.40445 -27.40148 -27.38472 -27.33423
 -27.12778 -27.13291 -27.12881 -27.11307 -27.05901
 -26.87765 -26.88186 -26.87736 -26.86163 -26.80787
 -26.65075 -26.65349 -26.65007 -26.63419 -26.58242
 -26.44818 -26.44913 -26.44702 -26.43391 -26.38442
 -26.27373 -26.27436 -26.27236 -26.26081 -26.21430
 -26.12638 -26.12701 -26.12583 -26.11440 -26.06952
 -26.00188 -26.00265 -25.99961 -25.98947 -25.94623
 -25.88617 -25.88677 -25.88485 -25.87622 -25.83497
 -25.77448 -25.77485 -25.77473 -25.76681 -25.72761
 -25.66717 -25.66762 -25.66527 -25.65759 -25.61982
 -25.55926 -25.55951 -25.55779 -25.55155 -25.51337
 -25.45120 -25.45111 -25.45171 -25.44740 -25.40804
 -25.34377 -25.34333 -25.34633 -25.34398 -25.30335
 -25.23685 -25.23606 -25.24141 -25.24098 -25.19911
 -25.13025 -25.12910 -25.13682 -25.13830 -25.09518
 -25.02389 -25.02239 -25.03249 -25.03587 -24.99149
 -24.91770 -24.91587 -24.92834 -24.93363 -24.88798
 -24.81164 -24.80948 -24.82431 -24.83151 -24.78459
 -24.70569 -24.70319 -24.72039 -24.72949 -24.68130
 -24.59979 -24.59697 -24.61654 -24.62753 -24.57808
 -24.49391 -24.49075 -24.51271 -24.52558 -24.47487
 -24.38802 -24.38454 -24.40887 -24.42363 -24.37167
 -24.28213 -24.27832 -24.30503 -24.32168 -24.26846
---------------------/ IGRD= 1  / IPRT= 1  /--------/ Z1= 3   / DATE= 17/12/97  
 -25.95355 -25.95911 -25.95918 -25.95980 -25.97945
 -25.92890 -25.93488 -25.93448 -25.93525 -25.95111
 -25.90504 -25.90963 -25.91029 -25.91064 -25.92199
 -25.88090 -25.88279 -25.88526 -25.88524 -25.89167
 -25.85386 -25.85517 -25.85759 -25.85741 -25.86211
 -25.82456 -25.82728 -25.82799 -25.82778 -25.83279
 -25.79575 -25.79916 -25.79896 -25.79901 -25.80105
 -25.76525 -25.77037 -25.77000 -25.76954 -25.76874
 -25.73356 -25.73796 -25.73788 -25.73739 -25.73516
 -25.70076 -25.70282 -25.70283 -25.70310 -25.70026
 -25.66544 -25.66692 -25.66712 -25.66729 -25.66416
 -25.62712 -25.62896 -25.62991 -25.62890 -25.62514
 -25.58553 -25.58875 -25.58929 -25.58747 -25.58336
 -25.54134 -25.54427 -25.54451 -25.54297 -25.53848
 -25.49274 -25.49479 -25.49509 -25.49389 -25.48873
 -25.43789 -25.44006 -25.44023 -25.43879 -25.43303
 -25.37823 -25.37954 -25.37985 -25.37872 -25.37266
 -25.31354 -25.31525 -25.31543 -25.31429 -25.30744
 -25.24352 -25.24589 -25.24590 -25.24469 -25.23724
 -25.16733 -25.16955 -25.16944 -25.16827 -25.15972
 -25.08296 -25.08506 -25.08488 -25.08363 -25.07424
 -24.98808 -24.99060 -24.99051 -24.98924 -24.97960
 -24.88144 -24.88293 -24.88319 -24.88293 -24.87043
 -24.76237 -24.76480 -24.76435 -24.76307 -24.74936
 -24.62761 -24.63126 -24.63030 -24.62747 -24.61348
 -24.48187 -24.48494 -24.48455 -24.48149 -24.46583
 -24.33364 -24.33536 -24.33591 -24.33323 -24.31508
 -24.18589 -24.18646 -24.18785 -24.18541 -24.16497
 -24.03816 -24.03756 -24.03981 -24.03760 -24.01488
 -23.89034 -23.88854 -23.89166 -23.88971 -23.86467
 -23.74254 -23.73957 -23.74355 -23.74185 -23.71450
 -23.59474 -23.59058 -23.59541 -23.59397 -23.56431
 -23.44694 -23.44159 -23.44728 -23.44609 -23.41413
 -23.29914 -23.29260 -23.29914 -23.29820 -23.26394
 -23.15134 -23.14361 -23.15100 -23.15032 -23.11375
---------------------/ IGRD= 1  / IPRT= 1  /--------/ Z1= 4   / DATE= 17/12/97  
 -25.98567 -25.98568 -25.98573 -25.98726 -26.01268
 -25.93700 -25.93700 -25.93707 -25.93864 -25.95857
 -25.89099 -25.89100 -25.89114 -25.89257 -25.91139
 -25.84685 -25.84683 -25.84659 -25.84900 -25.86716
 -25.80189 -25.80185 -25.80138 -25.80464 -25.81989
 -25.75173 -25.75171 -25.75153 -25.75408 -25.76573
 -25.69140 -25.69140 -25.69144 -25.69283 -25.70110
 -25.61363 -25.61363 -25.61364 -25.61363 -25.62080
 -25.51351 -25.51351 -25.51348 -25.51315 -25.51787
 -25.39055 -25.39055 -25.39056 -25.39058 -25.39189
 -25.25247 -25.25247 -25.25247 -25.25246 -25.25249
 -25.11520 -25.11520 -25.11520 -25.11520 -25.11511
 -24.98934 -24.98934 -24.98934 -24.98933 -24.98950
 -24.87424 -24.87424 -24.87424 -24.87414 -24.87285
 -24.76410 -24.76411 -24.76412 -24.76413 -24.76119
 -24.65419 -24.65424 -24.65429 -24.65457 -24.65154
 -24.54657 -24.54665 -24.54658 -24.54665 -24.54283
 -24.44383 -24.44393 -24.44331 -24.44311 -24.43877
 -24.34774 -24.34787 -24.34733 -24.34710 -24.34212
 -24.26235 -24.26252 -24.26238 -24.26212 -24.25657
 -24.18815 -24.18834 -24.18843 -24.18796 -24.18207
 -24.12293 -24.12312 -24.12319 -24.12228 -24.11628
 -24.06371 -24.06387 -24.06392 -24.06289 -24.05652
 -24.00497 -24.00511 -24.00515 -24.00519 -23.99652
 -23.94171 -23.94183 -23.94187 -23.94262 -23.93464
 -23.87145 -23.87155 -23.87154 -23.87091 -23.86420
 -23.79127 -23.79134 -23.79128 -23.78982 -23.78251
 -23.70155 -23.70162 -23.70165 -23.70223 -23.69512
 -23.61066 -23.61071 -23.61085 -23.61386 -23.60704
 -23.52044 -23.52049 -23.52073 -23.52594 -23.51933
 -23.43004 -23.43009 -23.43043 -23.43793 -23.43155
 -23.33976 -23.33980 -23.34024 -23.35000 -23.34384
 -23.24949 -23.24952 -23.25006 -23.26208 -23.25614
 -23.15923 -23.15925 -23.15989 -23.17416 -23.16844
 -23.06897 -23.06897 -23.06971 -23.08624 -23.08073
---------------------/ IGRD= 1  / IPRT= 1  /--------/ Z1= 5   / DATE= 17/12/97  
 -24.61897 -24.71265 -24.72651 -24.73596 -24.76952
 -24.59460 -24.67534 -24.68722 -24.69624 -24.72760
 -24.57022 -24.63801 -24.64793 -24.65652 -24.68567
 -24.54591 -24.60071 -24.60863 -24.61683 -24.64376
 -24.52116 -24.56335 -24.56936 -24.57704 -24.60181
 -24.49291 -24.52543 -24.53006 -24.53677 -24.55978
 -24.45740 -24.48627 -24.49060 -24.49576 -24.51780
 -24.42090 -24.44712 -24.45114 -24.45572 -24.47691
 -24.38538 -24.41033 -24.41397 -24.41812 -24.43907
 -24.35093 -24.37655 -24.37979 -24.38398 -24.40388
 -24.31903 -24.34526 -24.34836 -24.35279 -24.37067
 -24.28912 -24.31613 -24.31958 -24.32298 -24.33979
 -24.25938 -24.28810 -24.29133 -24.29442 -24.30947
 -24.22873 -24.25873 -24.26201 -24.26488 -24.27877
 -24.19529 -24.22617 -24.23012 -24.23226 -24.24493
 -24.15661 -24.18896 -24.19325 -24.19485 -24.20535
 -24.11122 -24.14542 -24.14916 -24.15111 -24.16002
 -24.05938 -24.09524 -24.09902 -24.10091 -24.10829
 -24.00339 -24.03917 -24.04388 -24.04513 -24.05120
 -23.93831 -23.97648 -23.98005 -23.98088 -23.98566
 -23.86226 -23.90390 -23.90671 -23.90711 -23.91102
 -23.77674 -23.81877 -23.82454 -23.82413 -23.82791
 -23.68336 -23.72497 -23.73208 -23.73174 -23.73492
 -23.58210 -23.62718 -23.63273 -23.63292 -23.63482
 -23.47663 -23.52509 -23.53034 -23.53036 -23.53174
 -23.36851 -23.41925 -23.42536 -23.42532 -23.42690
 -23.26086 -23.31457 -23.32106 -23.32173 -23.32283
 -23.15917 -23.21639 -23.22342 -23.22475 -23.22479
 -23.06570 -23.12763 -23.13513 -23.13619 -23.13654
 -22.97539 -23.04256 -23.05045 -23.05081 -23.05221
 -22.88469 -22.95704 -22.96532 -22.96506 -22.96737
 -22.79414 -22.87171 -22.88038 -22.87946 -22.88276
 -22.70362 -22.78641 -22.79547 -22.79390 -22.79817
 -22.61310 -22.70111 -22.71056 -22.70833 -22.71358
 -22.52258 -22.61580 -22.62565 -22.62276 -22.62900
---------------------/ IGRD= 1  / IPRT= 1  /--------/ Z1= 6   / DATE= 17/12/97  
 -28.29570 -28.29570 -28.29570 -28.29570 -28.29576
 -27.99286 -27.99286 -27.99286 -27.99287 -27.99291
 -27.69004 -27.69004 -27.69004 -27.69005 -27.69009
 -27.38720 -27.38720 -27.38720 -27.38720 -27.38722
 -27.08445 -27.08445 -27.08445 -27.08445 -27.08445
 -26.78161 -26.78161 -26.78161 -26.78161 -26.78161
 -26.47807 -26.47807 -26.47807 -26.47808 -26.47809
 -26.17370 -26.17370 -26.17370 -26.17370 -26.17376
 -25.87280 -25.87280 -25.87280 -25.87280 -25.87281
 -25.58273 -25.58273 -25.58273 -25.58273 -25.58267
 -25.30680 -25.30680 -25.30680 -25.30680 -25.30680
 -25.04232 -25.04232 -25.04232 -25.04232 -25.04235
 -24.78906 -24.78906 -24.78906 -24.78906 -24.78904
 -24.54888 -24.54888 -24.54888 -24.54889 -24.54894
 -24.32315 -24.32315 -24.32315 -24.32316 -24.32320
 -24.11327 -24.11327 -24.11327 -24.11327 -24.11323
 -23.92027 -23.92027 -23.92027 -23.92027 -23.92032
 -23.74174 -23.74174 -23.74174 -23.74176 -23.74182
 -23.57775 -23.57775 -23.57775 -23.57772 -23.57904
 -23.42618 -23.42618 -23.42618 -23.42616 -23.42724
 -23.28718 -23.28718 -23.28718 -23.28719 -23.28714
 -23.16221 -23.16221 -23.16221 -23.16221 -23.16226
 -23.04988 -23.04988 -23.04988 -23.04989 -23.04995
 -22.94446 -22.94446 -22.94446 -22.94448 -22.94495
 -22.84338 -22.84338 -22.84338 -22.84341 -22.84336
 -22.74118 -22.74118 -22.74117 -22.74112 -22.74179
 -22.63646 -22.63646 -22.63650 -22.63686 -22.63850
 -22.53184 -22.53184 -22.53198 -22.53309 -22.53330
 -22.42594 -22.42594 -22.42597 -22.42617 -22.42614
 -22.31820 -22.31820 -22.31817 -22.31791 -22.31811
 -22.20964 -22.20964 -22.20970 -22.21013 -22.21003
 -22.10116 -22.10116 -22.10128 -22.10223 -22.10193
 -21.99269 -21.99269 -21.99286 -21.99431 -21.99383
 -21.88421 -21.88421 -21.88445 -21.88638 -21.88572
 -21.77574 -21.77574 -21.77603 -21.77846 -21.77762
