    1    5   50    1    1 F: Be 75. Si3N4 0.055 Si 0.7 A:Si 3. 200. 380.       
================================================================================
  11.00000  12.00000  13.00000  14.00000  15.00000
   0.00000   0.09590   0.19179   0.28769   0.38359   0.47949   0.57538   0.67128
   0.76718   0.86308   0.95897   1.05487   1.15077   1.24667   1.34256   1.43846
   1.53436   1.63025   1.72615   1.82205   1.91795   2.01384   2.10974   2.20564
   2.30154   2.39743   2.49333   2.58923   2.68513   2.78102   2.87692   2.97282
   3.06872   3.16461   3.26051   3.35641   3.45230   3.54820   3.64410   3.74000
   3.83589   3.93179   4.02769   4.12359   4.21948   4.31538   4.41128   4.50718
   4.60307   4.69897
================================================================================
 -60.00000 -60.00000 -60.00000 -60.00000 -60.00000
 -60.00000 -60.00000 -60.00000 -60.00000 -60.00000
 -60.00000 -60.00000 -60.00000 -60.00000 -60.00000
 -60.00000 -60.00000 -60.00000 -60.00000 -60.00000
 -60.00000 -60.00000 -60.00000 -60.00000 -60.00000
 -60.00000 -60.00000 -60.00000 -60.00000 -60.00000
 -60.00000 -60.00000 -60.00000 -60.00000 -60.00000
 -60.00000 -60.00000 -60.00000 -60.00000 -60.00000
 -60.00000 -60.00000 -60.00000 -60.00000 -60.00000
 -60.00000 -60.00000 -60.00000 -60.00000 -60.00000
 -60.00000 -60.00000 -60.00000 -60.00000 -60.00000
 -60.00000 -60.00000 -60.00000 -60.00000 -60.00000
 -60.00000 -60.00000 -60.00000 -60.00000 -60.00000
 -57.41835 -57.41835 -57.41835 -57.41835 -57.41835
 -53.31448 -53.31449 -53.31451 -53.31453 -53.31453
 -49.81808 -49.81811 -49.81824 -49.81840 -49.81840
 -46.82734 -46.82743 -46.82783 -46.82832 -46.82832
 -44.27845 -44.27861 -44.27930 -44.27930 -44.28017
 -42.12488 -42.12508 -42.12541 -42.12597 -42.12709
 -40.31345 -40.31382 -40.31417 -40.31477 -40.31596
 -38.78953 -38.78988 -38.79021 -38.79079 -38.79192
 -37.50315 -37.50347 -37.50376 -37.50428 -37.50529
 -36.41626 -36.41653 -36.41678 -36.41721 -36.41807
 -35.49661 -35.49682 -35.49703 -35.49739 -35.49808
 -34.71622 -34.71639 -34.71655 -34.71684 -34.71739
 -34.05168 -34.05181 -34.05194 -34.05216 -34.05260
 -33.48230 -33.48240 -33.48250 -33.48267 -33.48301
 -32.99209 -32.99217 -32.99224 -32.99237 -32.99262
 -32.56746 -32.56749 -32.56758 -32.56767 -32.56786
 -32.19789 -32.19792 -32.19799 -32.19806 -32.19821
 -31.87597 -31.87599 -31.87604 -31.87610 -31.87620
 -31.59516 -31.59517 -31.59521 -31.59525 -31.59533
 -31.34993 -31.34995 -31.34997 -31.35000 -31.35006
 -31.13569 -31.13570 -31.13572 -31.13574 -31.13578
 -30.94885 -30.94886 -30.94887 -30.94889 -30.94892
 -30.78633 -30.78633 -30.78634 -30.78635 -30.78638
 -30.64539 -30.64539 -30.64540 -30.64541 -30.64542
 -30.52380 -30.52380 -30.52380 -30.52381 -30.52381
 -30.41973 -30.41973 -30.41973 -30.41974 -30.41974
 -30.33150 -30.33150 -30.33150 -30.33151 -30.33151
 -30.25757 -30.25757 -30.25758 -30.25758 -30.25758
 -30.19652 -30.19652 -30.19652 -30.19652 -30.19652
 -30.14700 -30.14700 -30.14700 -30.14700 -30.14700
 -30.10776 -30.10776 -30.10776 -30.10776 -30.10776
 -30.07764 -30.07764 -30.07764 -30.07764 -30.07764
 -30.05557 -30.05557 -30.05557 -30.05557 -30.05557
 -30.04057 -30.04057 -30.04057 -30.04057 -30.04057
 -30.03177 -30.03177 -30.03177 -30.03177 -30.03177
 -30.02838 -30.02838 -30.02838 -30.02838 -30.02838
 -30.02973 -30.02973 -30.02973 -30.02973 -30.02973
