    6    5   50    1    6 F: Be 75. Si3N4 0.055 Si 0.7 A:Si 3. 200. 380.       
================================================================================
  11.00000  12.00000  13.00000  14.00000  15.00000
   0.00000   0.09590   0.19179   0.28769   0.38359   0.47949   0.57538   0.67128
   0.76718   0.86308   0.95897   1.05487   1.15077   1.24667   1.34256   1.43846
   1.53436   1.63025   1.72615   1.82205   1.91795   2.01384   2.10974   2.20564
   2.30154   2.39743   2.49333   2.58923   2.68513   2.78102   2.87692   2.97282
   3.06872   3.16461   3.26051   3.35641   3.45230   3.54820   3.64410   3.74000
   3.83589   3.93179   4.02769   4.12359   4.21948   4.31538   4.41128   4.50718
   4.60307   4.69897
================================================================================
 -59.99998 -59.99999 -59.99999 -59.99999 -59.99999
 -59.99990 -59.99993 -59.99995 -59.99996 -59.99997
 -59.99966 -59.99975 -59.99982 -59.99987 -59.99991
 -59.99910 -59.99935 -59.99953 -59.99966 -59.99975
 -59.99808 -59.99860 -59.99899 -59.99927 -59.99947
 -59.99658 -59.99751 -59.99819 -59.99869 -59.99905
 -59.99479 -59.99620 -59.99724 -59.99800 -59.99855
 -59.99303 -59.99492 -59.99630 -59.99732 -59.99806
 -59.99166 -59.99391 -59.99557 -59.99679 -59.99768
 -59.99089 -59.99335 -59.99516 -59.99649 -59.99746
 -59.99078 -59.99327 -59.99510 -59.99645 -59.99743
 -59.99123 -59.99360 -59.99534 -59.99662 -59.99755
 -59.99208 -59.99421 -59.99579 -59.99694 -59.99779
 -57.41845 -57.41846 -57.41846 -57.41847 -57.41847
 -53.31640 -53.31640 -53.31642 -53.31645 -53.31645
 -49.82924 -49.82927 -49.82940 -49.82957 -49.82957
 -46.85843 -46.85853 -46.85895 -46.85947 -46.85947
 -44.33048 -44.33066 -44.33144 -44.33144 -44.33242
 -42.18836 -42.18860 -42.18898 -42.18963 -42.19092
 -40.37773 -40.37816 -40.37856 -40.37926 -40.38065
 -38.84755 -38.84795 -38.84833 -38.84899 -38.85029
 -37.55233 -37.55268 -37.55301 -37.55359 -37.55472
 -36.45599 -36.45628 -36.45656 -36.45703 -36.45797
 -35.52768 -35.52791 -35.52813 -35.52851 -35.52926
 -34.74015 -34.74033 -34.74051 -34.74081 -34.74140
 -34.06979 -34.06993 -34.07006 -34.07029 -34.07075
 -33.49591 -33.49602 -33.49612 -33.49630 -33.49665
 -33.00203 -33.00211 -33.00219 -33.00232 -33.00258
 -32.57463 -32.57466 -32.57475 -32.57485 -32.57504
 -32.20317 -32.20320 -32.20327 -32.20334 -32.20349
 -31.87980 -31.87982 -31.87987 -31.87993 -31.88004
 -31.59788 -31.59790 -31.59794 -31.59798 -31.59805
 -31.35186 -31.35187 -31.35190 -31.35193 -31.35198
 -31.13710 -31.13711 -31.13713 -31.13715 -31.13720
 -30.94988 -30.94989 -30.94990 -30.94992 -30.94995
 -30.78704 -30.78705 -30.78705 -30.78707 -30.78709
 -30.64588 -30.64589 -30.64589 -30.64590 -30.64592
 -30.52416 -30.52416 -30.52416 -30.52417 -30.52417
 -30.41999 -30.41999 -30.42000 -30.42000 -30.42000
 -30.33169 -30.33169 -30.33169 -30.33169 -30.33170
 -30.25771 -30.25771 -30.25771 -30.25771 -30.25771
 -30.19661 -30.19661 -30.19661 -30.19661 -30.19662
 -30.14706 -30.14706 -30.14706 -30.14706 -30.14707
 -30.10780 -30.10780 -30.10780 -30.10780 -30.10781
 -30.07767 -30.07767 -30.07767 -30.07767 -30.07767
 -30.05559 -30.05559 -30.05559 -30.05559 -30.05559
 -30.04058 -30.04058 -30.04058 -30.04058 -30.04058
 -30.03178 -30.03178 -30.03178 -30.03178 -30.03178
 -30.02839 -30.02839 -30.02839 -30.02839 -30.02839
 -30.02973 -30.02973 -30.02973 -30.02973 -30.02973
================================================================================
 -59.99999 -59.99999 -59.99999 -59.99999 -60.00000
 -59.99987 -59.99991 -59.99993 -59.99995 -59.99996
 -59.99928 -59.99947 -59.99962 -59.99972 -59.99980
 -59.99733 -59.99804 -59.99857 -59.99896 -59.99925
 -59.99281 -59.99471 -59.99613 -59.99719 -59.99796
 -59.98504 -59.98896 -59.99191 -59.99411 -59.99573
 -59.97441 -59.98100 -59.98604 -59.98983 -59.99264
 -59.96192 -59.97145 -59.97894 -59.98469 -59.98899
 -59.94845 -59.96082 -59.97093 -59.97896 -59.98504
 -59.93475 -59.94957 -59.96232 -59.97286 -59.98099
 -59.92203 -59.93870 -59.95383 -59.96687 -59.97713
 -59.91196 -59.92969 -59.94664 -59.96179 -59.97395
 -59.90604 -59.92401 -59.94192 -59.95845 -59.97194
 -56.65771 -56.65772 -56.65773 -56.65774 -56.65775
 -52.55040 -52.55042 -52.55044 -52.55051 -52.55058
 -49.04514 -49.04523 -49.04541 -49.04582 -49.04627
 -46.04119 -46.04155 -46.04207 -46.04327 -46.04458
 -43.48288 -43.48351 -43.48441 -43.48650 -43.48877
 -41.32700 -41.32781 -41.32898 -41.33001 -41.33459
 -39.51854 -39.51943 -39.52070 -39.52182 -39.52678
 -38.00035 -38.00122 -38.00246 -38.00355 -38.00839
 -36.72107 -36.72187 -36.72301 -36.72402 -36.72845
 -35.64250 -35.64290 -35.64420 -35.64509 -35.64650
 -34.73196 -34.73242 -34.73302 -34.73427 -34.73547
 -33.96121 -33.96159 -33.96210 -33.96314 -33.96413
 -33.30670 -33.30701 -33.30742 -33.30827 -33.30908
 -32.74742 -32.74768 -32.74801 -32.74870 -32.74936
 -32.26764 -32.26784 -32.26811 -32.26865 -32.26917
 -31.85340 -31.85356 -31.85376 -31.85419 -31.85459
 -31.49380 -31.49395 -31.49411 -31.49445 -31.49477
 -31.18170 -31.18178 -31.18195 -31.18221 -31.18246
 -30.91044 -30.91050 -30.91063 -30.91083 -30.91102
 -30.67428 -30.67432 -30.67442 -30.67448 -30.67471
 -30.46842 -30.46845 -30.46853 -30.46857 -30.46875
 -30.28936 -30.28939 -30.28942 -30.28948 -30.28962
 -30.13406 -30.13408 -30.13410 -30.13415 -30.13425
 -29.99968 -29.99969 -29.99971 -29.99974 -29.99982
 -29.88395 -29.88396 -29.88398 -29.88400 -29.88406
 -29.78514 -29.78515 -29.78516 -29.78518 -29.78522
 -29.70160 -29.70160 -29.70161 -29.70163 -29.70164
 -29.63183 -29.63183 -29.63184 -29.63185 -29.63186
 -29.57443 -29.57444 -29.57444 -29.57445 -29.57446
 -29.52812 -29.52812 -29.52812 -29.52813 -29.52813
 -29.49166 -29.49166 -29.49166 -29.49167 -29.49167
 -29.46394 -29.46394 -29.46394 -29.46394 -29.46394
 -29.44391 -29.44391 -29.44392 -29.44392 -29.44392
 -29.43066 -29.43066 -29.43066 -29.43066 -29.43066
 -29.42333 -29.42333 -29.42333 -29.42333 -29.42333
 -29.42117 -29.42117 -29.42117 -29.42117 -29.42117
 -29.42353 -29.42353 -29.42353 -29.42353 -29.42353
================================================================================
 -59.99684 -59.99767 -59.99829 -59.99875 -59.99909
 -59.98931 -59.99208 -59.99418 -59.99574 -59.99690
 -59.97358 -59.98033 -59.98548 -59.98936 -59.99224
 -59.94944 -59.96208 -59.97186 -59.97928 -59.98483
 -59.92098 -59.94024 -59.95535 -59.96695 -59.97572
 -59.89432 -59.91946 -59.93944 -59.95496 -59.96678
 -59.87423 -59.90355 -59.92709 -59.94555 -59.95972
 -59.86218 -59.89365 -59.91915 -59.93934 -59.95503
 -59.85591 -59.88762 -59.91365 -59.93470 -59.95146
 -59.85084 -59.88125 -59.90686 -59.92846 -59.94656
 -59.84307 -59.87115 -59.89587 -59.91820 -59.93838
 -59.83216 -59.85746 -59.88114 -59.90440 -59.92722
 -59.82112 -59.84362 -59.86615 -59.89018 -59.91551
 -56.24572 -56.24573 -56.24574 -56.24575 -56.24576
 -52.11426 -52.11429 -52.11433 -52.11439 -52.11454
 -48.53931 -48.53941 -48.53964 -48.53998 -48.54078
 -45.45545 -45.45572 -45.45627 -45.45709 -45.45902
 -42.85518 -42.85560 -42.85649 -42.85777 -42.85892
 -40.69430 -40.69495 -40.69608 -40.69772 -40.69919
 -38.90110 -38.90184 -38.90312 -38.90497 -38.90661
 -37.40680 -37.40757 -37.40889 -37.41081 -37.41252
 -36.15244 -36.15320 -36.15394 -36.15639 -36.15806
 -35.09812 -35.09859 -35.09953 -35.10078 -35.10337
 -34.20975 -34.21027 -34.21111 -34.21224 -34.21457
 -33.45782 -33.45828 -33.45902 -33.46001 -33.46205
 -32.81962 -32.82001 -32.82065 -32.82150 -32.82325
 -32.27403 -32.27436 -32.27490 -32.27562 -32.27711
 -31.80682 -31.80710 -31.80755 -31.80814 -31.80937
 -31.40357 -31.40376 -31.40419 -31.40467 -31.40567
 -31.05306 -31.05322 -31.05345 -31.05397 -31.05479
 -30.74943 -30.74955 -30.74974 -30.75017 -30.75083
 -30.48625 -30.48635 -30.48650 -30.48683 -30.48704
 -30.25753 -30.25762 -30.25774 -30.25788 -30.25816
 -30.05832 -30.05839 -30.05849 -30.05861 -30.05883
 -29.88555 -29.88559 -29.88568 -29.88577 -29.88594
 -29.73632 -29.73635 -29.73642 -29.73649 -29.73663
 -29.60754 -29.60757 -29.60760 -29.60767 -29.60777
 -29.49682 -29.49684 -29.49686 -29.49692 -29.49700
 -29.40259 -29.40261 -29.40263 -29.40267 -29.40273
 -29.32322 -29.32323 -29.32325 -29.32328 -29.32333
 -29.25722 -29.25723 -29.25725 -29.25727 -29.25731
 -29.20321 -29.20322 -29.20323 -29.20324 -29.20327
 -29.15989 -29.15989 -29.15990 -29.15991 -29.15993
 -29.12606 -29.12606 -29.12607 -29.12607 -29.12608
 -29.10062 -29.10062 -29.10062 -29.10063 -29.10063
 -29.08256 -29.08256 -29.08256 -29.08257 -29.08257
 -29.07098 -29.07098 -29.07098 -29.07098 -29.07099
 -29.06507 -29.06507 -29.06507 -29.06507 -29.06507
 -29.06410 -29.06410 -29.06410 -29.06410 -29.06410
 -29.06744 -29.06744 -29.06744 -29.06744 -29.06744
================================================================================
 -60.00000 -60.00000 -60.00000 -60.00000 -60.00000
 -60.00000 -60.00000 -60.00000 -60.00000 -60.00000
 -60.00000 -60.00000 -60.00000 -60.00000 -60.00000
 -60.00000 -60.00000 -60.00000 -60.00000 -60.00000
 -60.00000 -60.00000 -60.00000 -60.00000 -60.00000
 -60.00000 -60.00000 -60.00000 -60.00000 -60.00000
 -60.00000 -60.00000 -60.00000 -60.00000 -60.00000
 -60.00000 -60.00000 -60.00000 -60.00000 -60.00000
 -60.00000 -60.00000 -60.00000 -60.00000 -60.00000
 -60.00000 -60.00000 -60.00000 -60.00000 -60.00000
 -60.00000 -60.00000 -60.00000 -60.00000 -60.00000
 -60.00000 -60.00000 -60.00000 -60.00000 -60.00000
 -59.99991 -59.99991 -59.99991 -59.99991 -59.99991
 -55.95851 -55.95851 -55.95852 -55.95852 -55.95853
 -51.73959 -51.73962 -51.73965 -51.73973 -51.73987
 -48.01528 -48.01536 -48.01550 -48.01582 -48.01602
 -44.84525 -44.84543 -44.84570 -44.84632 -44.84673
 -42.22727 -42.22758 -42.22799 -42.22852 -42.22955
 -40.08119 -40.08149 -40.08215 -40.08284 -40.08419
 -38.31549 -38.31584 -38.31664 -38.31748 -38.31910
 -36.85367 -36.85407 -36.85466 -36.85590 -36.85771
 -35.63178 -35.63228 -35.63290 -35.63422 -35.63614
 -34.60932 -34.60983 -34.61046 -34.61179 -34.61372
 -33.75100 -33.75135 -33.75210 -33.75339 -33.75526
 -33.02539 -33.02572 -33.02642 -33.02764 -33.02938
 -32.41049 -32.41080 -32.41144 -32.41254 -32.41413
 -31.88459 -31.88487 -31.88544 -31.88600 -31.88785
 -31.43547 -31.43571 -31.43604 -31.43669 -31.43757
 -31.04781 -31.04795 -31.04829 -31.04885 -31.04959
 -30.70937 -30.70949 -30.70978 -30.71026 -30.71089
 -30.41653 -30.41663 -30.41688 -30.41727 -30.41780
 -30.16328 -30.16336 -30.16356 -30.16388 -30.16432
 -29.94323 -29.94329 -29.94345 -29.94372 -29.94407
 -29.75112 -29.75116 -29.75127 -29.75153 -29.75181
 -29.58481 -29.58484 -29.58492 -29.58506 -29.58537
 -29.44187 -29.44189 -29.44196 -29.44206 -29.44230
 -29.31873 -29.31875 -29.31880 -29.31889 -29.31907
 -29.21282 -29.21283 -29.21288 -29.21294 -29.21309
 -29.12299 -29.12299 -29.12303 -29.12308 -29.12315
 -29.04763 -29.04764 -29.04766 -29.04771 -29.04776
 -28.98529 -28.98529 -28.98531 -28.98534 -28.98538
 -28.93458 -28.93458 -28.93459 -28.93461 -28.93465
 -28.89421 -28.89421 -28.89422 -28.89423 -28.89426
 -28.86298 -28.86298 -28.86299 -28.86300 -28.86302
 -28.83980 -28.83980 -28.83981 -28.83982 -28.83983
 -28.82370 -28.82370 -28.82371 -28.82371 -28.82372
 -28.81380 -28.81380 -28.81380 -28.81381 -28.81382
 -28.80932 -28.80932 -28.80932 -28.80932 -28.80932
 -28.80954 -28.80954 -28.80954 -28.80954 -28.80954
 -28.81383 -28.81383 -28.81383 -28.81383 -28.81383
================================================================================
 -60.00000 -60.00000 -60.00000 -60.00000 -60.00000
 -60.00000 -60.00000 -60.00000 -60.00000 -60.00000
 -60.00000 -60.00000 -60.00000 -60.00000 -60.00000
 -60.00000 -60.00000 -60.00000 -60.00000 -60.00000
 -60.00000 -60.00000 -60.00000 -60.00000 -60.00000
 -60.00000 -60.00000 -60.00000 -60.00000 -60.00000
 -60.00000 -60.00000 -60.00000 -60.00000 -60.00000
 -60.00000 -60.00000 -60.00000 -60.00000 -60.00000
 -60.00000 -60.00000 -60.00000 -60.00000 -60.00000
 -60.00000 -60.00000 -60.00000 -60.00000 -60.00000
 -59.99999 -59.99999 -59.99999 -59.99999 -59.99999
 -58.11897 -58.11897 -58.11897 -58.11897 -58.11897
 -52.75126 -52.75126 -52.75126 -52.75126 -52.75126
 -48.44120 -48.44120 -48.44120 -48.44120 -48.44120
 -44.98080 -44.98080 -44.98080 -44.98080 -44.98080
 -42.19811 -42.19811 -42.19811 -42.19811 -42.19811
 -39.95369 -39.95369 -39.95369 -39.95369 -39.95369
 -38.13589 -38.13589 -38.13589 -38.13589 -38.13589
 -36.65527 -36.65527 -36.65527 -36.65527 -36.65527
 -35.43817 -35.43817 -35.43817 -35.43817 -35.43818
 -34.42948 -34.42948 -34.42948 -34.42949 -34.42950
 -33.58223 -33.58224 -33.58225 -33.58227 -33.58230
 -32.87205 -32.87205 -32.87208 -32.87211 -32.87220
 -32.27536 -32.27537 -32.27542 -32.27548 -32.27562
 -31.76747 -31.76749 -31.76756 -31.76766 -31.76788
 -31.33480 -31.33481 -31.33492 -31.33505 -31.33523
 -30.95927 -30.95928 -30.95942 -30.95959 -30.95981
 -30.63881 -30.63883 -30.63894 -30.63919 -30.63945
 -30.35869 -30.35871 -30.35883 -30.35910 -30.35938
 -30.10433 -30.10433 -30.10448 -30.10466 -30.10506
 -29.88223 -29.88223 -29.88238 -29.88257 -29.88296
 -29.68994 -29.68994 -29.69008 -29.69025 -29.69062
 -29.52033 -29.52033 -29.52043 -29.52062 -29.52096
 -29.36704 -29.36704 -29.36712 -29.36730 -29.36760
 -29.23321 -29.23321 -29.23329 -29.23344 -29.23371
 -29.11973 -29.11973 -29.11979 -29.11993 -29.12005
 -29.02094 -29.02094 -29.02099 -29.02106 -29.02121
 -28.93336 -28.93336 -28.93338 -28.93346 -28.93358
 -28.85870 -28.85870 -28.85873 -28.85879 -28.85888
 -28.79605 -28.79605 -28.79607 -28.79612 -28.79620
 -28.74441 -28.74441 -28.74442 -28.74446 -28.74452
 -28.70275 -28.70275 -28.70276 -28.70279 -28.70284
 -28.66999 -28.66999 -28.67000 -28.67002 -28.67006
 -28.64509 -28.64509 -28.64509 -28.64511 -28.64513
 -28.62711 -28.62711 -28.62712 -28.62713 -28.62714
 -28.61527 -28.61527 -28.61527 -28.61528 -28.61529
 -28.60887 -28.60887 -28.60887 -28.60888 -28.60888
 -28.60726 -28.60726 -28.60726 -28.60726 -28.60727
 -28.60974 -28.60974 -28.60974 -28.60974 -28.60975
 -28.61562 -28.61562 -28.61562 -28.61562 -28.61562
================================================================================
 -60.00000 -60.00000 -60.00000 -60.00000 -60.00000
 -60.00000 -60.00000 -60.00000 -60.00000 -60.00000
 -60.00000 -60.00000 -60.00000 -60.00000 -60.00000
 -60.00000 -60.00000 -60.00000 -60.00000 -60.00000
 -60.00000 -60.00000 -60.00000 -60.00000 -60.00000
 -60.00000 -60.00000 -60.00000 -60.00000 -60.00000
 -60.00000 -60.00000 -60.00000 -60.00000 -60.00000
 -60.00000 -60.00000 -60.00000 -60.00000 -60.00000
 -60.00000 -60.00000 -60.00000 -60.00000 -60.00000
 -60.00000 -60.00000 -60.00000 -60.00000 -60.00000
 -59.55186 -59.55186 -59.55186 -59.55186 -59.55186
 -53.96764 -53.96764 -53.96764 -53.96764 -53.96764
 -49.33735 -49.33735 -49.33735 -49.33735 -49.33735
 -45.62320 -45.62320 -45.62320 -45.62320 -45.62320
 -42.64065 -42.64065 -42.64065 -42.64065 -42.64065
 -40.24110 -40.24110 -40.24110 -40.24110 -40.24110
 -38.30391 -38.30391 -38.30391 -38.30391 -38.30391
 -36.73248 -36.73248 -36.73248 -36.73248 -36.73248
 -35.44952 -35.44952 -35.44952 -35.44952 -35.44952
 -34.39123 -34.39123 -34.39123 -34.39123 -34.39123
 -33.51059 -33.51059 -33.51060 -33.51060 -33.51060
 -32.76726 -32.76726 -32.76726 -32.76727 -32.76728
 -32.14229 -32.14229 -32.14230 -32.14231 -32.14234
 -31.61655 -31.61655 -31.61657 -31.61660 -31.61665
 -31.16872 -31.16872 -31.16874 -31.16879 -31.16888
 -30.78787 -30.78787 -30.78791 -30.78799 -30.78807
 -30.45764 -30.45764 -30.45769 -30.45777 -30.45792
 -30.17800 -30.17800 -30.17805 -30.17816 -30.17836
 -29.93484 -29.93484 -29.93489 -29.93503 -29.93526
 -29.71268 -29.71268 -29.71274 -29.71290 -29.71316
 -29.51982 -29.51982 -29.51989 -29.52006 -29.52033
 -29.35467 -29.35467 -29.35474 -29.35491 -29.35519
 -29.20952 -29.20952 -29.20956 -29.20970 -29.21002
 -29.07674 -29.07674 -29.07678 -29.07691 -29.07711
 -28.96121 -28.96121 -28.96125 -28.96137 -28.96156
 -28.86526 -28.86526 -28.86530 -28.86540 -28.86556
 -28.78191 -28.78191 -28.78192 -28.78203 -28.78217
 -28.70666 -28.70666 -28.70667 -28.70676 -28.70688
 -28.64268 -28.64268 -28.64269 -28.64275 -28.64287
 -28.58933 -28.58933 -28.58934 -28.58938 -28.58948
 -28.54580 -28.54580 -28.54580 -28.54585 -28.54590
 -28.51124 -28.51124 -28.51124 -28.51128 -28.51132
 -28.48464 -28.48464 -28.48464 -28.48466 -28.48470
 -28.46499 -28.46499 -28.46499 -28.46501 -28.46504
 -28.45145 -28.45145 -28.45145 -28.45146 -28.45148
 -28.44331 -28.44331 -28.44331 -28.44332 -28.44334
 -28.44003 -28.44003 -28.44003 -28.44004 -28.44005
 -28.44105 -28.44105 -28.44105 -28.44105 -28.44106
 -28.44566 -28.44566 -28.44566 -28.44567 -28.44567
 -28.45305 -28.45305 -28.45305 -28.45305 -28.45305
