   18    5   35    1   18     /ARGON          / ARNAUD-ROSEN(NE SCALED) 22/07/9
================================================================================
  11.00000  12.00000  13.00000  14.00000  15.00000
   0.00000   0.13535   0.27071   0.40606   0.54142   0.67677   0.81213   0.94748
   1.08284   1.21819   1.35355   1.48890   1.62426   1.75961   1.89497   2.03032
   2.16568   2.30103   2.43638   2.57174   2.70709   2.84245   2.97780   3.11316
   3.24851   3.38387   3.51922   3.65458   3.78993   3.92529   4.06064   4.19600
   4.33135   4.46671   4.60206
 ---------------------------------------------------/ Z1= 1   / DATE= 22/07/91  
 -14.52749 -14.52689 -14.52309 -14.51779 -14.51338
 -12.64448 -12.64320 -12.64072 -12.63786 -12.63561
 -11.28469 -11.28303 -11.28261 -11.28307 -11.28368
 -10.16292 -10.16114 -10.16164 -10.16355 -10.16542
  -9.36258  -9.36103  -9.36159  -9.36344  -9.36526
  -8.75332  -8.75244  -8.75271  -8.75371  -8.75471
  -8.27685  -8.27690  -8.27701  -8.27716  -8.27729
  -7.89708  -7.89777  -7.89823  -7.89850  -7.89863
  -7.58911  -7.58974  -7.59118  -7.59291  -7.59429
  -7.35068  -7.35096  -7.35313  -7.35620  -7.35876
  -7.17393  -7.17395  -7.17582  -7.17856  -7.18090
  -7.04278  -7.04277  -7.04355  -7.04473  -7.04572
  -6.94943  -6.94949  -6.94914  -6.94858  -6.94809
  -6.88184  -6.88203  -6.88107  -6.87950  -6.87812
  -6.83297  -6.83335  -6.83217  -6.83018  -6.82843
  -6.80489  -6.80546  -6.80419  -6.80194  -6.79995
  -6.79040  -6.79114  -6.78978  -6.78728  -6.78504
  -6.79081  -6.79175  -6.79028  -6.78753  -6.78506
  -6.80265  -6.80377  -6.80221  -6.79921  -6.79650
  -6.82098  -6.82228  -6.82062  -6.81737  -6.81441
  -6.84869  -6.85018  -6.84843  -6.84492  -6.84173
  -6.88338  -6.88505  -6.88321  -6.87945  -6.87601
  -6.92489  -6.92675  -6.92481  -6.92080  -6.91712
  -6.96537  -6.96740  -6.96536  -6.96110  -6.95718
  -7.01539  -7.01761  -7.01548  -7.01097  -7.00681
  -7.06407  -7.06648  -7.06425  -7.05949  -7.05509
  -7.11648  -7.11907  -7.11675  -7.11173  -7.10709
  -7.17156  -7.17432  -7.17191  -7.16665  -7.16177
  -7.22814  -7.23110  -7.22859  -7.22307  -7.21796
  -7.28703  -7.29017  -7.28756  -7.28180  -7.27644
  -7.34665  -7.34997  -7.34728  -7.34126  -7.33565
  -7.40841  -7.41192  -7.40912  -7.40285  -7.39700
  -7.47058  -7.47426  -7.47138  -7.46485  -7.45877
  -7.53389  -7.53776  -7.53478  -7.52800  -7.52169
  -7.59664  -7.60070  -7.59762  -7.59059  -7.58402
 ---------------------------------------------------/ Z1= 2   / DATE= 22/07/91  
 -19.43171 -19.40906 -19.38525 -19.37603 -19.39317
 -16.19706 -16.18262 -16.16747 -16.16117 -16.17092
 -13.76537 -13.75746 -13.74769 -13.73868 -13.73263
 -12.04777 -12.04294 -12.03660 -12.02964 -12.02294
 -10.75239 -10.74881 -10.74466 -10.74139 -10.74021
  -9.79843  -9.79588  -9.79320  -9.79170  -9.79235
  -9.11019  -9.10851  -9.10675  -9.10550  -9.10522
  -8.60753  -8.60635  -8.60499  -8.60372  -8.60276
  -8.23839  -8.23741  -8.23619  -8.23504  -8.23422
  -7.96439  -7.96354  -7.96252  -7.96168  -7.96131
  -7.75650  -7.75590  -7.75535  -7.75503  -7.75499
  -7.60570  -7.60537  -7.60533  -7.60542  -7.60551
  -7.50058  -7.50034  -7.50036  -7.50048  -7.50051
  -7.42220  -7.42190  -7.42162  -7.42142  -7.42132
  -7.36624  -7.36584  -7.36526  -7.36476  -7.36457
  -7.32585  -7.32539  -7.32470  -7.32410  -7.32387
  -7.30035  -7.29985  -7.29916  -7.29858  -7.29835
  -7.28731  -7.28681  -7.28617  -7.28563  -7.28542
  -7.28481  -7.28434  -7.28372  -7.28321  -7.28300
  -7.29198  -7.29154  -7.29095  -7.29045  -7.29026
  -7.30759  -7.30719  -7.30662  -7.30614  -7.30595
  -7.33040  -7.33004  -7.32949  -7.32903  -7.32885
  -7.35888  -7.35855  -7.35802  -7.35758  -7.35740
  -7.39256  -7.39226  -7.39177  -7.39134  -7.39118
  -7.43023  -7.42996  -7.42949  -7.42907  -7.42891
  -7.47072  -7.47049  -7.47005  -7.46964  -7.46950
  -7.51409  -7.51389  -7.51348  -7.51309  -7.51295
  -7.56047  -7.56031  -7.55991  -7.55954  -7.55941
  -7.60925  -7.60912  -7.60875  -7.60839  -7.60827
  -7.66076  -7.66067  -7.66033  -7.65999  -7.65988
  -7.71199  -7.71192  -7.71160  -7.71128  -7.71117
  -7.76529  -7.76525  -7.76497  -7.76466  -7.76456
  -7.82073  -7.82073  -7.82046  -7.82017  -7.82008
  -7.87848  -7.87853  -7.87828  -7.87801  -7.87793
  -7.93487  -7.93495  -7.93472  -7.93447  -7.93439
 ---------------------------------------------------/ Z1= 3   / DATE= 22/07/91  
 -25.56641 -25.53554 -25.47543 -25.34562 -25.08677
 -20.76560 -20.74442 -20.70052 -20.61639 -20.46897
 -17.28633 -17.27214 -17.24080 -17.18892 -17.11523
 -14.68149 -14.67155 -14.64896 -14.61562 -14.57789
 -12.79055 -12.78318 -12.76672 -12.74355 -12.71979
 -11.39903 -11.39349 -11.38174 -11.36546 -11.34886
 -10.34824 -10.34419 -10.33615 -10.32536 -10.31479
  -9.59305  -9.59015  -9.58464  -9.57753  -9.57092
  -9.04342  -9.04131  -9.03734  -9.03224  -9.02756
  -8.64047  -8.63891  -8.63592  -8.63203  -8.62836
  -8.33943  -8.33822  -8.33600  -8.33310  -8.33025
  -8.11559  -8.11464  -8.11292  -8.11066  -8.10841
  -7.95034  -7.94962  -7.94806  -7.94590  -7.94380
  -7.83207  -7.83157  -7.82988  -7.82738  -7.82503
  -7.74142  -7.74109  -7.73938  -7.73672  -7.73424
  -7.67637  -7.67613  -7.67475  -7.67251  -7.67035
  -7.62747  -7.62728  -7.62628  -7.62463  -7.62289
  -7.59614  -7.59598  -7.59511  -7.59363  -7.59200
  -7.57883  -7.57868  -7.57770  -7.57604  -7.57429
  -7.57343  -7.57323  -7.57212  -7.57033  -7.56847
  -7.57667  -7.57631  -7.57523  -7.57360  -7.57191
  -7.58890  -7.58830  -7.58737  -7.58617  -7.58485
  -7.61006  -7.60921  -7.60847  -7.60777  -7.60689
  -7.63551  -7.63441  -7.63387  -7.63366  -7.63322
  -7.66635  -7.66500  -7.66464  -7.66495  -7.66494
  -7.70077  -7.69918  -7.69901  -7.69982  -7.70024
  -7.74101  -7.73916  -7.73918  -7.74049  -7.74135
  -7.78161  -7.77950  -7.77971  -7.78153  -7.78283
  -7.82661  -7.82425  -7.82465  -7.82697  -7.82870
  -7.87366  -7.87106  -7.87165  -7.87447  -7.87664
  -7.92001  -7.91715  -7.91792  -7.92126  -7.92386
  -7.97281  -7.96970  -7.97067  -7.97450  -7.97755
  -8.02431  -8.02095  -8.02210  -8.02645  -8.02992
  -8.07816  -8.07454  -8.07589  -8.08073  -8.08464
  -8.13280  -8.12894  -8.13047  -8.13582  -8.14017
 ---------------------------------------------------/ Z1= 4   / DATE= 22/07/91  
 -34.13501 -34.11453 -34.00606 -33.75079 -33.29236
 -27.11813 -27.10394 -27.01764 -26.81115 -26.44552
 -22.01573 -22.00760 -21.94306 -21.78469 -21.51039
 -18.29326 -18.28977 -18.24448 -18.12988 -17.93785
 -15.47597 -15.47441 -15.44348 -15.36426 -15.23681
 -13.47375 -13.47202 -13.45072 -13.39776 -13.31641
 -11.97796 -11.97550 -11.96056 -11.92591 -11.87517
 -10.85325 -10.85087 -10.84036 -10.81731 -10.78492
 -10.03569 -10.03404 -10.02665 -10.01047  -9.98826
  -9.44287  -9.44184  -9.43661  -9.42489  -9.40895
  -9.00794  -9.00717  -9.00334  -8.99480  -8.98329
  -8.68743  -8.68671  -8.68370  -8.67723  -8.66862
  -8.44657  -8.44583  -8.44326  -8.43797  -8.43104
  -8.26416  -8.26348  -8.26120  -8.25660  -8.25057
  -8.13095  -8.13051  -8.12862  -8.12456  -8.11915
  -8.03021  -8.03017  -8.02878  -8.02529  -8.02046
  -7.95598  -7.95622  -7.95524  -7.95224  -7.94793
  -7.90043  -7.90074  -7.89994  -7.89730  -7.89347
  -7.86299  -7.86322  -7.86248  -7.86019  -7.85682
  -7.84372  -7.84386  -7.84320  -7.84126  -7.83837
  -7.83587  -7.83597  -7.83540  -7.83375  -7.83124
  -7.83914  -7.83924  -7.83871  -7.83714  -7.83473
  -7.84951  -7.84965  -7.84908  -7.84733  -7.84466
  -7.86937  -7.86959  -7.86893  -7.86680  -7.86364
  -7.89592  -7.89622  -7.89545  -7.89293  -7.88922
  -7.92423  -7.92461  -7.92375  -7.92080  -7.91655
  -7.95846  -7.95892  -7.95795  -7.95461  -7.94980
  -7.99761  -7.99816  -7.99708  -7.99333  -7.98798
  -8.03956  -8.04019  -8.03901  -8.03485  -8.02895
  -8.08341  -8.08413  -8.08285  -8.07828  -8.07182
  -8.12977  -8.13055  -8.12918  -8.12420  -8.11720
  -8.17801  -8.17888  -8.17740  -8.17201  -8.16447
  -8.22835  -8.22930  -8.22773  -8.22193  -8.21384
  -8.27977  -8.28080  -8.27912  -8.27291  -8.26427
  -8.33339  -8.33451  -8.33272  -8.32611  -8.31692
 ---------------------------------------------------/ Z1= 5   / DATE= 22/07/91  
 -41.15072 -41.18942 -41.11338 -40.76552 -40.04886
 -32.31744 -32.35438 -32.29264 -31.99442 -31.37551
 -25.89502 -25.93021 -25.88272 -25.63415 -25.11300
 -21.19218 -21.22559 -21.19231 -20.99330 -20.56973
 -17.75104 -17.78189 -17.76138 -17.60968 -17.28040
 -15.15001 -15.17619 -15.16458 -15.05403 -14.80989
 -13.30100 -13.32028 -13.31284 -13.23497 -13.06252
 -11.91150 -11.92364 -11.91761 -11.86445 -11.74856
 -10.86425 -10.87115 -10.86596 -10.83029 -10.75449
 -10.10727 -10.11155 -10.10769 -10.08346 -10.03267
  -9.55573  -9.55878  -9.55613  -9.53909  -9.50341
  -9.15017  -9.15236  -9.15036  -9.13790  -9.11201
  -8.84767  -8.84930  -8.84776  -8.83834  -8.81886
  -8.61317  -8.61461  -8.61369  -8.60663  -8.59166
  -8.43381  -8.43526  -8.43500  -8.42977  -8.41805
  -8.30223  -8.30366  -8.30382  -8.29990  -8.29051
  -8.20178  -8.20302  -8.20319  -8.20001  -8.19240
  -8.12899  -8.12993  -8.12989  -8.12709  -8.12073
  -8.07879  -8.07951  -8.07929  -8.07670  -8.07110
  -8.04626  -8.04686  -8.04662  -8.04423  -8.03912
  -8.02938  -8.02999  -8.02986  -8.02781  -8.02325
  -8.02415  -8.02483  -8.02492  -8.02328  -8.01935
  -8.02942  -8.03016  -8.03040  -8.02905  -8.02555
  -8.04248  -8.04320  -8.04339  -8.04201  -8.03849
  -8.06281  -8.06339  -8.06336  -8.06163  -8.05768
  -8.08893  -8.08934  -8.08901  -8.08682  -8.08225
  -8.11983  -8.12007  -8.11942  -8.11677  -8.11157
  -8.15522  -8.15530  -8.15434  -8.15122  -8.14541
  -8.19343  -8.19334  -8.19208  -8.18847  -8.18204
  -8.23481  -8.23455  -8.23298  -8.22891  -8.22186
  -8.27827  -8.27783  -8.27594  -8.27141  -8.26375
  -8.32435  -8.32374  -8.32155  -8.31654  -8.30825
  -8.37206  -8.37128  -8.36878  -8.36330  -8.35439
  -8.42178  -8.42083  -8.41802  -8.41208  -8.40254
  -8.47381  -8.47268  -8.46957  -8.46316  -8.45299
 ---------------------------------------------------/ Z1= 6   / DATE= 22/07/91  
 -48.35679 -48.37391 -48.32817 -48.00062 -47.18313
 -37.65539 -37.67665 -37.64419 -37.35720 -36.62473
 -29.87638 -29.90176 -29.88258 -29.63615 -28.98869
 -24.18405 -24.21354 -24.20765 -24.00180 -23.43932
 -20.01453 -20.04814 -20.05550 -19.89016 -19.41270
 -16.93280 -16.96960 -16.98880 -16.86244 -16.46863
 -14.63865 -14.67551 -14.70171 -14.60909 -14.29452
 -12.97368 -13.00640 -13.03299 -12.96641 -12.72365
 -11.71935 -11.74558 -11.76824 -11.72087 -11.54005
 -10.78545 -10.80515 -10.82266 -10.78912 -10.65798
 -10.10989 -10.12453 -10.13772 -10.11403 -10.01969
  -9.61476  -9.62553  -9.63521  -9.61845  -9.55108
  -9.24365  -9.25129  -9.25806  -9.24632  -9.19918
  -8.95682  -8.96203  -8.96663  -8.95854  -8.92624
  -8.73235  -8.73597  -8.73924  -8.73385  -8.71187
  -8.55970  -8.56236  -8.56496  -8.56148  -8.54622
  -8.43300  -8.43502  -8.43714  -8.43480  -8.42366
  -8.33896  -8.34042  -8.34195  -8.34004  -8.33136
  -8.27320  -8.27425  -8.27521  -8.27338  -8.26618
  -8.23044  -8.23142  -8.23231  -8.23074  -8.22443
  -8.20454  -8.20574  -8.20696  -8.20584  -8.20013
  -8.19308  -8.19446  -8.19600  -8.19525  -8.18988
  -8.19212  -8.19354  -8.19513  -8.19447  -8.18927
  -8.20083  -8.20215  -8.20360  -8.20287  -8.19774
  -8.21686  -8.21801  -8.21920  -8.21831  -8.21322
  -8.23915  -8.24012  -8.24103  -8.23990  -8.23488
  -8.26714  -8.26792  -8.26850  -8.26717  -8.26220
  -8.29885  -8.29943  -8.29970  -8.29812  -8.29324
  -8.33489  -8.33528  -8.33523  -8.33342  -8.32859
  -8.37403  -8.37423  -8.37386  -8.37182  -8.36706
  -8.41498  -8.41498  -8.41429  -8.41203  -8.40733
  -8.45962  -8.45942  -8.45842  -8.45593  -8.45130
  -8.50506  -8.50468  -8.50335  -8.50062  -8.49605
  -8.55244  -8.55186  -8.55022  -8.54725  -8.54276
  -8.60264  -8.60187  -8.59991  -8.59672  -8.59229
 ---------------------------------------------------/ Z1= 7   / DATE= 22/07/91  
 -63.55088 -63.58940 -63.68026 -63.58601 -63.02668
 -48.87459 -48.91100 -48.99657 -48.91588 -48.41481
 -38.19347 -38.22777 -38.30805 -38.24093 -37.79810
 -30.37044 -30.40262 -30.47765 -30.42406 -30.03949
 -24.63047 -24.66054 -24.73027 -24.69026 -24.36394
 -20.42051 -20.44847 -20.51291 -20.48644 -20.21830
 -17.33418 -17.35980 -17.41850 -17.40442 -17.19219
 -15.02954 -15.05213 -15.10359 -15.09818 -14.93421
 -13.35807 -13.37673 -13.41902 -13.41714 -13.29065
 -12.11166 -12.12602 -12.15843 -12.15694 -12.05991
 -11.18605 -11.19639 -11.21970 -11.21794 -11.14603
 -10.49063 -10.49772 -10.51369 -10.51251 -10.46329
  -9.95042  -9.95501  -9.96539  -9.96496  -9.93407
  -9.52373  -9.52654  -9.53291  -9.53275  -9.51412
  -9.18642  -9.18810  -9.19190  -9.19176  -9.18047
  -8.92456  -8.92569  -8.92819  -8.92822  -8.92122
  -8.72309  -8.72404  -8.72609  -8.72642  -8.72173
  -8.57267  -8.57356  -8.57546  -8.57599  -8.57238
  -8.46221  -8.46296  -8.46453  -8.46495  -8.46185
  -8.38303  -8.38357  -8.38469  -8.38478  -8.38192
  -8.32817  -8.32857  -8.32936  -8.32917  -8.32635
  -8.29146  -8.29179  -8.29244  -8.29212  -8.28928
  -8.26994  -8.27029  -8.27096  -8.27065  -8.26781
  -8.25995  -8.26038  -8.26116  -8.26098  -8.25823
  -8.26057  -8.26107  -8.26203  -8.26204  -8.25943
  -8.26847  -8.26895  -8.27007  -8.27031  -8.26786
  -8.28327  -8.28366  -8.28493  -8.28540  -8.28308
  -8.30363  -8.30387  -8.30528  -8.30600  -8.30379
  -8.32979  -8.32990  -8.33144  -8.33240  -8.33031
  -8.36023  -8.36019  -8.36188  -8.36307  -8.36109
  -8.39465  -8.39448  -8.39630  -8.39773  -8.39587
  -8.43152  -8.43121  -8.43316  -8.43484  -8.43309
  -8.47175  -8.47130  -8.47340  -8.47531  -8.47367
  -8.51328  -8.51270  -8.51492  -8.51707  -8.51555
  -8.55779  -8.55706  -8.55943  -8.56182  -8.56041
 ---------------------------------------------------/ Z1= 8   / DATE= 22/07/91  
 -69.79826 -69.78273 -69.81947 -69.77747 -69.42932
 -55.02264 -55.00468 -55.05461 -55.00778 -54.57796
 -42.85778 -42.84304 -42.89414 -42.85812 -42.46839
 -33.86133 -33.85010 -33.90179 -33.87735 -33.53371
 -27.30683 -27.29896 -27.35160 -27.33826 -27.03707
 -22.49592 -22.49140 -22.54493 -22.54279 -22.28440
 -18.97018 -18.96902 -19.02342 -19.03240 -18.81685
 -16.34165 -16.34363 -16.39830 -16.41739 -16.24336
 -14.44022 -14.44477 -14.49803 -14.52440 -14.38817
 -13.02157 -13.02776 -13.07704 -13.10666 -13.00333
 -11.95446 -11.96102 -12.00337 -12.03208 -11.95749
 -11.12703 -11.13239 -11.16452 -11.18818 -11.13913
 -10.46174 -10.46477 -10.48487 -10.50079 -10.47337
  -9.92854  -9.92961  -9.93996  -9.94881  -9.93611
  -9.51057  -9.51106  -9.51653  -9.52140  -9.51514
  -9.19201  -9.19263  -9.19631  -9.19935  -9.19485
  -8.95358  -8.95424  -8.95698  -8.95905  -8.95543
  -8.77632  -8.77685  -8.77893  -8.78049  -8.77770
  -8.64622  -8.64659  -8.64833  -8.64968  -8.64750
  -8.55220  -8.55253  -8.55417  -8.55552  -8.55361
  -8.48433  -8.48468  -8.48636  -8.48777  -8.48592
  -8.43859  -8.43896  -8.44065  -8.44206  -8.44025
  -8.40806  -8.40841  -8.41006  -8.41144  -8.40966
  -8.39134  -8.39168  -8.39328  -8.39458  -8.39276
  -8.38523  -8.38556  -8.38712  -8.38835  -8.38642
  -8.38740  -8.38773  -8.38926  -8.39043  -8.38840
  -8.39880  -8.39913  -8.40064  -8.40179  -8.39974
  -8.41554  -8.41586  -8.41737  -8.41852  -8.41653
  -8.43895  -8.43927  -8.44077  -8.44194  -8.44005
  -8.46690  -8.46722  -8.46871  -8.46991  -8.46812
  -8.49908  -8.49940  -8.50088  -8.50209  -8.50040
  -8.53386  -8.53418  -8.53565  -8.53689  -8.53531
  -8.57168  -8.57199  -8.57346  -8.57472  -8.57324
  -8.61269  -8.61300  -8.61446  -8.61574  -8.61435
  -8.65576  -8.65606  -8.65752  -8.65883  -8.65754
 ---------------------------------------------------/ Z1= 9   / DATE= 22/07/91  
 -73.89668 -73.89668 -73.89666 -73.89663 -73.89665
 -74.00000 -74.00000 -74.00000 -74.00000 -74.00000
 -74.00000 -74.00000 -74.00000 -74.00000 -74.00000
 -74.00000 -74.00000 -74.00000 -74.00000 -74.00000
 -62.21855 -62.21421 -62.24496 -62.28894 -62.25654
 -48.12054 -48.11714 -48.14056 -48.17371 -48.14705
 -37.69305 -37.69016 -37.70941 -37.73623 -37.71211
 -30.08017 -30.07794 -30.09185 -30.11068 -30.09029
 -24.49524 -24.49368 -24.50233 -24.51330 -24.49654
 -20.39841 -20.39749 -20.40095 -20.40411 -20.39095
 -17.38441 -17.38405 -17.38281 -17.37901 -17.36927
 -15.13485 -15.13482 -15.13029 -15.12177 -15.11497
 -13.50053 -13.50047 -13.49491 -13.48529 -13.48062
 -12.26842 -12.26813 -12.26337 -12.25553 -12.25226
 -11.35708 -11.35670 -11.35333 -11.34788 -11.34551
 -10.68179 -10.68160 -10.67935 -10.67563 -10.67388
 -10.17801 -10.17805 -10.17661 -10.17407 -10.17275
  -9.80154  -9.80162  -9.80072  -9.79901  -9.79797
  -9.51997  -9.52001  -9.51940  -9.51821  -9.51733
  -9.31189  -9.31188  -9.31139  -9.31045  -9.30965
  -9.15795  -9.15794  -9.15745  -9.15656  -9.15579
  -9.04672  -9.04672  -9.04625  -9.04536  -9.04461
  -8.96688  -8.96688  -8.96646  -8.96566  -8.96500
  -8.91396  -8.91396  -8.91363  -8.91297  -8.91244
  -8.88041  -8.88041  -8.88014  -8.87965  -8.87924
  -8.86082  -8.86081  -8.86061  -8.86021  -8.85992
  -8.85678  -8.85678  -8.85661  -8.85627  -8.85606
  -8.86156  -8.86156  -8.86139  -8.86107  -8.86088
  -8.87645  -8.87645  -8.87624  -8.87588  -8.87568
  -8.89803  -8.89803  -8.89777  -8.89732  -8.89706
  -8.92242  -8.92242  -8.92212  -8.92154  -8.92114
  -8.95557  -8.95558  -8.95520  -8.95449  -8.95395
  -8.99479  -8.99479  -8.99435  -8.99350  -8.99283
  -9.03263  -9.03263  -9.03212  -9.03115  -9.03032
  -9.07510  -9.07511  -9.07453  -9.07343  -9.07246
 ---------------------------------------------------/ Z1=10   / DATE= 22/07/91  
 -73.94989 -73.94990 -73.94988 -73.94983 -73.94982
 -74.00000 -74.00000 -74.00000 -74.00000 -74.00000
 -74.00000 -74.00000 -74.00000 -74.00000 -74.00000
 -74.00000 -74.00000 -74.00000 -74.00000 -74.00000
 -69.68452 -69.66893 -69.69766 -69.77422 -69.78266
 -53.16914 -53.15652 -53.17940 -53.24051 -53.24650
 -41.64746 -41.63622 -41.65612 -41.70948 -41.71392
 -33.00217 -32.99293 -33.00880 -33.05154 -33.05407
 -26.67622 -26.66891 -26.68081 -26.71316 -26.71384
 -22.03798 -22.03260 -22.04055 -22.06256 -22.06138
 -18.62628 -18.62279 -18.62686 -18.63866 -18.63565
 -16.08568 -16.08395 -16.08462 -16.08744 -16.08281
 -14.24051 -14.24016 -14.23853 -14.23495 -14.22916
 -12.86249 -12.86301 -12.86055 -12.85419 -12.84793
 -11.83318 -11.83400 -11.83165 -11.82520 -11.81929
 -11.07008 -11.07064 -11.06862 -11.06331 -11.05859
 -10.50213 -10.50216 -10.50045 -10.49663 -10.49349
 -10.08026 -10.08001 -10.07868 -10.07612 -10.07421
  -9.76506  -9.76490  -9.76402  -9.76229  -9.76098
  -9.52907  -9.52913  -9.52863  -9.52744  -9.52641
  -9.35559  -9.35574  -9.35548  -9.35464  -9.35383
  -9.22888  -9.22898  -9.22877  -9.22816  -9.22759
  -9.13855  -9.13858  -9.13835  -9.13780  -9.13731
  -9.07563  -9.07567  -9.07542  -9.07479  -9.07420
  -9.03509  -9.03517  -9.03493  -9.03426  -9.03358
  -9.01126  -9.01133  -9.01114  -9.01057  -9.00997
  -9.00177  -9.00183  -9.00167  -9.00120  -9.00075
  -9.00363  -9.00370  -9.00349  -9.00294  -9.00249
  -9.01502  -9.01512  -9.01481  -9.01401  -9.01344
  -9.03418  -9.03425  -9.03403  -9.03347  -9.03300
  -9.05955  -9.05946  -9.05975  -9.06048  -9.06060
  -9.09007  -9.08972  -9.09082  -9.09358  -9.09467
  -9.12480  -9.12416  -9.12616  -9.13116  -9.13331
  -9.16360  -9.16267  -9.16554  -9.17279  -9.17601
  -9.20438  -9.20316  -9.20693  -9.21643  -9.22071
 ---------------------------------------------------/ Z1=11   / DATE= 22/07/91  
 -74.00000 -74.00000 -74.00000 -74.00000 -74.00000
 -74.00000 -74.00000 -74.00000 -74.00000 -74.00000
 -74.00000 -74.00000 -74.00000 -74.00000 -74.00000
 -74.00000 -74.00000 -74.00000 -74.00000 -74.00000
 -74.00000 -74.00000 -74.00000 -74.00000 -74.00000
 -59.01914 -58.99297 -59.00884 -59.09452 -59.14724
 -45.83080 -45.81069 -45.82258 -45.88754 -45.92713
 -36.12608 -36.10860 -36.11860 -36.17422 -36.20769
 -29.01326 -28.99870 -29.00665 -29.05203 -29.07885
 -23.79507 -23.78346 -23.78935 -23.82427 -23.84432
 -19.96272 -19.95405 -19.95786 -19.98241 -19.99571
 -17.12252 -17.11674 -17.11857 -17.13314 -17.13994
 -15.02535 -15.02214 -15.02242 -15.02852 -15.02982
 -13.48755 -13.48635 -13.48578 -13.48620 -13.48376
 -12.33093 -12.33107 -12.33037 -12.32815 -12.32400
 -11.47726 -11.47792 -11.47728 -11.47431 -11.46992
 -10.84113 -10.84162 -10.84084 -10.83788 -10.83407
 -10.36938 -10.36949 -10.36856 -10.36595 -10.36296
 -10.01649 -10.01649 -10.01564 -10.01346 -10.01102
  -9.75521  -9.75538  -9.75480  -9.75300  -9.75088
  -9.55972  -9.56005  -9.55973  -9.55830  -9.55646
  -9.41759  -9.41792  -9.41773  -9.41664  -9.41520
  -9.31562  -9.31582  -9.31565  -9.31480  -9.31375
  -9.24380  -9.24395  -9.24376  -9.24302  -9.24214
  -9.19564  -9.19577  -9.19561  -9.19492  -9.19408
  -9.16724  -9.16737  -9.16728  -9.16677  -9.16610
  -9.15338  -9.15351  -9.15349  -9.15322  -9.15279
  -9.15182  -9.15196  -9.15194  -9.15163  -9.15121
  -9.16098  -9.16118  -9.16098  -9.16009  -9.15914
  -9.17784  -9.17804  -9.17763  -9.17623  -9.17481
  -9.20149  -9.20136  -9.20113  -9.20082  -9.20032
  -9.23080  -9.22990  -9.23040  -9.23329  -9.23564
  -9.26401  -9.26213  -9.26363  -9.27081  -9.27699
  -9.30135  -9.29846  -9.30099  -9.31261  -9.32275
  -9.34129  -9.33740  -9.34096  -9.35701  -9.37113
 ---------------------------------------------------/ Z1=12   / DATE= 22/07/91  
 -74.00000 -74.00000 -74.00000 -74.00000 -74.00000
 -74.00000 -74.00000 -74.00000 -74.00000 -74.00000
 -74.00000 -74.00000 -74.00000 -74.00000 -74.00000
 -74.00000 -74.00000 -74.00000 -74.00000 -74.00000
 -74.00000 -74.00000 -74.00000 -74.00000 -74.00000
 -67.48653 -67.44963 -67.44858 -67.52692 -67.61545
 -51.20203 -51.17339 -51.17249 -51.23303 -51.30126
 -40.19439 -40.16917 -40.16828 -40.22133 -40.28086
 -32.04947 -32.02805 -32.02720 -32.07192 -32.12189
 -26.05360 -26.03608 -26.03527 -26.07147 -26.11164
 -21.65330 -21.63967 -21.63888 -21.66664 -21.69708
 -18.40030 -18.39050 -18.38974 -18.40910 -18.42986
 -15.99954 -15.99326 -15.99252 -16.00411 -16.01592
 -14.24124 -14.23776 -14.23694 -14.24225 -14.24698
 -12.93220 -12.93039 -12.92947 -12.93076 -12.93109
 -11.95801 -11.95704 -11.95603 -11.95530 -11.95354
 -11.23813 -11.23774 -11.23690 -11.23532 -11.23266
 -10.70367 -10.70382 -10.70332 -10.70153 -10.69860
 -10.30655 -10.30696 -10.30672 -10.30515 -10.30248
 -10.01064 -10.01099 -10.01083 -10.00961 -10.00759
  -9.79068  -9.79084  -9.79066  -9.78980  -9.78846
  -9.62907  -9.62911  -9.62891  -9.62824  -9.62729
  -9.51196  -9.51205  -9.51187  -9.51122  -9.51027
  -9.42907  -9.42921  -9.42906  -9.42832  -9.42726
  -9.37397  -9.37407  -9.37389  -9.37316  -9.37209
  -9.33889  -9.33894  -9.33871  -9.33798  -9.33697
  -9.32020  -9.32019  -9.31994  -9.31922  -9.31827
  -9.31528  -9.31528  -9.31502  -9.31432  -9.31338
  -9.32033  -9.32039  -9.32019  -9.31947  -9.31850
  -9.33484  -9.33499  -9.33486  -9.33412  -9.33305
  -9.35708  -9.35734  -9.35727  -9.35650  -9.35532
  -9.38519  -9.38548  -9.38544  -9.38465  -9.38341
  -9.41927  -9.41956  -9.41951  -9.41869  -9.41745
  -9.45641  -9.45669  -9.45661  -9.45577  -9.45455
  -9.49694  -9.49720  -9.49709  -9.49623  -9.49502
 ---------------------------------------------------/ Z1=13   / DATE= 22/07/91  
 -74.00000 -74.00000 -74.00000 -74.00000 -74.00000
 -74.00000 -74.00000 -74.00000 -74.00000 -74.00000
 -74.00000 -74.00000 -74.00000 -74.00000 -74.00000
 -74.00000 -74.00000 -74.00000 -74.00000 -74.00000
 -74.00000 -74.00000 -74.00000 -74.00000 -74.00000
 -71.92075 -71.90780 -71.90342 -71.92421 -71.96143
 -56.12766 -56.09592 -56.08514 -56.13592 -56.22685
 -43.76280 -43.73603 -43.72688 -43.76943 -43.84561
 -34.70149 -34.67839 -34.67041 -34.70685 -34.77207
 -28.05122 -28.03147 -28.02456 -28.05537 -28.11047
 -23.16111 -23.14482 -23.13900 -23.16405 -23.20880
 -19.57013 -19.55726 -19.55255 -19.57183 -19.60625
 -16.89009 -16.88060 -16.87697 -16.89062 -16.91495
 -14.93797 -14.93148 -14.92879 -14.93740 -14.95272
 -13.48779 -13.48367 -13.48170 -13.48635 -13.49463
 -12.40984 -12.40730 -12.40580 -12.40781 -12.41149
 -11.61320 -11.61168 -11.61051 -11.61101 -11.61209
 -11.02023 -11.01932 -11.01845 -11.01830 -11.01819
 -10.58201 -10.58144 -10.58083 -10.58049 -10.58003
 -10.25470 -10.25431 -10.25384 -10.25343 -10.25282
 -10.01254 -10.01223 -10.01179 -10.01129 -10.01059
  -9.83349  -9.83323  -9.83279  -9.83218  -9.83137
  -9.70413  -9.70390  -9.70346  -9.70276  -9.70183
  -9.61252  -9.61236  -9.61196  -9.61121  -9.61013
  -9.54939  -9.54935  -9.54907  -9.54831  -9.54713
  -9.50934  -9.50946  -9.50932  -9.50862  -9.50738
  -9.48718  -9.48740  -9.48738  -9.48674  -9.48548
  -9.47839  -9.47868  -9.47872  -9.47810  -9.47682
  -9.48203  -9.48235  -9.48240  -9.48178  -9.48047
  -9.49376  -9.49409  -9.49416  -9.49348  -9.49209
  -9.51454  -9.51492  -9.51498  -9.51423  -9.51271
  -9.54224  -9.54264  -9.54272  -9.54191  -9.54027
  -9.57423  -9.57465  -9.57473  -9.57388  -9.57216
  -9.61102  -9.61146  -9.61154  -9.61066  -9.60889
  -9.65113  -9.65159  -9.65167  -9.65076  -9.64895
 ---------------------------------------------------/ Z1=14   / DATE= 22/07/91  
 -74.00000 -74.00000 -74.00000 -74.00000 -74.00000
 -74.00000 -74.00000 -74.00000 -74.00000 -74.00000
 -74.00000 -74.00000 -74.00000 -74.00000 -74.00000
 -74.00000 -74.00000 -74.00000 -74.00000 -74.00000
 -74.00000 -74.00000 -74.00000 -74.00000 -74.00000
 -74.00000 -74.00000 -74.00000 -74.00000 -74.00000
 -61.44300 -61.37576 -61.31603 -61.33161 -61.44791
 -47.53104 -47.47642 -47.42862 -47.44342 -47.54104
 -37.50967 -37.46482 -37.42637 -37.44099 -37.52473
 -30.19316 -30.15741 -30.12774 -30.14232 -30.21327
 -24.79733 -24.77087 -24.75014 -24.76460 -24.82250
 -20.83192 -20.81476 -20.80295 -20.81733 -20.86215
 -17.87064 -17.86247 -17.85929 -17.87346 -17.90541
 -15.72008 -15.71778 -15.71976 -15.73226 -15.75345
 -14.12173 -14.11769 -14.11638 -14.12370 -14.13923
 -12.93411 -12.91790 -12.90182 -12.89924 -12.91625
 -12.05151 -12.02259 -11.99135 -11.97952 -11.99989
 -11.40038 -11.37345 -11.34390 -11.33162 -11.34878
 -10.91645 -10.90516 -10.89290 -10.88817 -10.89580
 -10.55933 -10.56136 -10.56390 -10.56585 -10.56571
 -10.29144 -10.29615 -10.30160 -10.30465 -10.30266
 -10.09479 -10.09645 -10.09840 -10.09956 -10.09885
  -9.95102  -9.94985  -9.94855  -9.94794  -9.94838
  -9.84912  -9.84802  -9.84671  -9.84587  -9.84587
  -9.77673  -9.77658  -9.77629  -9.77579  -9.77498
  -9.73000  -9.73016  -9.73018  -9.72976  -9.72868
  -9.70115  -9.70125  -9.70119  -9.70071  -9.69966
  -9.68949  -9.68962  -9.68959  -9.68912  -9.68805
  -9.68995  -9.69022  -9.69034  -9.68990  -9.68869
  -9.70009  -9.70049  -9.70072  -9.70024  -9.69881
  -9.71818  -9.71859  -9.71880  -9.71816  -9.71642
  -9.74324  -9.74363  -9.74373  -9.74292  -9.74091
  -9.77376  -9.77415  -9.77423  -9.77331  -9.77113
  -9.81018  -9.81062  -9.81075  -9.80982  -9.80755
  -9.84973  -9.85024  -9.85044  -9.84953  -9.84722
 ---------------------------------------------------/ Z1=15   / DATE= 22/07/91  
 -74.00000 -74.00000 -74.00000 -74.00000 -74.00000
 -74.00000 -74.00000 -74.00000 -74.00000 -74.00000
 -74.00000 -74.00000 -74.00000 -74.00000 -74.00000
 -74.00000 -74.00000 -74.00000 -74.00000 -74.00000
 -74.00000 -74.00000 -74.00000 -74.00000 -74.00000
 -74.00000 -74.00000 -74.00000 -74.00000 -74.00000
 -67.72736 -67.70334 -67.68212 -67.69667 -67.76640
 -52.39689 -52.36991 -52.34607 -52.36221 -52.44006
 -41.13366 -41.10867 -41.08651 -41.10123 -41.17291
 -32.87693 -32.85491 -32.83533 -32.84805 -32.91060
 -26.81798 -26.79865 -26.78142 -26.79228 -26.84651
 -22.37147 -22.35488 -22.33998 -22.34900 -22.39487
 -19.11236 -19.09847 -19.08595 -19.09308 -19.13057
 -16.67213 -16.66094 -16.65075 -16.65607 -16.68541
 -14.90847 -14.89977 -14.89174 -14.89549 -14.91747
 -13.58800 -13.58147 -13.57535 -13.57793 -13.59398
 -12.60971 -12.60491 -12.60034 -12.60219 -12.61397
 -11.88689 -11.88334 -11.87991 -11.88126 -11.89001
 -11.34816 -11.34542 -11.34275 -11.34368 -11.35025
 -10.94761 -10.94550 -10.94344 -10.94407 -10.94894
 -10.65005 -10.64862 -10.64724 -10.64775 -10.65119
 -10.43042 -10.42963 -10.42890 -10.42938 -10.43162
 -10.26810 -10.26770 -10.26737 -10.26777 -10.26914
 -10.14859 -10.14820 -10.14789 -10.14809 -10.14894
 -10.06318 -10.06270 -10.06227 -10.06225 -10.06278
 -10.00498 -10.00462 -10.00431 -10.00424 -10.00442
  -9.96424  -9.96421  -9.96422  -9.96419  -9.96397
  -9.93421  -9.93447  -9.93468  -9.93462  -9.93405
  -9.91504  -9.91550  -9.91574  -9.91553  -9.91464
  -9.90926  -9.90980  -9.91001  -9.90965  -9.90848
  -9.91810  -9.91866  -9.91892  -9.91849  -9.91705
  -9.94653  -9.94707  -9.94743  -9.94700  -9.94529
  -9.97561  -9.97606  -9.97641  -9.97591  -9.97396
 -10.00500 -10.00530 -10.00545 -10.00471 -10.00259
 -10.03472 -10.03485 -10.03470 -10.03366 -10.03138
 ---------------------------------------------------/ Z1=16   / DATE= 22/07/91  
 -61.37475 -61.37475 -61.37475 -61.37475 -61.37475
 -61.44250 -61.44250 -61.44250 -61.44250 -61.44250
 -61.50953 -61.50954 -61.50955 -61.50955 -61.50952
 -61.57860 -61.57855 -61.57849 -61.57851 -61.57867
 -61.64726 -61.64718 -61.64709 -61.64712 -61.64737
 -61.65161 -61.65390 -61.65646 -61.65563 -61.64834
 -62.02479 -62.00400 -61.98079 -61.98824 -62.05432
 -56.08024 -56.05644 -56.02979 -56.03775 -56.11211
 -43.60900 -43.58643 -43.56102 -43.56797 -43.63707
 -34.87666 -34.85617 -34.83296 -34.83854 -34.89966
 -28.36784 -28.34920 -28.32790 -28.33228 -28.38612
 -23.59444 -23.57767 -23.55833 -23.56144 -23.60798
 -20.09733 -20.08242 -20.06505 -20.06689 -20.10613
 -17.48514 -17.47209 -17.45666 -17.45725 -17.48927
 -15.59493 -15.58370 -15.57024 -15.56985 -15.59530
 -14.18594 -14.17648 -14.16499 -14.16412 -14.18442
 -13.13837 -13.13054 -13.12098 -13.12033 -13.13746
 -12.36426 -12.35777 -12.34985 -12.34968 -12.36488
 -11.79034 -11.78478 -11.77796 -11.77791 -11.79135
 -11.36582 -11.36091 -11.35481 -11.35459 -11.36618
 -11.04818 -11.04395 -11.03868 -11.03841 -11.04826
 -10.80819 -10.80474 -10.80051 -10.80044 -10.80878
 -10.62892 -10.62622 -10.62296 -10.62315 -10.63016
 -10.49254 -10.49036 -10.48777 -10.48803 -10.49389
 -10.38929 -10.38741 -10.38513 -10.38524 -10.39010
 -10.31229 -10.31061 -10.30853 -10.30845 -10.31237
 -10.25595 -10.25449 -10.25264 -10.25237 -10.25541
 -10.21664 -10.21539 -10.21375 -10.21336 -10.21564
 -10.19144 -10.19035 -10.18890 -10.18844 -10.19012
 -10.17909 -10.17819 -10.17697 -10.17651 -10.17768
 -10.17610 -10.17549 -10.17465 -10.17428 -10.17497
 -10.18247 -10.18224 -10.18190 -10.18172 -10.18187
 -10.19604 -10.19613 -10.19623 -10.19618 -10.19577
 -10.21644 -10.21669 -10.21694 -10.21680 -10.21585
 -10.24241 -10.24266 -10.24287 -10.24251 -10.24103
 ---------------------------------------------------/ Z1=17   / DATE= 22/07/91  
 -74.00000 -74.00000 -74.00000 -74.00000 -74.00000
 -74.00000 -74.00000 -74.00000 -74.00000 -74.00000
 -74.00000 -74.00000 -74.00000 -74.00000 -74.00000
 -74.00000 -74.00000 -74.00000 -74.00000 -74.00000
 -74.00000 -74.00000 -74.00000 -74.00000 -74.00000
 -74.00000 -74.00000 -74.00000 -74.00000 -74.00000
 -74.00000 -74.00000 -74.00000 -74.00000 -74.00000
 -74.00000 -74.00000 -74.00000 -74.00000 -74.00000
 -74.00000 -74.00000 -74.00000 -74.00000 -74.00000
 -74.00000 -74.00000 -74.00000 -74.00000 -74.00000
 -74.00000 -74.00000 -74.00000 -74.00000 -74.00000
 -70.59736 -70.59672 -70.59405 -70.58815 -70.57777
 -53.97488 -53.97421 -53.97035 -53.96034 -53.94116
 -42.59900 -42.59908 -42.59686 -42.58848 -42.57010
 -34.25318 -34.25399 -34.25335 -34.24654 -34.22882
 -28.10956 -28.11110 -28.11200 -28.10663 -28.08939
 -23.60729 -23.60956 -23.61197 -23.60808 -23.59134
 -20.31476 -20.31766 -20.32146 -20.31891 -20.30279
 -17.82406 -17.82740 -17.83208 -17.83058 -17.81535
 -16.03945 -16.04291 -16.04781 -16.04692 -16.03299
 -14.69869 -14.70193 -14.70645 -14.70577 -14.69340
 -13.70154 -13.70424 -13.70792 -13.70716 -13.69646
 -12.96164 -12.96370 -12.96645 -12.96551 -12.95649
 -12.41083 -12.41244 -12.41454 -12.41362 -12.40610
 -11.99767 -11.99912 -12.00108 -12.00048 -11.99422
 -11.68703 -11.68844 -11.69041 -11.69016 -11.68489
 -11.45508 -11.45636 -11.45817 -11.45805 -11.45353
 -11.28192 -11.28301 -11.28454 -11.28438 -11.28042
 -11.15424 -11.15518 -11.15648 -11.15631 -11.15277
 -11.06152 -11.06237 -11.06356 -11.06341 -11.06021
 -10.99664 -10.99741 -10.99851 -10.99837 -10.99550
 -10.95236 -10.95305 -10.95402 -10.95390 -10.95132
 -10.92848 -10.92908 -10.92992 -10.92980 -10.92750
 -10.91505 -10.91561 -10.91639 -10.91627 -10.91413
 -10.91535 -10.91590 -10.91667 -10.91656 -10.91449
 ---------------------------------------------------/ Z1=18   / DATE= 22/07/91  
 -74.00000 -74.00000 -74.00000 -74.00000 -74.00000
 -74.00000 -74.00000 -74.00000 -74.00000 -74.00000
 -74.00000 -74.00000 -74.00000 -74.00000 -74.00000
 -74.00000 -74.00000 -74.00000 -74.00000 -74.00000
 -74.00000 -74.00000 -74.00000 -74.00000 -74.00000
 -74.00000 -74.00000 -74.00000 -74.00000 -74.00000
 -74.00000 -74.00000 -74.00000 -74.00000 -74.00000
 -74.00000 -74.00000 -74.00000 -74.00000 -74.00000
 -74.00000 -74.00000 -74.00000 -74.00000 -74.00000
 -74.00000 -74.00000 -74.00000 -74.00000 -74.00000
 -74.00000 -74.00000 -74.00000 -74.00000 -74.00000
 -73.06298 -73.06074 -73.05701 -73.05062 -73.04024
 -57.55107 -57.54754 -57.54167 -57.53074 -57.51190
 -45.26663 -45.26409 -45.25980 -45.25060 -45.23298
 -36.26645 -36.26488 -36.26214 -36.25454 -36.23805
 -29.68020 -29.67955 -29.67831 -29.67221 -29.65660
 -24.84887 -24.84916 -24.84940 -24.84481 -24.83014
 -21.31768 -21.31884 -21.32049 -21.31736 -21.30364
 -18.64744 -18.64921 -18.65195 -18.65001 -18.63730
 -16.73744 -16.73941 -16.74266 -16.74153 -16.72990
 -15.30565 -15.30759 -15.31100 -15.31044 -15.29990
 -14.23876 -14.24069 -14.24426 -14.24419 -14.23469
 -13.44780 -13.44981 -13.45349 -13.45385 -13.44531
 -12.86031 -12.86232 -12.86594 -12.86650 -12.85882
 -12.42040 -12.42222 -12.42547 -12.42594 -12.41896
 -12.08939 -12.09094 -12.09368 -12.09393 -12.08757
 -11.84267 -11.84405 -11.84650 -11.84669 -11.84093
 -11.65625 -11.65758 -11.65999 -11.66031 -11.65509
 -11.51972 -11.52104 -11.52343 -11.52388 -11.51907
 -11.41923 -11.42049 -11.42276 -11.42319 -11.41866
 -11.34894 -11.35010 -11.35220 -11.35257 -11.34824
 -11.30148 -11.30256 -11.30450 -11.30482 -11.30074
 -11.27198 -11.27298 -11.27481 -11.27512 -11.27134
 -11.25718 -11.25812 -11.25984 -11.26015 -11.25665
 -11.25458 -11.25547 -11.25708 -11.25735 -11.25405
