    2    5   35    1    2     /HELIUM             /HORTON ET AL 1996           
================================================================================
  11.00000  12.00000  13.00000  14.00000  15.00000
   0.00000   0.13535   0.27071   0.40606   0.54142   0.67677   0.81213   0.94748
   1.08284   1.21819   1.35355   1.48890   1.62426   1.75961   1.89497   2.03032
   2.16568   2.30103   2.43638   2.57174   2.70709   2.84245   2.97780   3.11316
   3.24851   3.38387   3.51922   3.65458   3.78993   3.92529   4.06064   4.19600
   4.33135   4.46671   4.60206
---------------------/ IGRD= 1  / IPRT= 1  /--------/ Z1= 1   / DATE= 19/12/97  
 -18.02290 -17.88789 -17.61562 -17.21992 -17.07748
 -15.32272 -15.22713 -14.99967 -14.74556 -14.65346
 -13.33739 -13.27655 -13.11411 -12.96558 -12.89558
 -11.89581 -11.85867 -11.75439 -11.66670 -11.60195
 -10.85168 -10.82903 -10.76379 -10.70545 -10.64120
 -10.08318 -10.06962 -10.02783  -9.98244  -9.92055
  -9.50676  -9.49746  -9.46940  -9.43099  -9.36946
  -9.06665  -9.05980  -9.03889  -9.00468  -8.94320
  -8.72561  -8.72060  -8.70297  -8.67134  -8.61075
  -8.45728  -8.45303  -8.43809  -8.40756  -8.34855
  -8.24315  -8.23909  -8.22633  -8.19691  -8.13991
  -8.07137  -8.06799  -8.05540  -8.02878  -7.97386
  -7.93400  -7.93135  -7.91958  -7.89481  -7.84234
  -7.82557  -7.82335  -7.81291  -7.78862  -7.73951
  -7.74196  -7.73994  -7.73084  -7.70694  -7.66088
  -7.67956  -7.67772  -7.67004  -7.64737  -7.60317
  -7.63526  -7.63352  -7.62714  -7.60602  -7.56367
  -7.60775  -7.60606  -7.60007  -7.58124  -7.54008
  -7.59166  -7.59001  -7.58563  -7.56669  -7.52714
  -7.58024  -7.57863  -7.57630  -7.55668  -7.51891
  -7.57096  -7.56940  -7.56903  -7.54911  -7.51306
  -7.56368  -7.56218  -7.56384  -7.54359  -7.50930
  -7.55778  -7.55634  -7.56006  -7.53951  -7.50699
  -7.55290  -7.55152  -7.55731  -7.53648  -7.50575
  -7.54878  -7.54746  -7.55534  -7.53425  -7.50529
  -7.54520  -7.54395  -7.55392  -7.53258  -7.50540
  -7.54204  -7.54085  -7.55291  -7.53133  -7.50595
  -7.53917  -7.53805  -7.55220  -7.53039  -7.50680
  -7.53652  -7.53547  -7.55172  -7.52967  -7.50787
  -7.53404  -7.53304  -7.55139  -7.52912  -7.50911
  -7.53168  -7.53075  -7.55120  -7.52871  -7.51049
  -7.52940  -7.52853  -7.55107  -7.52836  -7.51193
  -7.52713  -7.52632  -7.55096  -7.52802  -7.51339
  -7.52485  -7.52411  -7.55085  -7.52769  -7.51484
  -7.52258  -7.52189  -7.55074  -7.52735  -7.51629
---------------------/ IGRD= 1  / IPRT= 1  /--------/ Z1= 2   / DATE= 19/12/97  
 -32.46189 -32.26409 -31.99621 -31.55506 -30.82288
 -26.14412 -25.96968 -25.73758 -25.37328 -24.75134
 -21.49820 -21.35873 -21.16583 -20.84668 -20.29130
 -18.09524 -17.98159 -17.81904 -17.54554 -17.07660
 -15.58129 -15.48767 -15.35117 -15.12225 -14.73745
 -13.73720 -13.66031 -13.54674 -13.35394 -13.03372
 -12.37034 -12.30773 -12.21312 -12.05229 -11.79029
 -11.35379 -11.30405 -11.22689 -11.09405 -10.87936
 -10.59648 -10.55661 -10.49458 -10.38577 -10.20820
 -10.03019  -9.99742  -9.94633  -9.85806  -9.71159
  -9.60467  -9.57800  -9.53467  -9.46286  -9.34262
  -9.28236  -9.26068  -9.22426  -9.16510  -9.06582
  -9.03682  -9.01855  -8.98831  -8.93982  -8.85576
  -8.85064  -8.83477  -8.80887  -8.76818  -8.69649
  -8.70875  -8.69514  -8.67267  -8.63756  -8.57579
  -8.60082  -8.58956  -8.57069  -8.53990  -8.48578
  -8.52183  -8.51235  -8.49592  -8.46776  -8.42098
  -8.46618  -8.45800  -8.44285  -8.41802  -8.37522
  -8.42913  -8.42151  -8.40790  -8.38541  -8.34629
  -8.40765  -8.40070  -8.38869  -8.36795  -8.33137
  -8.39953  -8.39362  -8.38239  -8.36319  -8.32841
  -8.40305  -8.39799  -8.38673  -8.36860  -8.33609
  -8.41618  -8.41088  -8.40112  -8.38349  -8.35239
  -8.43363  -8.42769  -8.42008  -8.40285  -8.37263
  -8.45293  -8.44635  -8.44090  -8.42407  -8.39470
  -8.47351  -8.46629  -8.46301  -8.44656  -8.41807
  -8.49505  -8.48720  -8.48607  -8.47003  -8.44238
  -8.51729  -8.50880  -8.50983  -8.49418  -8.46741
  -8.54005  -8.53091  -8.53411  -8.51885  -8.49294
  -8.56318  -8.55340  -8.55876  -8.54390  -8.51885
  -8.58660  -8.57618  -8.58370  -8.56923  -8.54505
  -8.61019  -8.59912  -8.60881  -8.59474  -8.57141
  -8.63380  -8.62208  -8.63394  -8.62026  -8.59779
  -8.65740  -8.64504  -8.65907  -8.64578  -8.62417
  -8.68101  -8.66800  -8.68420  -8.67130  -8.65056
