    1    5   35    1    1     /HYDROGEN           /SUMMERS ET AL 1996          
================================================================================
  11.00000  12.00000  13.00000  14.00000  15.00000
   0.00000   0.13535   0.27071   0.40606   0.54142   0.67677   0.81213   0.94748
   1.08284   1.21819   1.35355   1.48890   1.62426   1.75961   1.89497   2.03032
   2.16568   2.30103   2.43638   2.57174   2.70709   2.84245   2.97780   3.11316
   3.24851   3.38387   3.51922   3.65458   3.78993   3.92529   4.06064   4.19600
   4.33135   4.46671   4.60206
---------------------/ IPRT= 1  / IGRD= 1  /--------/ Z1= 1   / DATE= 19/04/99  
 -13.83931 -13.68878 -13.43209 -13.08630 -12.62424
 -12.24386 -12.11125 -11.88843 -11.60348 -11.22335
 -11.06000 -10.94515 -10.75319 -10.51279 -10.19327
 -10.17389 -10.07574  -9.91231  -9.70801  -9.43586
  -9.50873  -9.42528  -9.28650  -9.11335  -8.88235
  -9.00206  -8.93196  -8.81512  -8.66593  -8.46508
  -8.61342  -8.55511  -8.45769  -8.32656  -8.14353
  -8.31255  -8.26267  -8.17743  -8.06283  -7.89680
  -8.07921  -8.03625  -7.96105  -7.85905  -7.70747
  -7.89884  -7.86252  -7.79825  -7.70333  -7.55844
  -7.76101  -7.72956  -7.67280  -7.58336  -7.44284
  -7.65744  -7.62976  -7.57898  -7.49381  -7.35623
  -7.58215  -7.55728  -7.51108  -7.42951  -7.29416
  -7.53034  -7.50754  -7.46480  -7.38630  -7.25271
  -7.49807  -7.47679  -7.43670  -7.36086  -7.22859
  -7.48198  -7.46184  -7.42379  -7.35032  -7.21900
  -7.47920  -7.45994  -7.42352  -7.35223  -7.22162
  -7.48726  -7.46874  -7.43367  -7.36440  -7.23453
  -7.50393  -7.48613  -7.45224  -7.38482  -7.25586
  -7.52761  -7.51048  -7.47771  -7.41200  -7.28384
  -7.55708  -7.54059  -7.50893  -7.44479  -7.31719
  -7.59137  -7.57547  -7.54489  -7.48228  -7.35503
  -7.62984  -7.61449  -7.58489  -7.52382  -7.39729
  -7.67188  -7.65702  -7.62827  -7.56870  -7.44370
  -7.71684  -7.70244  -7.67445  -7.61635  -7.49330
  -7.76420  -7.75023  -7.72299  -7.66630  -7.54520
  -7.81354  -7.79998  -7.77350  -7.71820  -7.59902
  -7.86462  -7.85145  -7.82570  -7.77180  -7.65468
  -7.91715  -7.90435  -7.87930  -7.82682  -7.71200
  -7.97068  -7.95824  -7.93389  -7.88286  -7.77072
  -8.02458  -8.01251  -7.98887  -7.93932  -7.83011
  -8.07850  -8.06679  -8.04387  -7.99579  -7.88954
  -8.13241  -8.12108  -8.09887  -8.05227  -7.94898
  -8.18634  -8.17537  -8.15387  -8.10876  -8.00840
  -8.24026  -8.22966  -8.20887  -8.16525  -8.06782
