    6    5   35    1    6     /CARBON             /HORTON ET AL 1996           
================================================================================
  11.00000  12.00000  13.00000  14.00000  15.00000
   0.00000   0.13535   0.27071   0.40606   0.54142   0.67677   0.81213   0.94748
   1.08284   1.21819   1.35355   1.48890   1.62426   1.75961   1.89497   2.03032
   2.16568   2.30103   2.43638   2.57174   2.70709   2.84245   2.97780   3.11316
   3.24851   3.38387   3.51922   3.65458   3.78993   3.92529   4.06064   4.19600
   4.33135   4.46671   4.60206
---------------------/ IGRD= 1  / IPRT= 1  /--------/ Z1= 1   / DATE= 08/12/97  
 -12.16204 -12.04296 -11.85737 -11.38195 -10.84707
 -10.89216 -10.79286 -10.62814 -10.22388  -9.81141
  -9.95125  -9.87030  -9.72418  -9.38149  -9.05814
  -9.25430  -9.18717  -9.05808  -8.76305  -8.49885
  -8.74120  -8.68423  -8.56728  -8.30577  -8.07890
  -8.34953  -8.30228  -8.19633  -7.95961  -7.75683
  -8.04316  -8.00434  -7.90957  -7.69424  -7.50751
  -7.79948  -7.76699  -7.68383  -7.48775  -7.31252
  -7.60492  -7.57759  -7.50541  -7.32669  -7.16070
  -7.44827  -7.42602  -7.36334  -7.20059  -7.04287
  -7.32280  -7.30453  -7.25035  -7.10209  -6.95228
  -7.22346  -7.20772  -7.16133  -7.02657  -6.88398
  -7.14533  -7.13182  -7.09176  -6.96972  -6.83295
  -7.08529  -7.07401  -7.03878  -6.92841  -6.79754
  -7.04084  -7.03132  -7.00011  -6.90015  -6.77426
  -7.00930  -7.00088  -6.97343  -6.88292  -6.76022
  -6.98854  -6.98121  -6.95689  -6.87505  -6.75538
  -6.97716  -6.97113  -6.94907  -6.87408  -6.75733
  -6.97281  -6.96731  -6.94757  -6.87625  -6.76105
  -6.97118  -6.96599  -6.94863  -6.88023  -6.76622
  -6.97063  -6.96581  -6.95080  -6.88562  -6.77299
  -6.97115  -6.96666  -6.95402  -6.89198  -6.78071
  -6.97239  -6.96823  -6.95795  -6.89906  -6.78918
  -6.97415  -6.97030  -6.96239  -6.90666  -6.79817
  -6.97630  -6.97275  -6.96721  -6.91466  -6.80758
  -6.97871  -6.97547  -6.97230  -6.92292  -6.81727
  -6.98133  -6.97838  -6.97759  -6.93137  -6.82717
  -6.98409  -6.98143  -6.98300  -6.93997  -6.83724
  -6.98695  -6.98458  -6.98852  -6.94867  -6.84740
  -6.98988  -6.98779  -6.99410  -6.95743  -6.85764
  -6.99287  -6.99105  -6.99973  -6.96625  -6.86795
  -6.99588  -6.99434  -7.00538  -6.97510  -6.87828
  -6.99889  -6.99763  -7.01104  -6.98394  -6.88863
  -7.00190  -7.00092  -7.01671  -6.99280  -6.89898
  -7.00492  -7.00420  -7.02237  -7.00166  -6.90933
---------------------/ IGRD= 1  / IPRT= 1  /--------/ Z1= 2   / DATE= 08/12/97  
 -18.05781 -17.99275 -17.78299 -17.12007 -16.03567
 -15.21766 -15.17035 -15.04548 -14.62254 -13.65925
 -13.14420 -13.10546 -13.02519 -12.74083 -11.95835
 -11.64580 -11.61372 -11.55520 -11.34786 -10.72375
 -10.56834 -10.54180 -10.49291 -10.33128  -9.82560
  -9.78105  -9.75748  -9.71589  -9.58372  -9.16572
  -9.19902  -9.17938  -9.14376  -9.03237  -8.67977
  -8.76522  -8.74892  -8.71739  -8.62221  -8.32093
  -8.43892  -8.42470  -8.39624  -8.31469  -8.05570
  -8.18839  -8.17600  -8.15189  -8.08139  -7.85680
  -7.99496  -7.98463  -7.96404  -7.90349  -7.70693
  -7.84549  -7.83766  -7.81855  -7.76764  -7.59559
  -7.73156  -7.72553  -7.70923  -7.66464  -7.51380
  -7.64643  -7.64114  -7.62729  -7.58836  -7.45432
  -7.58414  -7.57951  -7.56780  -7.53328  -7.41365
  -7.54072  -7.53678  -7.52701  -7.49535  -7.38896
  -7.51321  -7.50935  -7.50014  -7.47234  -7.37589
  -7.49776  -7.49398  -7.48563  -7.46173  -7.37185
  -7.49166  -7.48858  -7.48155  -7.46055  -7.37661
  -7.49443  -7.49175  -7.48587  -7.46655  -7.38815
  -7.50461  -7.50196  -7.49671  -7.47873  -7.40519
  -7.52053  -7.51790  -7.51286  -7.49677  -7.42746
  -7.54165  -7.53884  -7.53447  -7.51997  -7.45441
  -7.56506  -7.56198  -7.55850  -7.54537  -7.48339
  -7.58933  -7.58597  -7.58341  -7.57162  -7.51318
  -7.61418  -7.61055  -7.60891  -7.59843  -7.54355
  -7.63946  -7.63556  -7.63482  -7.62566  -7.57435
  -7.66504  -7.66087  -7.66103  -7.65318  -7.60542
  -7.69083  -7.68638  -7.68747  -7.68089  -7.63669
  -7.71677  -7.71205  -7.71405  -7.70874  -7.66809
  -7.74282  -7.73784  -7.74074  -7.73669  -7.69959
  -7.76891  -7.76366  -7.76747  -7.76468  -7.73114
  -7.79501  -7.78950  -7.79422  -7.79267  -7.76268
  -7.82109  -7.81534  -7.82097  -7.82066  -7.79423
  -7.84718  -7.84117  -7.84771  -7.84865  -7.82578
---------------------/ IGRD= 1  / IPRT= 1  /--------/ Z1= 3   / DATE= 08/12/97  
 -28.29865 -28.11059 -27.81102 -27.20635 -26.08841
 -22.74658 -22.59157 -22.35253 -21.88525 -20.93766
 -18.75761 -18.64030 -18.46021 -18.09765 -17.29643
 -15.86145 -15.77244 -15.63292 -15.35432 -14.68709
 -13.79223 -13.72579 -13.62045 -13.40402 -12.85485
 -12.28005 -12.22870 -12.14867 -11.98232 -11.53609
 -11.16420 -11.12557 -11.06507 -10.93754 -10.58015
 -10.33167 -10.30276 -10.25706 -10.15907  -9.87781
  -9.71201  -9.68957  -9.65431  -9.57931  -9.35830
  -9.24966  -9.23173  -9.20447  -9.14680  -8.97276
  -8.90520  -8.89044  -8.86987  -8.82441  -8.68937
  -8.65049  -8.63867  -8.62239  -8.58646  -8.48047
  -8.46275  -8.45394  -8.44036  -8.41193  -8.32674
  -8.32648  -8.31949  -8.30832  -8.28518  -8.21511
  -8.22756  -8.22156  -8.21233  -8.19295  -8.13467
  -8.15586  -8.15108  -8.14309  -8.12655  -8.07756
  -8.10630  -8.10245  -8.09552  -8.08108  -8.03909
  -8.07379  -8.07005  -8.06400  -8.05160  -8.01521
  -8.05449  -8.05097  -8.04588  -8.03494  -8.00322
  -8.04596  -8.04317  -8.03837  -8.02853  -8.00075
  -8.04640  -8.04422  -8.03967  -8.03070  -8.00600
  -8.05438  -8.05222  -8.04858  -8.04020  -8.01776
  -8.06875  -8.06667  -8.06334  -8.05569  -8.03522
  -8.08807  -8.08613  -8.08291  -8.07623  -8.05754
  -8.11213  -8.11039  -8.10732  -8.10113  -8.08411
  -8.13963  -8.13828  -8.13510  -8.12885  -8.11352
  -8.16841  -8.16757  -8.16410  -8.15766  -8.14406
  -8.19766  -8.19730  -8.19355  -8.18696  -8.17506
  -8.22731  -8.22743  -8.22340  -8.21668  -8.20645
  -8.25727  -8.25788  -8.25356  -8.24670  -8.23816
  -8.28745  -8.28855  -8.28395  -8.27694  -8.27008
  -8.31777  -8.31935  -8.31447  -8.30732  -8.30214
  -8.34812  -8.35018  -8.34501  -8.33773  -8.33422
  -8.37847  -8.38101  -8.37554  -8.36814  -8.36630
  -8.40881  -8.41184  -8.40607  -8.39855  -8.39838
---------------------/ IGRD= 1  / IPRT= 1  /--------/ Z1= 4   / DATE= 08/12/97  
 -36.91688 -36.68310 -36.34848 -35.83627 -34.66841
 -29.47879 -29.28512 -29.00628 -28.58718 -27.63989
 -23.93923 -23.78394 -23.56018 -23.22023 -22.45741
 -19.89924 -19.78148 -19.60365 -19.32842 -18.70541
 -16.92336 -16.82925 -16.68491 -16.45919 -15.94691
 -14.73302 -14.65957 -14.54559 -14.35912 -13.93166
 -13.11679 -13.05904 -12.96823 -12.81532 -12.45161
 -11.91986 -11.87449 -11.80188 -11.67614 -11.36256
 -11.03387 -10.99823 -10.94013 -10.83535 -10.56448
 -10.37530 -10.34575 -10.30074 -10.21215  -9.97726
  -9.88384  -9.86093  -9.82491  -9.75004  -9.54461
  -9.51765  -9.50191  -9.46935  -9.40726  -9.22677
  -9.24676  -9.23178  -9.20560  -9.15310  -8.99300
  -9.04595  -9.02976  -9.00971  -8.96525  -8.82073
  -8.89491  -8.88294  -8.86547  -8.82589  -8.69649
  -8.78296  -8.77544  -8.75936  -8.72363  -8.60813
  -8.70305  -8.69507  -8.68080  -8.65118  -8.54502
  -8.64551  -8.63846  -8.62597  -8.59999  -8.50323
  -8.60491  -8.59882  -8.58850  -8.56399  -8.47744
  -8.57859  -8.57380  -8.56428  -8.54194  -8.46363
  -8.56418  -8.56048  -8.55123  -8.53159  -8.46026
  -8.55969  -8.55576  -8.54803  -8.53027  -8.46596
  -8.56405  -8.56079  -8.55437  -8.53752  -8.47848
  -8.57606  -8.57256  -8.56709  -8.55155  -8.49811
  -8.59376  -8.59146  -8.58570  -8.57136  -8.52288
  -8.61677  -8.61569  -8.60902  -8.59659  -8.55177
  -8.64447  -8.64278  -8.63638  -8.62592  -8.58496
  -8.67456  -8.67273  -8.66788  -8.65730  -8.62105
  -8.70561  -8.70366  -8.70051  -8.68954  -8.65804
  -8.73704  -8.73492  -8.73334  -8.72217  -8.69523
  -8.76885  -8.76657  -8.76656  -8.75515  -8.73269
  -8.80080  -8.79838  -8.79988  -8.78826  -8.77019
  -8.83278  -8.83023  -8.83323  -8.82139  -8.80770
  -8.86476  -8.86207  -8.86656  -8.85452  -8.84520
  -8.89674  -8.89391  -8.89990  -8.88765  -8.88270
---------------------/ IGRD= 1  / IPRT= 1  /--------/ Z1= 5   / DATE= 08/12/97  
 -74.00000 -74.00000 -74.00000 -74.00000 -74.00000
 -73.92387 -73.91798 -73.91091 -73.90315 -73.88830
 -73.97186 -73.96679 -73.96070 -73.95414 -73.94170
 -71.26683 -71.11881 -70.94152 -70.74391 -70.36415
 -60.86432 -60.59890 -60.28447 -59.90623 -59.15692
 -46.24774 -46.09064 -45.90442 -45.62554 -45.01669
 -35.91589 -35.82907 -35.71029 -35.50487 -34.99472
 -29.18105 -29.10979 -29.00785 -28.83061 -28.36250
 -23.90364 -23.84471 -23.76554 -23.61831 -23.20891
 -20.15095 -20.10372 -20.03873 -19.91780 -19.55803
 -17.34633 -17.30914 -17.25823 -17.16102 -16.85259
 -15.28669 -15.25737 -15.21819 -15.14079 -14.88224
 -13.76072 -13.73773 -13.70828 -13.64752 -13.43660
 -12.62577 -12.60828 -12.58545 -12.53919 -12.37160
 -11.77933 -11.76560 -11.74792 -11.71391 -11.58486
 -11.14608 -11.13518 -11.12212 -11.09645 -11.00106
 -10.67058 -10.66302 -10.65299 -10.63304 -10.56451
 -10.31222 -10.30630 -10.29865 -10.28477 -10.23561
 -10.04244 -10.03595 -10.02997 -10.01939  -9.98541
  -9.83761  -9.83260  -9.82808  -9.81991  -9.79593
  -9.68291  -9.68000  -9.67696  -9.67067  -9.65300
  -9.56815  -9.56538  -9.56315  -9.55733  -9.54497
  -9.48413  -9.48300  -9.48022  -9.47557  -9.46643
  -9.42553  -9.42418  -9.42232  -9.41842  -9.41122
  -9.38665  -9.38537  -9.38379  -9.38078  -9.37491
  -9.36299  -9.36276  -9.36045  -9.35830  -9.35374
  -9.35215  -9.35177  -9.34975  -9.34780  -9.34423
  -9.35202  -9.35081  -9.34960  -9.34768  -9.34440
  -9.35998  -9.35868  -9.35758  -9.35560  -9.35315
  -9.37212  -9.37125  -9.36974  -9.36768  -9.36648
  -9.38599  -9.38542  -9.38360  -9.38144  -9.38137
  -9.40112  -9.40090  -9.39873  -9.39648  -9.39756
  -9.41642  -9.41656  -9.41404  -9.41168  -9.41393
  -9.43170  -9.43219  -9.42933  -9.42687  -9.43028
  -9.44698  -9.44783  -9.44462  -9.44205  -9.44663
---------------------/ IGRD= 1  / IPRT= 1  /--------/ Z1= 6   / DATE= 08/12/97  
 -73.99986 -73.99985 -73.99985 -73.99984 -73.99984
 -73.99233 -73.99207 -73.99187 -73.99169 -73.99151
 -73.79894 -73.79239 -73.78746 -73.78295 -73.77816
 -74.00000 -74.00000 -74.00000 -74.00000 -74.00000
 -70.10866 -69.98639 -69.89392 -69.80920 -69.71888
 -55.96238 -55.60832 -55.32164 -55.04267 -54.73327
 -43.25786 -43.11551 -42.94231 -42.72757 -42.45638
 -34.41389 -34.37712 -34.28204 -34.13837 -33.93880
 -28.02724 -27.93526 -27.82076 -27.67857 -27.49044
 -23.21180 -23.16861 -23.09493 -22.99017 -22.84252
 -19.71089 -19.67550 -19.61748 -19.53189 -19.40928
 -17.12840 -17.10270 -17.05806 -16.99118 -16.89074
 -15.22289 -15.20494 -15.16948 -15.11729 -15.03766
 -13.81489 -13.80127 -13.77447 -13.73329 -13.67092
 -12.77100 -12.76015 -12.74042 -12.70863 -12.65877
 -11.99534 -11.98746 -11.97219 -11.94740 -11.90744
 -11.41786 -11.41223 -11.40033 -11.38055 -11.34846
 -10.98811 -10.98323 -10.97236 -10.95814 -10.93100
 -10.66579 -10.66242 -10.65458 -10.64286 -10.62095
 -10.42517 -10.42243 -10.41727 -10.40712 -10.38978
 -10.24694 -10.24435 -10.23985 -10.23177 -10.21738
 -10.11461 -10.11310 -10.10861 -10.10215 -10.08980
 -10.01832 -10.01663 -10.01348 -10.00729  -9.99726
  -9.95134  -9.94633  -9.94625  -9.93867  -9.93059
  -9.90277  -9.90003  -9.89839  -9.89242  -9.88551
  -9.87102  -9.87000  -9.86734  -9.86411  -9.85751
  -9.85549  -9.85086  -9.85100  -9.84811  -9.84155
  -9.84861  -9.84442  -9.84452  -9.84154  -9.83535
  -9.84921  -9.84771  -9.84750  -9.84414  -9.83812
  -9.85847  -9.85858  -9.85642  -9.85497  -9.84869
  -9.87402  -9.87411  -9.86795  -9.87070  -9.86397
  -9.89062  -9.89097  -9.88113  -9.88773  -9.88057
  -9.90741  -9.90802  -9.89453  -9.90496  -9.89737
  -9.92416  -9.92505  -9.90790  -9.92215  -9.91414
  -9.94091  -9.94207  -9.92127  -9.93934  -9.93092
