iter #10000 Name         Time    Value   Error
|____|--|____|--|____|--|____|----------------
NA1              100
AB               2.1546
AWALL            2.3701
RTOR             6.2
ELONM            2.0155
TRICH            0.51144
IPL              14.9957
BTOR             5.3
ZMJ              1.
AMJ              2.5
              
              
              
FILTER 0.00001

!Coil currents 
NAMEXP CCOIL NTIMES 1  POINTS 13   
 0.0000 
  3.3814
  -19.6520
  -40.4680
  -19.4660
    6.5107
   17.6680
  -20.8380
  -32.8810
  -26.7390
  -38.0860
   37.8170
   -2.3545
   -2.3545
!Coil voltages 
NAMEXP VCOIL NTIMES 1  POINTS 13   
 0.0000 
  3.3814
  -19.6520
  -40.4680
  -19.4660
    6.5107
   17.6680
  -20.8380
  -32.8810
  -26.7390
  -38.0860
   37.8170
   -2.3545
   -2.3545


    
NAMEXP TE GRIDTYPE 12 POINTS 50 NTIMES 1
0.
0
0.0068506
0.027402
0.054805
0.082207
0.10961
0.13701
0.16441
0.19182
0.21922
0.24662
0.27402
0.30143
0.32883
0.35623
0.38363
0.41104
0.43844
0.46584
0.49324
0.52065
0.54805
0.57545
0.60285
0.62957
0.65495
0.67906
0.70197
0.72373
0.74441
0.76405
0.7827
0.80043
0.81727
0.83326
0.84846
0.8629
0.87661
0.88964
0.90202
0.91378
0.92495
0.93556
0.94564
0.95522
0.96432
0.97297
0.98118
0.98898
0.99639
16.2304
16.2304
16.2086
16.1511
16.0558
15.9218
15.7491
15.5383
15.2907
15.008
14.6924
14.3466
13.9734
13.576
13.1577
12.7221
12.2728
11.8134
11.3476
10.8789
10.4109
9.9467
9.4894
9.0418
8.6271
8.2444
7.8923
7.5692
7.2734
7.002
6.7518
6.5219
6.311
6.1178
5.941
5.7791
5.6311
5.4956
5.3715
5.2578
5.1536
5.0579
4.9218
4.7967
4.6815
3.6265
2.6515
1.7523
0.92622
0.19
    
NAMEXP NE GRIDTYPE 12  POINTS 50 NTIMES 1
0.
0
0.0068506
0.027402
0.054805
0.082207
0.10961
0.13701
0.16441
0.19182
0.21922
0.24662
0.27402
0.30143
0.32883
0.35623
0.38363
0.41104
0.43844
0.46584
0.49324
0.52065
0.54805
0.57545
0.60285
0.62957
0.65495
0.67906
0.70197
0.72373
0.74441
0.76405
0.7827
0.80043
0.81727
0.83326
0.84846
0.8629
0.87661
0.88964
0.90202
0.91378
0.92495
0.93556
0.94564
0.95522
0.96432
0.97297
0.98118
0.98898
0.99639
12.6323
12.6323
12.6291
12.6213
12.6083
12.5898
12.5655
12.5354
12.4993
12.4575
12.41
12.3571
12.2991
12.2363
12.1693
12.0986
12.0247
11.9482
11.8696
11.7894
11.7062
11.6248
11.5436
11.4625
11.3856
11.3113
11.2387
11.1669
11.0949
11.0218
10.9467
10.8689
10.7876
10.7021
10.6119
10.5163
10.4148
10.3066
10.1912
10.0678
9.9355
9.7932
9.6326
9.4594
9.2704
8.9719
8.6999
8.4142
8.0562
7.1734
    
NAMEXP TI GRIDTYPE 12  POINTS 50 NTIMES 1
0.
0
0.0068506
0.027402
0.054805
0.082207
0.10961
0.13701
0.16441
0.19182
0.21922
0.24662
0.27402
0.30143
0.32883
0.35623
0.38363
0.41104
0.43844
0.46584
0.49324
0.52065
0.54805
0.57545
0.60285
0.62957
0.65495
0.67906
0.70197
0.72373
0.74441
0.76405
0.7827
0.80043
0.81727
0.83326
0.84846
0.8629
0.87661
0.88964
0.90202
0.91378
0.92495
0.93556
0.94564
0.95522
0.96432
0.97297
0.98118
0.98898
0.99639
14.5107
14.5107
14.4946
14.4521
14.3814
14.2816
14.1524
13.9938
13.8063
13.591
13.3489
13.0817
12.791
12.4789
12.1476
11.7993
11.4365
11.0618
10.6778
10.2872
9.8926
9.4968
9.1022
8.7115
8.3452
8.0034
7.6857
7.3912
7.1189
6.8676
6.636
6.4227
6.2264
6.046
5.8801
5.7275
5.5873
5.4583
5.3396
5.2303
5.1296
5.0367
4.9039
4.7813
4.668
3.6249
2.6564
1.7589
0.9303
0.19
    
NAMEXP CAR1 GRIDTYPE 12  POINTS 50 NTIMES 1
0.
0
0.0068506
0.027402
0.054805
0.082207
0.10961
0.13701
0.16441
0.19182
0.21922
0.24662
0.27402
0.30143
0.32883
0.35623
0.38363
0.41104
0.43844
0.46584
0.49324
0.52065
0.54805
0.57545
0.60285
0.62957
0.65495
0.67906
0.70197
0.72373
0.74441
0.76405
0.7827
0.80043
0.81727
0.83326
0.84846
0.8629
0.87661
0.88964
0.90202
0.91378
0.92495
0.93556
0.94564
0.95522
0.96432
0.97297
0.98118
0.98898
0.99639
0
0.27455
0.2678
0.26484
0.26079
0.25579
0.24991
0.24321
0.23574
0.22754
0.21867
0.20916
0.19907
0.18846
0.17738
0.16583
0.15378
0.14127
0.12868
0.1163
0.10419
0.092345
0.080873
0.069862
0.059785
0.050711
0.04258
0.035326
0.028883
0.023185
0.018167
0.013767
0.0099251
0.0065857
0.0037016
0.0012265
-0.0008816
-0.0026602
-0.0041428
-0.0053607
-0.0063423
-0.0071015
-0.0078866
-0.0084319
-0.0084896
-0.011484
-0.014714
-0.019354
-0.023429
-0.011792
    
NAMEXP CAR2 GRIDTYPE 12  POINTS 50 NTIMES 1
0.
0
0.0068506
0.027402
0.054805
0.082207
0.10961
0.13701
0.16441
0.19182
0.21922
0.24662
0.27402
0.30143
0.32883
0.35623
0.38363
0.41104
0.43844
0.46584
0.49324
0.52065
0.54805
0.57545
0.60285
0.62957
0.65495
0.67906
0.70197
0.72373
0.74441
0.76405
0.7827
0.80043
0.81727
0.83326
0.84846
0.8629
0.87661
0.88964
0.90202
0.91378
0.92495
0.93556
0.94564
0.95522
0.96432
0.97297
0.98118
0.98898
0.99639
0
0.067358
0.067134
0.066547
0.065576
0.064217
0.062476
0.060369
0.057922
0.055169
0.05215
0.048914
0.045512
0.041997
0.038427
0.034857
0.03134
0.027926
0.024661
0.02158
0.018713
0.016085
0.013706
0.011581
0.0097904
0.0082895
0.007035
0.0059884
0.0051154
0.0043865
0.0037762
0.0032644
0.0028342
0.0024715
0.0021647
0.0019041
0.0016817
0.001491
0.0013266
0.0011841
0.0010598
0.00095076
0.00081844
0.00070595
0.00060955
0.00017752
3.4701e-05
3.1827e-06
4.3781e-08
1.1392e-14
    
NAMEXP CAR3 GRIDTYPE 12  POINTS 50 NTIMES 1
0.
0
0.0068506
0.027402
0.054805
0.082207
0.10961
0.13701
0.16441
0.19182
0.21922
0.24662
0.27402
0.30143
0.32883
0.35623
0.38363
0.41104
0.43844
0.46584
0.49324
0.52065
0.54805
0.57545
0.60285
0.62957
0.65495
0.67906
0.70197
0.72373
0.74441
0.76405
0.7827
0.80043
0.81727
0.83326
0.84846
0.8629
0.87661
0.88964
0.90202
0.91378
0.92495
0.93556
0.94564
0.95522
0.96432
0.97297
0.98118
0.98898
0.99639
1.3815
1.3815
1.3813
1.3808
1.3799
1.3786
1.3769
1.3748
1.3723
1.3693
1.3659
1.3621
1.3579
1.3533
1.3484
1.343
1.3374
1.3315
1.3253
1.3189
1.3122
1.3056
1.2991
1.2929
1.2873
1.2823
1.2778
1.2738
1.2702
1.267
1.2642
1.2616
1.2593
1.2573
1.2554
1.2537
1.2522
1.2508
1.2495
1.2484
1.2474
1.2465
1.2449
1.2434
1.2421
1.2292
1.2217
1.2151
1.2074
1.1402
    
NAMEXP MU GRIDTYPE 12  POINTS 50 NTIMES 1
0.
0
0.0068506
0.027402
0.054805
0.082207
0.10961
0.13701
0.16441
0.19182
0.21922
0.24662
0.27402
0.30143
0.32883
0.35623
0.38363
0.41104
0.43844
0.46584
0.49324
0.52065
0.54805
0.57545
0.60285
0.62957
0.65495
0.67906
0.70197
0.72373
0.74441
0.76405
0.7827
0.80043
0.81727
0.83326
0.84846
0.8629
0.87661
0.88964
0.90202
0.91378
0.92495
0.93556
0.94564
0.95522
0.96432
0.97297
0.98118
0.98898
0.99639
1.0218
1.0219
1.0194
1.0133
1.0095
1.0079
1.0068
1.0055
1.0041
1.0034
1.003
1.0028
1.0031
1.0034
1.0029
0.99988
0.98925
0.96466
0.92637
0.88199
0.83711
0.7932
0.75044
0.70896
0.67079
0.63572
0.60348
0.57383
0.54653
0.52137
0.49816
0.47671
0.45685
0.43841
0.42137
0.40568
0.39124
0.37792
0.36568
0.35444
0.34401
0.33402
0.32451
0.3146
0.3064
0.30082
0.29493
0.2856
0.27491
0.27018
    
NAMEXP BND POINTS 49 NTIMES 1
0.
5.0673 -3.2812
4.957 -3
4.8302 -2.625
4.7219 -2.25
4.6265 -1.875
4.5413 -1.5
4.4662 -1.125
4.4021 -0.75
4.3387 -0.28125
4.3025 0.09375
4.2758 0.5625
4.2705 1.0312
4.2871 1.5
4.3164 1.875
4.3759 2.3438
4.4463 2.7188
4.5463 3.0938
4.6875 3.4447
4.875 3.7227
5.1562 3.9162
5.5312 3.9606
5.9062 3.8781
6.2096 3.75
6.5333 3.5625
6.7906 3.375
7.0312 3.1647
7.2774 2.9062
7.4982 2.625
7.6805 2.3438
7.8307 2.0625
7.9688 1.7386
8.0756 1.4062
8.1564 1.0312
8.2006 0.5625
8.1806 0.09375
8.1184 -0.28125
8.0127 -0.65625
7.875 -1.0003
7.7132 -1.3125
7.5335 -1.5938
7.317 -1.875
7.125 -2.0887
6.8606 -2.3438
6.6394 -2.5312
6.375 -2.7304
6.0938 -2.9181
5.7952 -3.0938
5.4375 -3.2757
5.1562 -3.4019
