    6    5   35    1    6     /CARBON             /HORTON ET AL 1996           
================================================================================
  11.00000  12.00000  13.00000  14.00000  15.00000
   0.00000   0.13535   0.27071   0.40606   0.54142   0.67677   0.81213   0.94748
   1.08284   1.21819   1.35355   1.48890   1.62426   1.75961   1.89497   2.03032
   2.16568   2.30103   2.43638   2.57174   2.70709   2.84245   2.97780   3.11316
   3.24851   3.38387   3.51922   3.65458   3.78993   3.92529   4.06064   4.19600
   4.33135   4.46671   4.60206
---------------------/ IGRD= 1  / IPRT= 1  /--------/ Z1= 1   / DATE= 08/12/97  
 -12.08331 -12.04962 -11.92165 -11.62977 -11.23583
 -12.14664 -12.12990 -12.04508 -11.84741 -11.59373
 -12.17575 -12.18374 -12.13942 -12.02325 -11.87114
 -12.15922 -12.20293 -12.19906 -12.15542 -12.08149
 -12.11431 -12.19792 -12.23238 -12.25116 -12.24015
 -12.07348 -12.19197 -12.25874 -12.32641 -12.36329
 -12.06350 -12.20629 -12.29547 -12.39706 -12.46611
 -12.08593 -12.24490 -12.34871 -12.47135 -12.55892
 -12.13446 -12.30506 -12.41756 -12.55213 -12.64792
 -12.20880 -12.38759 -12.50466 -12.64504 -12.74329
 -12.30670 -12.49200 -12.61149 -12.75295 -12.85203
 -12.42308 -12.61247 -12.73182 -12.87076 -12.96949
 -12.55428 -12.74407 -12.86233 -12.99752 -13.09485
 -12.69920 -12.88942 -13.00735 -13.13967 -13.23678
 -12.85431 -13.04680 -13.16320 -13.29172 -13.38862
 -13.01948 -13.21276 -13.32590 -13.44897 -13.54402
 -13.18750 -13.37802 -13.48741 -13.60490 -13.69813
 -13.34868 -13.53521 -13.63932 -13.75134 -13.84361
 -13.52954 -13.71378 -13.81453 -13.92430 -14.01575
 -13.72844 -13.91230 -14.01240 -14.12198 -14.21314
 -13.93249 -14.11670 -14.21717 -14.32690 -14.41820
 -14.13513 -14.31942 -14.41995 -14.52971 -14.62103
 -14.33794 -14.52229 -14.62285 -14.73262 -14.82398
 -14.54083 -14.72522 -14.82582 -14.93562 -15.02702
 -14.74368 -14.92812 -15.02874 -15.13854 -15.22997
 -14.94656 -15.13104 -15.23170 -15.34151 -15.43297
 -15.14945 -15.33397 -15.43465 -15.54446 -15.63596
 -15.35235 -15.53691 -15.63761 -15.74743 -15.83895
 -15.55524 -15.73984 -15.84056 -15.95039 -16.04193
 -15.75812 -15.94276 -16.04350 -16.15334 -16.24490
 -15.96105 -16.14571 -16.24648 -16.35632 -16.44791
 -16.16398 -16.34867 -16.44946 -16.55930 -16.65090
 -16.36690 -16.55162 -16.65244 -16.76227 -16.85389
 -16.56982 -16.75458 -16.85543 -16.96525 -17.05687
 -16.77275 -16.95753 -17.05841 -17.16822 -17.25985
---------------------/ IGRD= 1  / IPRT= 1  /--------/ Z1= 2   / DATE= 08/12/97  
 -11.37603 -11.31072 -11.18560 -10.91095 -10.29585
 -11.44761 -11.40976 -11.33453 -11.14776 -10.65990
 -11.50068 -11.48946 -11.45428 -11.34207 -10.99657
 -11.52765 -11.54724 -11.54853 -11.49616 -11.28626
 -11.53898 -11.59077 -11.62591 -11.61832 -11.51801
 -11.55139 -11.63280 -11.69766 -11.72386 -11.70217
 -11.57907 -11.68385 -11.77319 -11.82567 -11.85872
 -11.63031 -11.75059 -11.85812 -11.92891 -11.99890
 -11.70250 -11.83391 -11.95351 -12.03523 -12.12962
 -11.79008 -11.92872 -12.05644 -12.14544 -12.25481
 -11.88638 -12.02816 -12.16335 -12.25854 -12.37637
 -11.98560 -12.13101 -12.27323 -12.37445 -12.49713
 -12.09046 -12.23984 -12.38710 -12.49446 -12.61935
 -12.20517 -12.35708 -12.50866 -12.62104 -12.74685
 -12.33093 -12.48270 -12.63848 -12.75382 -12.88072
 -12.46855 -12.61893 -12.77705 -12.89421 -13.02076
 -12.61890 -12.76804 -12.92598 -13.04461 -13.16839
 -12.77968 -12.92688 -13.08350 -13.20314 -13.32420
 -12.94847 -13.09299 -13.24751 -13.36837 -13.48630
 -13.12206 -13.26332 -13.41556 -13.53525 -13.64989
 -13.29948 -13.43689 -13.58581 -13.70394 -13.81440
 -13.47819 -13.61108 -13.75462 -13.87264 -13.97782
 -13.65463 -13.78282 -13.92129 -14.03516 -14.13786
 -13.85130 -13.97882 -14.11672 -14.22985 -14.33242
 -14.05557 -14.18374 -14.32244 -14.43645 -14.53930
 -14.25701 -14.38516 -14.52390 -14.63794 -14.74084
 -14.45976 -14.58807 -14.72704 -14.84132 -14.94432
 -14.66228 -14.79064 -14.92972 -15.04410 -15.14716
 -14.86493 -14.99335 -15.13251 -15.24697 -15.35006
 -15.06769 -15.19614 -15.33537 -15.44991 -15.55303
 -15.27055 -15.39902 -15.53831 -15.65289 -15.75604
 -15.47343 -15.60194 -15.74126 -15.85588 -15.95904
 -15.67633 -15.80486 -15.94420 -16.05887 -16.16205
 -15.87922 -16.00780 -16.14714 -16.26185 -16.36505
 -16.08211 -16.21073 -16.35009 -16.46483 -16.56806
---------------------/ IGRD= 1  / IPRT= 1  /--------/ Z1= 3   / DATE= 08/12/97  
 -10.79491 -10.76635 -10.62654 -10.34539  -9.83965
 -10.91729 -10.89678 -10.80882 -10.61965 -10.23761
 -11.00570 -10.99589 -10.95491 -10.84168 -10.56605
 -11.04813 -11.07960 -11.07769 -11.02236 -10.83787
 -11.09566 -11.15330 -11.19003 -11.18302 -11.06682
 -11.14606 -11.23306 -11.30003 -11.32822 -11.26515
 -11.21756 -11.32286 -11.41090 -11.46438 -11.43954
 -11.30729 -11.42322 -11.52276 -11.59134 -11.59322
 -11.41081 -11.53091 -11.63564 -11.71089 -11.73212
 -11.52853 -11.64701 -11.75204 -11.83014 -11.86442
 -11.65802 -11.77345 -11.87428 -11.95379 -11.99553
 -11.79519 -11.90571 -12.00058 -12.07912 -12.12560
 -11.93421 -12.03765 -12.12491 -12.19948 -12.24875
 -12.06733 -12.16092 -12.23937 -12.30713 -12.35661
 -12.18567 -12.26706 -12.33452 -12.39396 -12.44162
 -12.28194 -12.34886 -12.40408 -12.45523 -12.49998
 -12.35392 -12.40561 -12.44933 -12.49234 -12.53349
 -12.40457 -12.44371 -12.47638 -12.51086 -12.54857
 -12.43797 -12.46610 -12.49003 -12.51613 -12.55029
 -12.45384 -12.47245 -12.48930 -12.50893 -12.53890
 -12.45577 -12.46720 -12.47822 -12.49305 -12.51907
 -12.44322 -12.45012 -12.45696 -12.46761 -12.49054
 -12.40997 -12.41457 -12.41865 -12.42591 -12.44523
 -12.39450 -12.39769 -12.40066 -12.40506 -12.42287
 -12.29585 -12.29751 -12.29944 -12.30216 -12.31791
 -12.30739 -12.30817 -12.30931 -12.31160 -12.32546
 -12.52314 -12.52404 -12.52522 -12.52752 -12.54146
 -12.72225 -12.72313 -12.72428 -12.72659 -12.74049
 -12.92294 -12.92379 -12.92495 -12.92724 -12.94113
 -13.12691 -13.12778 -13.12894 -13.13123 -13.14513
 -13.32957 -13.33043 -13.33158 -13.33388 -13.34777
 -13.53275 -13.53361 -13.53476 -13.53706 -13.55095
 -13.73595 -13.73681 -13.73798 -13.74026 -13.75417
 -13.93916 -13.94002 -13.94119 -13.94348 -13.95738
 -14.14236 -14.14322 -14.14441 -14.14670 -14.16060
---------------------/ IGRD= 1  / IPRT= 1  /--------/ Z1= 4   / DATE= 08/12/97  
 -10.89433 -10.73479 -10.47021 -10.04085  -9.40675
 -11.05058 -10.93043 -10.72723 -10.38760  -9.86607
 -11.19963 -11.10400 -10.95288 -10.68791 -10.26828
 -11.31789 -11.25156 -11.13823 -10.93691 -10.61232
 -11.44296 -11.39254 -11.30866 -11.15805 -10.90858
 -11.55760 -11.52201 -11.46104 -11.34930 -11.16196
 -11.67025 -11.64527 -11.60058 -11.51994 -11.38218
 -11.78177 -11.76321 -11.73097 -11.67387 -11.57493
 -11.89309 -11.88073 -11.85902 -11.81749 -11.74778
 -12.01098 -12.00370 -11.98895 -11.95968 -11.91112
 -12.12955 -12.12397 -12.11375 -12.09520 -12.06274
 -12.21865 -12.21533 -12.20984 -12.19864 -12.18065
 -12.25079 -12.25048 -12.24888 -12.24509 -12.24247
 -12.20683 -12.21001 -12.21248 -12.21783 -12.23314
 -12.09123 -12.09652 -12.10362 -12.11696 -12.15016
 -11.95359 -11.96136 -11.97008 -11.98881 -12.03328
 -11.86053 -11.87128 -11.87943 -11.90017 -11.94952
 -11.84779 -11.85769 -11.86889 -11.88671 -11.94015
 -11.89407 -11.90494 -11.91780 -11.93550 -11.98866
 -11.97979 -11.99032 -12.00251 -12.02187 -12.07401
 -12.09465 -12.10358 -12.11528 -12.13490 -12.18684
 -12.23084 -12.23995 -12.25223 -12.27058 -12.32154
 -12.38572 -12.39476 -12.40644 -12.42449 -12.47451
 -12.55167 -12.56037 -12.57225 -12.58893 -12.63805
 -12.72298 -12.73113 -12.74347 -12.75785 -12.80609
 -12.89350 -12.90188 -12.91264 -12.92758 -12.97105
 -13.06689 -13.07559 -13.08463 -13.10112 -13.13841
 -13.25357 -13.26124 -13.27111 -13.28592 -13.32212
 -13.45325 -13.46051 -13.47084 -13.48491 -13.52126
 -13.65728 -13.66468 -13.67483 -13.68918 -13.72547
 -13.85982 -13.86715 -13.87736 -13.89161 -13.92793
 -14.06297 -14.07032 -14.08051 -14.09479 -14.13110
 -14.26615 -14.27352 -14.28369 -14.29799 -14.33430
 -14.46932 -14.47673 -14.48686 -14.50120 -14.53751
 -14.67249 -14.67993 -14.69003 -14.70441 -14.74071
---------------------/ IGRD= 1  / IPRT= 1  /--------/ Z1= 5   / DATE= 08/12/97  
 -10.67572 -10.57030 -10.37353 -10.04414  -9.47973
 -10.78636 -10.69586 -10.52654 -10.24236  -9.75323
 -10.89682 -10.82119 -10.67928 -10.44016 -10.02615
 -11.00714 -10.94641 -10.83179 -10.63766 -10.29866
 -11.11727 -11.07116 -10.98372 -10.83417 -10.56959
 -11.22612 -11.19277 -11.13000 -11.02080 -10.82395
 -11.33192 -11.30783 -11.26315 -11.18410 -11.03946
 -11.43466 -11.41824 -11.38563 -11.32831 -11.22372
 -11.53481 -11.52333 -11.50112 -11.46053 -11.38729
 -11.63479 -11.62626 -11.61188 -11.58332 -11.53171
 -11.73926 -11.73387 -11.72331 -11.70338 -11.66684
 -11.84564 -11.84207 -11.83463 -11.82153 -11.79704
 -11.93558 -11.93372 -11.92937 -11.92179 -11.90735
 -11.97776 -11.97826 -11.97896 -11.97897 -11.97650
 -11.94704 -11.95180 -11.96046 -11.97277 -11.98893
 -11.86667 -11.87608 -11.89350 -11.91912 -11.95690
 -11.79083 -11.80297 -11.82645 -11.86149 -11.91556
 -11.75686 -11.77075 -11.79618 -11.83661 -11.89957
 -11.77449 -11.78890 -11.81587 -11.85870 -11.92636
 -11.83767 -11.85225 -11.87997 -11.92410 -11.99455
 -11.93617 -11.95080 -11.97819 -12.02290 -12.09447
 -12.05999 -12.07431 -12.10106 -12.14532 -12.21622
 -12.20245 -12.21650 -12.24262 -12.28586 -12.35563
 -12.35753 -12.37139 -12.39741 -12.43894 -12.50835
 -12.52420 -12.53828 -12.56227 -12.60352 -12.67054
 -12.70250 -12.71596 -12.73847 -12.77939 -12.84382
 -12.88820 -12.90050 -12.92332 -12.96274 -13.02610
 -13.07717 -13.08928 -13.11115 -13.14983 -13.21132
 -13.27109 -13.28260 -13.30397 -13.34188 -13.40205
 -13.47166 -13.48273 -13.50414 -13.54165 -13.60154
 -13.67550 -13.68672 -13.70811 -13.74575 -13.80573
 -13.87824 -13.88941 -13.91082 -13.94842 -14.00837
 -14.08084 -14.09194 -14.11336 -14.15089 -14.21079
 -14.28346 -14.29448 -14.31591 -14.35338 -14.41322
 -14.48607 -14.49702 -14.51846 -14.55587 -14.61566
---------------------/ IGRD= 1  / IPRT= 1  /--------/ Z1= 6   / DATE= 08/12/97  
 -10.48525 -10.38441 -10.20035  -9.88591  -9.40716
 -10.58745 -10.49924 -10.33714 -10.06048  -9.63437
 -10.68966 -10.61408 -10.47394 -10.23507  -9.86163
 -10.79186 -10.72887 -10.61066 -10.40950 -10.08870
 -10.89407 -10.84380 -10.74768 -10.58462 -10.31651
 -10.99626 -10.95864 -10.88452 -10.75928 -10.54385
 -11.09828 -11.07184 -11.01772 -10.92596 -10.76182
 -11.19940 -11.18070 -11.14146 -11.07329 -10.95312
 -11.29899 -11.28560 -11.25678 -11.20595 -11.11689
 -11.39775 -11.38798 -11.36766 -11.33170 -11.26455
 -11.49606 -11.48934 -11.47484 -11.44903 -11.40050
 -11.59439 -11.59063 -11.58012 -11.56130 -11.52696
 -11.69451 -11.69074 -11.68481 -11.67144 -11.64637
 -11.79638 -11.79251 -11.78923 -11.77977 -11.76119
 -11.89831 -11.89710 -11.89330 -11.88721 -11.87547
 -12.00225 -12.00264 -11.99890 -11.99544 -11.98865
 -12.11029 -12.10945 -12.10773 -12.10524 -12.09966
 -12.21996 -12.21962 -12.21884 -12.21699 -12.21316
 -12.33244 -12.33258 -12.33229 -12.33102 -12.32866
 -12.44922 -12.44927 -12.44925 -12.44879 -12.44690
 -12.56976 -12.56976 -12.56975 -12.56986 -12.56870
 -12.69392 -12.69392 -12.69393 -12.69388 -12.69418
 -12.82402 -12.82401 -12.82401 -12.82404 -12.82437
 -12.95930 -12.95929 -12.95919 -12.95963 -12.95998
 -13.09552 -13.09555 -13.09585 -13.09601 -13.09675
 -13.23021 -13.23023 -13.23069 -13.23098 -13.23143
 -13.36660 -13.36658 -13.36665 -13.36746 -13.36770
 -13.50237 -13.50236 -13.50237 -13.50259 -13.50386
 -13.62767 -13.62768 -13.62768 -13.62760 -13.62934
 -13.76379 -13.76379 -13.76378 -13.76378 -13.76447
 -13.94183 -13.94183 -13.94183 -13.94183 -13.94151
 -14.15156 -14.15156 -14.15156 -14.15156 -14.15154
 -14.36614 -14.36614 -14.36613 -14.36611 -14.36659
 -14.58011 -14.58011 -14.58009 -14.58006 -14.58102
 -14.79405 -14.79405 -14.79402 -14.79398 -14.79543
