   18    5   30    1   18           /Ar  standard Behringer data set (R.Dux)   
================================================================================
  11.00000  12.00000  13.00000  14.00000  15.00000
   0.00000   0.16203   0.32407   0.48610   0.64813   0.81017   0.97220   1.13423
   1.29627   1.45830   1.62033   1.78237   1.94440   2.10643   2.26847   2.43050
   2.59254   2.75457   2.91660   3.07864   3.24067   3.40270   3.56474   3.72677
   3.88880   4.05084   4.21287   4.37490   4.53694   4.69897
 == 1 ================== Behringer data =========================================
 -40.00000 -40.00000 -40.00000 -40.00000 -40.00000
 -40.00000 -40.00000 -40.00000 -40.00000 -40.00000
 -40.00000 -40.00000 -40.00000 -40.00000 -40.00000
 -40.00000 -40.00000 -40.00000 -40.00000 -40.00000
 -40.00000 -40.00000 -40.00000 -40.00000 -40.00000
 -40.00000 -40.00000 -40.00000 -40.00000 -40.00000
 -40.00000 -40.00000 -40.00000 -40.00000 -40.00000
 -40.00000 -40.00000 -40.00000 -40.00000 -40.00000
 -40.00000 -40.00000 -40.00000 -40.00000 -40.00000
 -40.00000 -40.00000 -40.00000 -40.00000 -40.00000
 -40.00000 -40.00000 -40.00000 -40.00000 -40.00000
 -40.00000 -40.00000 -40.00000 -40.00000 -40.00000
 -40.00000 -40.00000 -40.00000 -40.00000 -40.00000
 -40.00000 -40.00000 -40.00000 -40.00000 -40.00000
 -40.00000 -40.00000 -40.00000 -40.00000 -40.00000
 -40.00000 -40.00000 -40.00000 -40.00000 -40.00000
 -40.00000 -40.00000 -40.00000 -40.00000 -40.00000
 -40.00000 -40.00000 -40.00000 -40.00000 -40.00000
 -40.00000 -40.00000 -40.00000 -40.00000 -40.00000
 -40.00000 -40.00000 -40.00000 -40.00000 -40.00000
 -40.00000 -40.00000 -40.00000 -40.00000 -40.00000
 -40.00000 -40.00000 -40.00000 -40.00000 -40.00000
 -40.00000 -40.00000 -40.00000 -40.00000 -40.00000
 -40.00000 -40.00000 -40.00000 -40.00000 -40.00000
 -40.00000 -40.00000 -40.00000 -40.00000 -40.00000
 -40.00000 -40.00000 -40.00000 -40.00000 -40.00000
 -40.00000 -40.00000 -40.00000 -40.00000 -40.00000
 -40.00000 -40.00000 -40.00000 -40.00000 -40.00000
 -40.00000 -40.00000 -40.00000 -40.00000 -40.00000
 -40.00000 -40.00000 -40.00000 -40.00000 -40.00000
 == 2 ================== Behringer data =========================================
 -30.65056 -30.65056 -30.65056 -30.65056 -30.65056
 -28.87834 -28.87834 -28.87834 -28.87834 -28.87834
 -27.54631 -27.54631 -27.54631 -27.54631 -27.54631
 -26.44707 -26.44707 -26.44707 -26.44707 -26.44707
 -25.60727 -25.60727 -25.60727 -25.60727 -25.60727
 -25.02177 -25.02177 -25.02177 -25.02177 -25.02177
 -24.63469 -24.63469 -24.63469 -24.63469 -24.63469
 -24.39051 -24.39051 -24.39051 -24.39051 -24.39051
 -24.24660 -24.24660 -24.24660 -24.24660 -24.24660
 -24.17235 -24.17235 -24.17235 -24.17235 -24.17235
 -24.14629 -24.14629 -24.14629 -24.14629 -24.14629
 -24.15350 -24.15350 -24.15350 -24.15350 -24.15350
 -24.18367 -24.18367 -24.18367 -24.18367 -24.18367
 -24.22966 -24.22966 -24.22966 -24.22966 -24.22966
 -24.28655 -24.28655 -24.28655 -24.28655 -24.28655
 -24.35095 -24.35095 -24.35095 -24.35095 -24.35095
 -24.42053 -24.42053 -24.42053 -24.42053 -24.42053
 -24.49366 -24.49366 -24.49366 -24.49366 -24.49366
 -24.56925 -24.56925 -24.56925 -24.56925 -24.56925
 -24.64653 -24.64653 -24.64653 -24.64653 -24.64653
 -24.72498 -24.72498 -24.72498 -24.72498 -24.72498
 -24.80422 -24.80422 -24.80422 -24.80422 -24.80422
 -24.88402 -24.88402 -24.88402 -24.88402 -24.88402
 -24.96419 -24.96419 -24.96419 -24.96419 -24.96419
 -25.04463 -25.04463 -25.04463 -25.04463 -25.04463
 -25.12525 -25.12525 -25.12525 -25.12525 -25.12525
 -25.20599 -25.20599 -25.20599 -25.20599 -25.20599
 -25.28682 -25.28682 -25.28682 -25.28682 -25.28682
 -25.36771 -25.36771 -25.36771 -25.36771 -25.36771
 -25.44863 -25.44863 -25.44863 -25.44863 -25.44863
 == 3 ================== Behringer data =========================================
 -30.62374 -30.62374 -30.62374 -30.62374 -30.62374
 -28.81027 -28.81027 -28.81027 -28.81027 -28.81027
 -27.57038 -27.57038 -27.57038 -27.57038 -27.57038
 -26.66021 -26.66021 -26.66021 -26.66021 -26.66021
 -25.91251 -25.91251 -25.91251 -25.91251 -25.91251
 -25.31796 -25.31796 -25.31796 -25.31796 -25.31796
 -24.89151 -24.89151 -24.89151 -24.89151 -24.89151
 -24.60888 -24.60888 -24.60888 -24.60888 -24.60888
 -24.43460 -24.43460 -24.43460 -24.43460 -24.43460
 -24.33801 -24.33801 -24.33801 -24.33801 -24.33801
 -24.29601 -24.29601 -24.29601 -24.29601 -24.29601
 -24.29202 -24.29202 -24.29202 -24.29202 -24.29202
 -24.31438 -24.31438 -24.31438 -24.31438 -24.31438
 -24.35494 -24.35494 -24.35494 -24.35494 -24.35494
 -24.40808 -24.40808 -24.40808 -24.40808 -24.40808
 -24.46988 -24.46988 -24.46988 -24.46988 -24.46988
 -24.53766 -24.53766 -24.53766 -24.53766 -24.53766
 -24.60956 -24.60956 -24.60956 -24.60956 -24.60956
 -24.68430 -24.68430 -24.68430 -24.68430 -24.68430
 -24.76100 -24.76100 -24.76100 -24.76100 -24.76100
 -24.83904 -24.83904 -24.83904 -24.83904 -24.83904
 -24.91800 -24.91800 -24.91800 -24.91800 -24.91800
 -24.99760 -24.99760 -24.99760 -24.99760 -24.99760
 -25.07765 -25.07765 -25.07765 -25.07765 -25.07765
 -25.15800 -25.15800 -25.15800 -25.15800 -25.15800
 -25.23855 -25.23855 -25.23855 -25.23855 -25.23855
 -25.31925 -25.31925 -25.31925 -25.31925 -25.31925
 -25.40005 -25.40005 -25.40005 -25.40005 -25.40005
 -25.48092 -25.48092 -25.48092 -25.48092 -25.48092
 -25.56183 -25.56183 -25.56183 -25.56183 -25.56183
 == 4 ================== Behringer data =========================================
 -30.85639 -30.85639 -30.85639 -30.85639 -30.85639
 -28.90788 -28.90788 -28.90788 -28.90788 -28.90788
 -27.57928 -27.57928 -27.57928 -27.57928 -27.57928
 -26.63195 -26.63195 -26.63195 -26.63195 -26.63195
 -25.89466 -25.89466 -25.89466 -25.89466 -25.89466
 -25.31907 -25.31907 -25.31907 -25.31907 -25.31907
 -24.90294 -24.90294 -24.90294 -24.90294 -24.90294
 -24.62440 -24.62440 -24.62440 -24.62440 -24.62440
 -24.45144 -24.45144 -24.45144 -24.45144 -24.45144
 -24.35509 -24.35509 -24.35509 -24.35509 -24.35509
 -24.31297 -24.31297 -24.31297 -24.31297 -24.31297
 -24.30877 -24.30877 -24.30877 -24.30877 -24.30877
 -24.33092 -24.33092 -24.33092 -24.33092 -24.33092
 -24.37132 -24.37132 -24.37132 -24.37132 -24.37132
 -24.42432 -24.42432 -24.42432 -24.42432 -24.42432
 -24.48603 -24.48603 -24.48603 -24.48603 -24.48603
 -24.55375 -24.55375 -24.55375 -24.55375 -24.55375
 -24.62560 -24.62560 -24.62560 -24.62560 -24.62560
 -24.70031 -24.70031 -24.70031 -24.70031 -24.70031
 -24.77698 -24.77698 -24.77698 -24.77698 -24.77698
 -24.85500 -24.85500 -24.85500 -24.85500 -24.85500
 -24.93396 -24.93396 -24.93396 -24.93396 -24.93396
 -25.01355 -25.01355 -25.01355 -25.01355 -25.01355
 -25.09359 -25.09359 -25.09359 -25.09359 -25.09359
 -25.17393 -25.17393 -25.17393 -25.17393 -25.17393
 -25.25449 -25.25449 -25.25449 -25.25449 -25.25449
 -25.33519 -25.33519 -25.33519 -25.33519 -25.33519
 -25.41598 -25.41598 -25.41598 -25.41598 -25.41598
 -25.49685 -25.49685 -25.49685 -25.49685 -25.49685
 -25.57776 -25.57776 -25.57776 -25.57776 -25.57776
 == 5 ================== Behringer data =========================================
 -32.94254 -32.94254 -32.94254 -32.94254 -32.94254
 -30.30939 -30.30939 -30.30939 -30.30939 -30.30939
 -28.48871 -28.48871 -28.48871 -28.48871 -28.48871
 -27.20135 -27.20135 -27.20135 -27.20135 -27.20135
 -26.28314 -26.28314 -26.28314 -26.28314 -26.28314
 -25.64088 -25.64088 -25.64088 -25.64088 -25.64088
 -25.20680 -25.20680 -25.20680 -25.20680 -25.20680
 -24.92561 -24.92561 -24.92561 -24.92561 -24.92561
 -24.75395 -24.75395 -24.75395 -24.75395 -24.75395
 -24.65954 -24.65954 -24.65954 -24.65954 -24.65954
 -24.61913 -24.61913 -24.61913 -24.61913 -24.61913
 -24.61624 -24.61624 -24.61624 -24.61624 -24.61624
 -24.63935 -24.63935 -24.63935 -24.63935 -24.63935
 -24.68043 -24.68043 -24.68043 -24.68043 -24.68043
 -24.73392 -24.73392 -24.73392 -24.73392 -24.73392
 -24.79596 -24.79596 -24.79596 -24.79596 -24.79596
 -24.86391 -24.86391 -24.86391 -24.86391 -24.86391
 -24.93593 -24.93593 -24.93593 -24.93593 -24.93593
 -25.01074 -25.01074 -25.01074 -25.01074 -25.01074
 -25.08749 -25.08749 -25.08749 -25.08749 -25.08749
 -25.16557 -25.16557 -25.16557 -25.16557 -25.16557
 -25.24456 -25.24456 -25.24456 -25.24456 -25.24456
 -25.32418 -25.32418 -25.32418 -25.32418 -25.32418
 -25.40423 -25.40423 -25.40423 -25.40423 -25.40423
 -25.48459 -25.48459 -25.48459 -25.48459 -25.48459
 -25.56515 -25.56515 -25.56515 -25.56515 -25.56515
 -25.64585 -25.64585 -25.64585 -25.64585 -25.64585
 -25.72666 -25.72666 -25.72666 -25.72666 -25.72666
 -25.80752 -25.80752 -25.80752 -25.80752 -25.80752
 -25.88844 -25.88844 -25.88844 -25.88844 -25.88844
 == 6 ================== Behringer data =========================================
 -32.00436 -32.00436 -32.00436 -32.00436 -32.00436
 -29.65042 -29.65042 -29.65042 -29.65042 -29.65042
 -28.05020 -28.05020 -28.05020 -28.05020 -28.05020
 -26.95839 -26.95839 -26.95839 -26.95839 -26.95839
 -26.20492 -26.20492 -26.20492 -26.20492 -26.20492
 -25.68224 -25.68224 -25.68224 -25.68224 -25.68224
 -25.32574 -25.32574 -25.32574 -25.32574 -25.32574
 -25.09258 -25.09258 -25.09258 -25.09258 -25.09258
 -24.95055 -24.95055 -24.95055 -24.95055 -24.95055
 -24.87469 -24.87469 -24.87469 -24.87469 -24.87469
 -24.84612 -24.84612 -24.84612 -24.84612 -24.84612
 -24.85093 -24.85093 -24.85093 -24.85093 -24.85093
 -24.87914 -24.87914 -24.87914 -24.87914 -24.87914
 -24.92362 -24.92362 -24.92362 -24.92362 -24.92362
 -24.97940 -24.97940 -24.97940 -24.97940 -24.97940
 -25.04301 -25.04301 -25.04301 -25.04301 -25.04301
 -25.11201 -25.11201 -25.11201 -25.11201 -25.11201
 -25.18476 -25.18476 -25.18476 -25.18476 -25.18476
 -25.26007 -25.26007 -25.26007 -25.26007 -25.26007
 -25.33716 -25.33716 -25.33716 -25.33716 -25.33716
 -25.41547 -25.41547 -25.41547 -25.41547 -25.41547
 -25.49462 -25.49462 -25.49462 -25.49462 -25.49462
 -25.57435 -25.57435 -25.57435 -25.57435 -25.57435
 -25.65449 -25.65449 -25.65449 -25.65449 -25.65449
 -25.73489 -25.73489 -25.73489 -25.73489 -25.73489
 -25.81549 -25.81549 -25.81549 -25.81549 -25.81549
 -25.89622 -25.89622 -25.89622 -25.89622 -25.89622
 -25.97704 -25.97704 -25.97704 -25.97704 -25.97704
 -26.05792 -26.05792 -26.05792 -26.05792 -26.05792
 -26.13884 -26.13884 -26.13884 -26.13884 -26.13884
 == 7 ================== Behringer data =========================================
 -32.83783 -32.83783 -32.83783 -32.83783 -32.83783
 -30.05176 -30.05176 -30.05176 -30.05176 -30.05176
 -28.15851 -28.15851 -28.15851 -28.15851 -28.15851
 -26.88005 -26.88005 -26.88005 -26.88005 -26.88005
 -26.02493 -26.02493 -26.02493 -26.02493 -26.02493
 -25.46131 -25.46131 -25.46131 -25.46131 -25.46131
 -25.09832 -25.09832 -25.09832 -25.09832 -25.09832
 -24.87314 -24.87314 -24.87314 -24.87314 -24.87314
 -24.74230 -24.74230 -24.74230 -24.74230 -24.74230
 -24.67604 -24.67604 -24.67604 -24.67604 -24.67604
 -24.65422 -24.65422 -24.65422 -24.65422 -24.65422
 -24.66329 -24.66329 -24.66329 -24.66329 -24.66329
 -24.69399 -24.69399 -24.69399 -24.69399 -24.69399
 -24.73990 -24.73990 -24.73990 -24.73990 -24.73990
 -24.79647 -24.79647 -24.79647 -24.79647 -24.79647
 -24.86053 -24.86053 -24.86053 -24.86053 -24.86053
 -24.92979 -24.92979 -24.92979 -24.92979 -24.92979
 -25.00267 -25.00267 -25.00267 -25.00267 -25.00267
 -25.07808 -25.07808 -25.07808 -25.07808 -25.07808
 -25.15522 -25.15522 -25.15522 -25.15522 -25.15522
 -25.23356 -25.23356 -25.23356 -25.23356 -25.23356
 -25.31273 -25.31273 -25.31273 -25.31273 -25.31273
 -25.39248 -25.39248 -25.39248 -25.39248 -25.39248
 -25.47262 -25.47262 -25.47262 -25.47262 -25.47262
 -25.55304 -25.55304 -25.55304 -25.55304 -25.55304
 -25.63364 -25.63364 -25.63364 -25.63364 -25.63364
 -25.71437 -25.71437 -25.71437 -25.71437 -25.71437
 -25.79519 -25.79519 -25.79519 -25.79519 -25.79519
 -25.87607 -25.87607 -25.87607 -25.87607 -25.87607
 -25.95700 -25.95700 -25.95700 -25.95700 -25.95700
 == 8 ================== Behringer data =========================================
 -31.66226 -31.66226 -31.66226 -31.66226 -31.66226
 -29.33601 -29.33601 -29.33601 -29.33601 -29.33601
 -27.75938 -27.75938 -27.75938 -27.75938 -27.75938
 -26.69895 -26.69895 -26.69895 -26.69895 -26.69895
 -25.99396 -25.99396 -25.99396 -25.99396 -25.99396
 -25.53374 -25.53374 -25.53374 -25.53374 -25.53374
 -25.24201 -25.24201 -25.24201 -25.24201 -25.24201
 -25.06606 -25.06606 -25.06606 -25.06606 -25.06606
 -24.96928 -24.96928 -24.96928 -24.96928 -24.96928
 -24.92639 -24.92639 -24.92639 -24.92639 -24.92639
 -24.92033 -24.92033 -24.92033 -24.92033 -24.92033
 -24.93983 -24.93983 -24.93983 -24.93983 -24.93983
 -24.97735 -24.97735 -24.97735 -24.97735 -24.97735
 -25.02769 -25.02769 -25.02769 -25.02769 -25.02769
 -25.08716 -25.08716 -25.08716 -25.08716 -25.08716
 -25.15311 -25.15311 -25.15311 -25.15311 -25.15311
 -25.22363 -25.22363 -25.22363 -25.22363 -25.22363
 -25.29737 -25.29737 -25.29737 -25.29737 -25.29737
 -25.37334 -25.37334 -25.37334 -25.37334 -25.37334
 -25.45086 -25.45086 -25.45086 -25.45086 -25.45086
 -25.52947 -25.52947 -25.52947 -25.52947 -25.52947
 -25.60882 -25.60882 -25.60882 -25.60882 -25.60882
 -25.68869 -25.68869 -25.68869 -25.68869 -25.68869
 -25.76892 -25.76892 -25.76892 -25.76892 -25.76892
 -25.84939 -25.84939 -25.84939 -25.84939 -25.84939
 -25.93003 -25.93003 -25.93003 -25.93003 -25.93003
 -26.01079 -26.01079 -26.01079 -26.01079 -26.01079
 -26.09163 -26.09163 -26.09163 -26.09163 -26.09163
 -26.17253 -26.17253 -26.17253 -26.17253 -26.17253
 -26.25346 -26.25346 -26.25346 -26.25346 -26.25346
 == 9 ================== Behringer data =========================================
 -40.00000 -40.00000 -40.00000 -40.00000 -40.00000
 -40.00000 -40.00000 -40.00000 -40.00000 -40.00000
 -40.00000 -40.00000 -40.00000 -40.00000 -40.00000
 -40.00000 -40.00000 -40.00000 -40.00000 -40.00000
 -40.00000 -40.00000 -40.00000 -40.00000 -40.00000
 -40.00000 -40.00000 -40.00000 -40.00000 -40.00000
 -36.41023 -36.41023 -36.41023 -36.41023 -36.41023
 -32.74258 -32.74258 -32.74258 -32.74258 -32.74258
 -30.24227 -30.24227 -30.24227 -30.24227 -30.24227
 -28.54579 -28.54579 -28.54579 -28.54579 -28.54579
 -27.40282 -27.40282 -27.40282 -27.40282 -27.40282
 -26.64100 -26.64100 -26.64100 -26.64100 -26.64100
 -26.14164 -26.14164 -26.14164 -26.14164 -26.14164
 -25.82301 -25.82301 -25.82301 -25.82301 -25.82301
 -25.62883 -25.62883 -25.62883 -25.62883 -25.62883
 -25.52035 -25.52035 -25.52035 -25.52035 -25.52035
 -25.47087 -25.47087 -25.47087 -25.47087 -25.47087
 -25.46204 -25.46204 -25.46204 -25.46204 -25.46204
 -25.48118 -25.48118 -25.48118 -25.48118 -25.48118
 -25.51959 -25.51959 -25.51959 -25.51959 -25.51959
 -25.57127 -25.57127 -25.57127 -25.57127 -25.57127
 -25.63208 -25.63208 -25.63208 -25.63208 -25.63208
 -25.69919 -25.69919 -25.69919 -25.69919 -25.69919
 -25.77062 -25.77062 -25.77062 -25.77062 -25.77062
 -25.84505 -25.84505 -25.84505 -25.84505 -25.84505
 -25.92152 -25.92152 -25.92152 -25.92152 -25.92152
 -25.99941 -25.99941 -25.99941 -25.99941 -25.99941
 -26.07827 -26.07827 -26.07827 -26.07827 -26.07827
 -26.15780 -26.15780 -26.15780 -26.15780 -26.15780
 -26.23780 -26.23780 -26.23780 -26.23780 -26.23780
 ==10 ================== Behringer data =========================================
 -40.00000 -40.00000 -40.00000 -40.00000 -40.00000
 -40.00000 -40.00000 -40.00000 -40.00000 -40.00000
 -40.00000 -40.00000 -40.00000 -40.00000 -40.00000
 -35.65879 -35.65879 -35.65879 -35.65879 -35.65879
 -32.42800 -32.42800 -32.42800 -32.42800 -32.42800
 -30.22851 -30.22851 -30.22851 -30.22851 -30.22851
 -28.73917 -28.73917 -28.73917 -28.73917 -28.73917
 -27.73884 -27.73884 -27.73884 -27.73884 -27.73884
 -27.07523 -27.07523 -27.07523 -27.07523 -27.07523
 -26.64271 -26.64271 -26.64271 -26.64271 -26.64271
 -26.35882 -26.35882 -26.35882 -26.35882 -26.35882
 -26.13084 -26.13084 -26.13084 -26.13084 -26.13084
 -25.88368 -25.88368 -25.88368 -25.88368 -25.88368
 -25.63965 -25.63965 -25.63965 -25.63965 -25.63965
 -25.44948 -25.44948 -25.44948 -25.44948 -25.44948
 -25.32600 -25.32600 -25.32600 -25.32600 -25.32600
 -25.25973 -25.25973 -25.25973 -25.25973 -25.25973
 -25.23685 -25.23685 -25.23685 -25.23685 -25.23685
 -25.24533 -25.24533 -25.24533 -25.24533 -25.24533
 -25.27597 -25.27597 -25.27597 -25.27597 -25.27597
 -25.32212 -25.32212 -25.32212 -25.32212 -25.32212
 -25.37905 -25.37905 -25.37905 -25.37905 -25.37905
 -25.44344 -25.44344 -25.44344 -25.44344 -25.44344
 -25.51299 -25.51299 -25.51299 -25.51299 -25.51299
 -25.58610 -25.58610 -25.58610 -25.58610 -25.58610
 -25.66167 -25.66167 -25.66167 -25.66167 -25.66167
 -25.73894 -25.73894 -25.73894 -25.73894 -25.73894
 -25.81737 -25.81737 -25.81737 -25.81737 -25.81737
 -25.89660 -25.89660 -25.89660 -25.89660 -25.89660
 -25.97640 -25.97640 -25.97640 -25.97640 -25.97640
 ==11 ================== Behringer data =========================================
 -40.00000 -40.00000 -40.00000 -40.00000 -40.00000
 -40.00000 -40.00000 -40.00000 -40.00000 -40.00000
 -38.08129 -38.08129 -38.08129 -38.08129 -38.08129
 -33.99409 -33.99409 -33.99409 -33.99409 -33.99409
 -31.20487 -31.20487 -31.20487 -31.20487 -31.20487
 -29.30945 -29.30945 -29.30945 -29.30945 -29.30945
 -28.02949 -28.02949 -28.02949 -28.02949 -28.02949
 -27.17334 -27.17334 -27.17334 -27.17334 -27.17334
 -26.60903 -26.60903 -26.60903 -26.60903 -26.60903
 -26.24563 -26.24563 -26.24563 -26.24563 -26.24563
 -26.01971 -26.01971 -26.01971 -26.01971 -26.01971
 -25.88219 -25.88219 -25.88219 -25.88219 -25.88219
 -25.78819 -25.78819 -25.78819 -25.78819 -25.78819
 -25.70593 -25.70593 -25.70593 -25.70593 -25.70593
 -25.63163 -25.63163 -25.63163 -25.63163 -25.63163
 -25.57689 -25.57689 -25.57689 -25.57689 -25.57689
 -25.54917 -25.54917 -25.54917 -25.54917 -25.54917
 -25.54807 -25.54807 -25.54807 -25.54807 -25.54807
 -25.56922 -25.56922 -25.56922 -25.56922 -25.56922
 -25.60752 -25.60752 -25.60752 -25.60752 -25.60752
 -25.65842 -25.65842 -25.65842 -25.65842 -25.65842
 -25.71839 -25.71839 -25.71839 -25.71839 -25.71839
 -25.78476 -25.78476 -25.78476 -25.78476 -25.78476
 -25.85563 -25.85563 -25.85563 -25.85563 -25.85563
 -25.92962 -25.92962 -25.92962 -25.92962 -25.92962
 -26.00579 -26.00579 -26.00579 -26.00579 -26.00579
 -26.08346 -26.08346 -26.08346 -26.08346 -26.08346
 -26.16217 -26.16217 -26.16217 -26.16217 -26.16217
 -26.24159 -26.24159 -26.24159 -26.24159 -26.24159
 -26.32151 -26.32151 -26.32151 -26.32151 -26.32151
 ==12 ================== Behringer data =========================================
 -40.00000 -40.00000 -40.00000 -40.00000 -40.00000
 -40.00000 -40.00000 -40.00000 -40.00000 -40.00000
 -35.95506 -35.95506 -35.95506 -35.95506 -35.95506
 -32.50912 -32.50912 -32.50912 -32.50912 -32.50912
 -30.16148 -30.16148 -30.16148 -30.16148 -30.16148
 -28.57012 -28.57012 -28.57012 -28.57012 -28.57012
 -27.49954 -27.49954 -27.49954 -27.49954 -27.49954
 -26.78757 -26.78757 -26.78757 -26.78757 -26.78757
 -26.32254 -26.32254 -26.32254 -26.32254 -26.32254
 -26.02754 -26.02754 -26.02754 -26.02754 -26.02754
 -25.84930 -25.84930 -25.84930 -25.84930 -25.84930
 -25.74794 -25.74794 -25.74794 -25.74794 -25.74794
 -25.68514 -25.68514 -25.68514 -25.68514 -25.68514
 -25.62618 -25.62618 -25.62618 -25.62618 -25.62618
 -25.56117 -25.56117 -25.56117 -25.56117 -25.56117
 -25.50434 -25.50434 -25.50434 -25.50434 -25.50434
 -25.46973 -25.46973 -25.46973 -25.46973 -25.46973
 -25.46124 -25.46124 -25.46124 -25.46124 -25.46124
 -25.47613 -25.47613 -25.47613 -25.47613 -25.47613
 -25.50960 -25.50960 -25.50960 -25.50960 -25.50960
 -25.55696 -25.55696 -25.55696 -25.55696 -25.55696
 -25.61439 -25.61439 -25.61439 -25.61439 -25.61439
 -25.67898 -25.67898 -25.67898 -25.67898 -25.67898
 -25.74859 -25.74859 -25.74859 -25.74859 -25.74859
 -25.82171 -25.82171 -25.82171 -25.82171 -25.82171
 -25.89727 -25.89727 -25.89727 -25.89727 -25.89727
 -25.97452 -25.97452 -25.97452 -25.97452 -25.97452
 -26.05294 -26.05294 -26.05294 -26.05294 -26.05294
 -26.13216 -26.13216 -26.13216 -26.13216 -26.13216
 -26.21194 -26.21194 -26.21194 -26.21194 -26.21194
 ==13 ================== Behringer data =========================================
 -40.00000 -40.00000 -40.00000 -40.00000 -40.00000
 -40.00000 -40.00000 -40.00000 -40.00000 -40.00000
 -36.88531 -36.88531 -36.88531 -36.88531 -36.88531
 -33.11874 -33.11874 -33.11874 -33.11874 -33.11874
 -30.55032 -30.55032 -30.55032 -30.55032 -30.55032
 -28.80693 -28.80693 -28.80693 -28.80693 -28.80693
 -27.63166 -27.63166 -27.63166 -27.63166 -27.63166
 -26.84760 -26.84760 -26.84760 -26.84760 -26.84760
 -26.33293 -26.33293 -26.33293 -26.33293 -26.33293
 -26.00375 -26.00375 -26.00375 -26.00375 -26.00375
 -25.80221 -25.80221 -25.80221 -25.80221 -25.80221
 -25.68722 -25.68722 -25.68722 -25.68722 -25.68722
 -25.62524 -25.62524 -25.62524 -25.62524 -25.62524
 -25.58644 -25.58644 -25.58644 -25.58644 -25.58644
 -25.55340 -25.55340 -25.55340 -25.55340 -25.55340
 -25.52653 -25.52653 -25.52653 -25.52653 -25.52653
 -25.51358 -25.51358 -25.51358 -25.51358 -25.51358
 -25.51904 -25.51904 -25.51904 -25.51904 -25.51904
 -25.54261 -25.54261 -25.54261 -25.54261 -25.54261
 -25.58147 -25.58147 -25.58147 -25.58147 -25.58147
 -25.63225 -25.63225 -25.63225 -25.63225 -25.63225
 -25.69187 -25.69187 -25.69187 -25.69187 -25.69187
 -25.75788 -25.75788 -25.75788 -25.75788 -25.75788
 -25.82844 -25.82844 -25.82844 -25.82844 -25.82844
 -25.90220 -25.90220 -25.90220 -25.90220 -25.90220
 -25.97819 -25.97819 -25.97819 -25.97819 -25.97819
 -26.05573 -26.05573 -26.05573 -26.05573 -26.05573
 -26.13435 -26.13435 -26.13435 -26.13435 -26.13435
 -26.21371 -26.21371 -26.21371 -26.21371 -26.21371
 -26.29359 -26.29359 -26.29359 -26.29359 -26.29359
 ==14 ================== Behringer data =========================================
 -40.00000 -40.00000 -40.00000 -40.00000 -40.00000
 -40.00000 -40.00000 -40.00000 -40.00000 -40.00000
 -36.88531 -36.88531 -36.88531 -36.88531 -36.88531
 -33.11874 -33.11874 -33.11874 -33.11874 -33.11874
 -30.55032 -30.55032 -30.55032 -30.55032 -30.55032
 -28.80693 -28.80693 -28.80693 -28.80693 -28.80693
 -27.63166 -27.63166 -27.63166 -27.63166 -27.63166
 -26.84760 -26.84760 -26.84760 -26.84760 -26.84760
 -26.33293 -26.33293 -26.33293 -26.33293 -26.33293
 -26.00375 -26.00375 -26.00375 -26.00375 -26.00375
 -25.80229 -25.80229 -25.80229 -25.80229 -25.80229
 -25.68842 -25.68842 -25.68842 -25.68842 -25.68842
 -25.63242 -25.63242 -25.63242 -25.63242 -25.63242
 -25.60948 -25.60948 -25.60948 -25.60948 -25.60948
 -25.60111 -25.60111 -25.60111 -25.60111 -25.60111
 -25.60000 -25.60000 -25.60000 -25.60000 -25.60000
 -25.60774 -25.60774 -25.60774 -25.60774 -25.60774
 -25.62756 -25.62756 -25.62756 -25.62756 -25.62756
 -25.66046 -25.66046 -25.66046 -25.66046 -25.66046
 -25.70527 -25.70527 -25.70527 -25.70527 -25.70527
 -25.75984 -25.75984 -25.75984 -25.75984 -25.75984
 -25.82191 -25.82191 -25.82191 -25.82191 -25.82191
 -25.88952 -25.88952 -25.88952 -25.88952 -25.88952
 -25.96115 -25.96115 -25.96115 -25.96115 -25.96115
 -26.03561 -26.03561 -26.03561 -26.03561 -26.03561
 -26.11208 -26.11208 -26.11208 -26.11208 -26.11208
 -26.18995 -26.18995 -26.18995 -26.18995 -26.18995
 -26.26879 -26.26879 -26.26879 -26.26879 -26.26879
 -26.34830 -26.34830 -26.34830 -26.34830 -26.34830
 -26.42828 -26.42828 -26.42828 -26.42828 -26.42828
 ==15 ================== Behringer data =========================================
 -40.00000 -40.00000 -40.00000 -40.00000 -40.00000
 -40.00000 -40.00000 -40.00000 -40.00000 -40.00000
 -36.04727 -36.04727 -36.04727 -36.04727 -36.04727
 -32.52438 -32.52438 -32.52438 -32.52438 -32.52438
 -30.12375 -30.12375 -30.12375 -30.12375 -30.12375
 -28.49590 -28.49590 -28.49590 -28.49590 -28.49590
 -27.40020 -27.40020 -27.40020 -27.40020 -27.40020
 -26.67093 -26.67093 -26.67093 -26.67093 -26.67093
 -26.19398 -26.19398 -26.19398 -26.19398 -26.19398
 -25.89079 -25.89079 -25.89079 -25.89079 -25.89079
 -25.70722 -25.70722 -25.70722 -25.70722 -25.70722
 -25.60582 -25.60582 -25.60582 -25.60582 -25.60582
 -25.55921 -25.55921 -25.55921 -25.55921 -25.55921
 -25.54475 -25.54475 -25.54475 -25.54475 -25.54475
 -25.54467 -25.54467 -25.54467 -25.54467 -25.54467
 -25.55080 -25.55080 -25.55080 -25.55080 -25.55080
 -25.56386 -25.56386 -25.56386 -25.56386 -25.56386
 -25.58709 -25.58709 -25.58709 -25.58709 -25.58709
 -25.62202 -25.62202 -25.62202 -25.62202 -25.62202
 -25.66801 -25.66801 -25.66801 -25.66801 -25.66801
 -25.72325 -25.72325 -25.72325 -25.72325 -25.72325
 -25.78572 -25.78572 -25.78572 -25.78572 -25.78572
 -25.85357 -25.85357 -25.85357 -25.85357 -25.85357
 -25.92534 -25.92534 -25.92534 -25.92534 -25.92534
 -25.99990 -25.99990 -25.99990 -25.99990 -25.99990
 -26.07642 -26.07642 -26.07642 -26.07642 -26.07642
 -26.15433 -26.15433 -26.15433 -26.15433 -26.15433
 -26.23319 -26.23319 -26.23319 -26.23319 -26.23319
 -26.31273 -26.31273 -26.31273 -26.31273 -26.31273
 -26.39272 -26.39272 -26.39272 -26.39272 -26.39272
 ==16 ================== Behringer data =========================================
 -40.00000 -40.00000 -40.00000 -40.00000 -40.00000
 -35.38829 -35.38829 -35.38829 -35.38829 -35.38829
 -32.19128 -32.19128 -32.19128 -32.19128 -32.19128
 -30.01505 -30.01505 -30.01505 -30.01505 -30.01505
 -28.54172 -28.54172 -28.54172 -28.54172 -28.54172
 -27.55242 -27.55242 -27.55242 -27.55242 -27.55242
 -26.89642 -26.89642 -26.89642 -26.89642 -26.89642
 -26.46992 -26.46992 -26.46992 -26.46992 -26.46992
 -26.20147 -26.20147 -26.20147 -26.20147 -26.20147
 -26.04184 -26.04184 -26.04184 -26.04184 -26.04184
 -25.95714 -25.95714 -25.95714 -25.95714 -25.95714
 -25.92385 -25.92385 -25.92385 -25.92385 -25.92385
 -25.92409 -25.92409 -25.92409 -25.92409 -25.92409
 -25.94020 -25.94020 -25.94020 -25.94020 -25.94020
 -25.95552 -25.95552 -25.95552 -25.95552 -25.95552
 -25.96366 -25.96366 -25.96366 -25.96366 -25.96366
 -25.97048 -25.97048 -25.97048 -25.97048 -25.97048
 -25.98475 -25.98475 -25.98475 -25.98475 -25.98475
 -26.01117 -26.01117 -26.01117 -26.01117 -26.01117
 -26.05025 -26.05025 -26.05025 -26.05025 -26.05025
 -26.10028 -26.10028 -26.10028 -26.10028 -26.10028
 -26.15896 -26.15896 -26.15896 -26.15896 -26.15896
 -26.22412 -26.22412 -26.22412 -26.22412 -26.22412
 -26.29399 -26.29399 -26.29399 -26.29399 -26.29399
 -26.36723 -26.36723 -26.36723 -26.36723 -26.36723
 -26.44285 -26.44285 -26.44285 -26.44285 -26.44285
 -26.52012 -26.52012 -26.52012 -26.52012 -26.52012
 -26.59854 -26.59854 -26.59854 -26.59854 -26.59854
 -26.67777 -26.67777 -26.67777 -26.67777 -26.67777
 -26.75755 -26.75755 -26.75755 -26.75755 -26.75755
 ==17 ================== Behringer data =========================================
 -40.00000 -40.00000 -40.00000 -40.00000 -40.00000
 -40.00000 -40.00000 -40.00000 -40.00000 -40.00000
 -40.00000 -40.00000 -40.00000 -40.00000 -40.00000
 -40.00000 -40.00000 -40.00000 -40.00000 -40.00000
 -40.00000 -40.00000 -40.00000 -40.00000 -40.00000
 -40.00000 -40.00000 -40.00000 -40.00000 -40.00000
 -40.00000 -40.00000 -40.00000 -40.00000 -40.00000
 -40.00000 -40.00000 -40.00000 -40.00000 -40.00000
 -40.00000 -40.00000 -40.00000 -40.00000 -40.00000
 -40.00000 -40.00000 -40.00000 -40.00000 -40.00000
 -40.00000 -40.00000 -40.00000 -40.00000 -40.00000
 -40.00000 -40.00000 -40.00000 -40.00000 -40.00000
 -40.00000 -40.00000 -40.00000 -40.00000 -40.00000
 -35.82200 -35.82200 -35.82200 -35.82200 -35.82200
 -32.57809 -32.57809 -32.57809 -32.57809 -32.57809
 -30.36772 -30.36772 -30.36772 -30.36772 -30.36772
 -28.86877 -28.86877 -28.86877 -28.86877 -28.86877
 -27.85998 -27.85998 -27.85998 -27.85998 -27.85998
 -27.18922 -27.18922 -27.18922 -27.18922 -27.18922
 -26.75172 -26.75172 -26.75172 -26.75172 -26.75172
 -26.47521 -26.47521 -26.47521 -26.47521 -26.47521
 -26.30978 -26.30978 -26.30978 -26.30978 -26.30978
 -26.22095 -26.22095 -26.22095 -26.22095 -26.22095
 -26.18495 -26.18495 -26.18495 -26.18495 -26.18495
 -26.18535 -26.18535 -26.18535 -26.18535 -26.18535
 -26.21084 -26.21084 -26.21084 -26.21084 -26.21084
 -26.25361 -26.25361 -26.25361 -26.25361 -26.25361
 -26.30829 -26.30829 -26.30829 -26.30829 -26.30829
 -26.37117 -26.37117 -26.37117 -26.37117 -26.37117
 -26.43969 -26.43969 -26.43969 -26.43969 -26.43969
 ==18 ================== Behringer data =========================================
 -40.00000 -40.00000 -40.00000 -40.00000 -40.00000
 -40.00000 -40.00000 -40.00000 -40.00000 -40.00000
 -40.00000 -40.00000 -40.00000 -40.00000 -40.00000
 -40.00000 -40.00000 -40.00000 -40.00000 -40.00000
 -40.00000 -40.00000 -40.00000 -40.00000 -40.00000
 -40.00000 -40.00000 -40.00000 -40.00000 -40.00000
 -40.00000 -40.00000 -40.00000 -40.00000 -40.00000
 -40.00000 -40.00000 -40.00000 -40.00000 -40.00000
 -40.00000 -40.00000 -40.00000 -40.00000 -40.00000
 -40.00000 -40.00000 -40.00000 -40.00000 -40.00000
 -40.00000 -40.00000 -40.00000 -40.00000 -40.00000
 -40.00000 -40.00000 -40.00000 -40.00000 -40.00000
 -40.00000 -40.00000 -40.00000 -40.00000 -40.00000
 -36.59353 -36.59353 -36.59353 -36.59353 -36.59353
 -33.16147 -33.16147 -33.16147 -33.16147 -33.16147
 -30.82149 -30.82149 -30.82149 -30.82149 -30.82149
 -29.23297 -29.23297 -29.23297 -29.23297 -29.23297
 -28.16201 -28.16201 -28.16201 -28.16201 -28.16201
 -27.44801 -27.44801 -27.44801 -27.44801 -27.44801
 -26.98042 -26.98042 -26.98042 -26.98042 -26.98042
 -26.68298 -26.68298 -26.68298 -26.68298 -26.68298
 -26.50302 -26.50302 -26.50302 -26.50302 -26.50302
 -26.40413 -26.40413 -26.40413 -26.40413 -26.40413
 -26.36116 -26.36116 -26.36116 -26.36116 -26.36116
 -26.35675 -26.35675 -26.35675 -26.35675 -26.35675
 -26.37892 -26.37892 -26.37892 -26.37892 -26.37892
 -26.41940 -26.41940 -26.41940 -26.41940 -26.41940
 -26.47250 -26.47250 -26.47250 -26.47250 -26.47250
 -26.53429 -26.53429 -26.53429 -26.53429 -26.53429
 -26.60207 -26.60207 -26.60207 -26.60207 -26.60207
