    1    5   30    1    1     /HYDROGEN           /DICKSON ET AL 1992          
================================================================================
  11.00000  12.00000  13.00000  14.00000  15.00000
   0.00000   0.13793   0.27586   0.41379   0.55172   0.68966   0.82759   0.96552
   1.10345   1.24138   1.37931   1.51724   1.65517   1.79310   1.93103   2.06897
   2.20690   2.34483   2.48276   2.62069   2.75862   2.89655   3.03448   3.17241
   3.31034   3.44828   3.58621   3.72414   3.86207   4.00000
---------------------/ IGRD= 1  / IPRT= 0  /--------/ Z1= 1   / DATE= 10/02/93  
 -29.73074 -29.73335 -29.74259 -29.76812 -29.85135
 -28.53377 -28.54040 -28.55747 -28.60361 -28.73602
 -27.65371 -27.66560 -27.69322 -27.76030 -27.94160
 -26.99854 -27.01680 -27.05734 -27.14494 -27.37386
 -26.50967 -26.53359 -26.58550 -26.69079 -26.96398
 -26.14701 -26.17389 -26.23130 -26.34892 -26.66071
 -25.87923 -25.90685 -25.96480 -26.08946 -26.43108
 -25.67930 -25.70885 -25.76988 -25.89969 -26.25804
 -25.52783 -25.56175 -25.63110 -25.76573 -26.12809
 -25.41291 -25.44988 -25.52515 -25.66197 -26.02531
 -25.32624 -25.36190 -25.43439 -25.56890 -25.93791
 -25.26110 -25.29256 -25.35656 -25.48584 -25.86222
 -25.21241 -25.23938 -25.29461 -25.41818 -25.79794
 -25.17710 -25.20098 -25.25062 -25.36951 -25.74539
 -25.15461 -25.17644 -25.22251 -25.33710 -25.70446
 -25.14468 -25.16485 -25.20776 -25.31762 -25.67472
 -25.14493 -25.16354 -25.20332 -25.30813 -25.65350
 -25.15280 -25.16980 -25.20650 -25.30634 -25.63797
 -25.16774 -25.18318 -25.21700 -25.31203 -25.62844
 -25.19030 -25.20439 -25.23577 -25.32606 -25.62680
 -25.22057 -25.23362 -25.26312 -25.34872 -25.63408
 -25.25635 -25.26848 -25.29624 -25.37734 -25.64725
 -25.29519 -25.30633 -25.33211 -25.40902 -25.66308
 -25.33520 -25.34526 -25.36885 -25.44176 -25.67989
 -25.37550 -25.38463 -25.40633 -25.47508 -25.69842
 -25.41575 -25.42415 -25.44439 -25.50874 -25.71856
 -25.45594 -25.46372 -25.48276 -25.54255 -25.73967
 -25.49620 -25.50340 -25.52131 -25.57651 -25.76113
 -25.53654 -25.54315 -25.55995 -25.61055 -25.78269
 -25.57695 -25.58296 -25.59864 -25.64464 -25.80430
