    4    5   35    1    4     /BERYLLIUM          /GCR PROJECT                 
================================================================================
  11.00000  12.00000  13.00000  14.00000  15.00000
   0.00000   0.13535   0.27071   0.40606   0.54142   0.67677   0.81213   0.94748
   1.08284   1.21819   1.35355   1.48890   1.62426   1.75961   1.89497   2.03032
   2.16568   2.30103   2.43638   2.57174   2.70709   2.84245   2.97780   3.11316
   3.24851   3.38387   3.51922   3.65458   3.78993   3.92529   4.06064   4.19600
   4.33135   4.46671   4.60206
---------------------/ IGRD= 1  / IPRT= 0  /--------/ Z1= 1   / DATE= 20/02/06  
 -26.83204 -26.83119 -26.85481 -26.91836 -27.07443
 -26.26195 -26.27859 -26.32037 -26.40462 -26.58920
 -25.86556 -25.88644 -25.93929 -26.03999 -26.24827
 -25.57487 -25.59721 -25.65655 -25.76475 -25.98919
 -25.35036 -25.37426 -25.43534 -25.54440 -25.78336
 -25.17088 -25.19470 -25.25396 -25.36124 -25.62004
 -25.02267 -25.04477 -25.10160 -25.20687 -25.49226
 -24.89852 -24.92070 -24.97405 -25.07978 -25.39495
 -24.79756 -24.81981 -24.87175 -24.97938 -25.32172
 -24.72006 -24.74065 -24.79373 -24.90301 -25.26628
 -24.66354 -24.68357 -24.73403 -24.84499 -25.22397
 -24.62528 -24.64485 -24.69129 -24.80221 -25.19112
 -24.60296 -24.62085 -24.66526 -24.77298 -25.16562
 -24.59474 -24.61147 -24.65278 -24.75541 -25.14705
 -24.59746 -24.61278 -24.65011 -24.74861 -25.13480
 -24.60823 -24.62194 -24.65570 -24.75073 -25.12803
 -24.62502 -24.63834 -24.66914 -24.75835 -25.12540
 -24.64528 -24.65735 -24.68594 -24.76883 -25.12455
 -24.66710 -24.67634 -24.70326 -24.78033 -25.12408
 -24.68945 -24.69519 -24.72053 -24.79188 -25.12367
 -24.71198 -24.71411 -24.73787 -24.80348 -25.12328
 -24.73460 -24.73318 -24.75534 -24.81519 -25.12291
 -24.75728 -24.75231 -24.77286 -24.82694 -25.12254
 -24.78002 -24.77148 -24.79042 -24.83872 -25.12219
 -24.80278 -24.79068 -24.80800 -24.85052 -25.12185
 -24.82558 -24.80989 -24.82560 -24.86232 -25.12152
 -24.84839 -24.82912 -24.84322 -24.87414 -25.12118
 -24.87121 -24.84836 -24.86084 -24.88597 -25.12086
 -24.89404 -24.86761 -24.87847 -24.89781 -25.12053
 -24.91687 -24.88687 -24.89610 -24.90965 -25.12021
 -24.93971 -24.90612 -24.91372 -24.92149 -25.11989
 -24.96254 -24.92537 -24.93134 -24.93332 -25.11956
 -24.98538 -24.94462 -24.94897 -24.94516 -25.11924
 -25.00821 -24.96387 -24.96659 -24.95700 -25.11891
 -25.03105 -24.98312 -24.98422 -24.96884 -25.11859
---------------------/ IGRD= 1  / IPRT= 0  /--------/ Z1= 2   / DATE= 20/02/06  
 -26.15042 -26.15065 -26.15731 -26.21762 -26.58137
 -25.74194 -25.74211 -25.74819 -25.80297 -26.13689
 -25.44787 -25.44770 -25.45300 -25.50057 -25.80110
 -25.23514 -25.23525 -25.23946 -25.28045 -25.53996
 -25.08122 -25.08162 -25.08489 -25.11589 -25.33373
 -24.96829 -24.96852 -24.97147 -24.99187 -25.17364
 -24.88325 -24.88334 -24.88607 -24.90240 -25.05503
 -24.82344 -24.82344 -24.82439 -24.83596 -24.97051
 -24.78274 -24.78272 -24.78212 -24.78800 -24.91109
 -24.75487 -24.75487 -24.75466 -24.75659 -24.87050
 -24.73778 -24.73776 -24.73824 -24.73767 -24.84735
 -24.73196 -24.73199 -24.73180 -24.72893 -24.83358
 -24.73631 -24.73640 -24.73483 -24.72937 -24.82407
 -24.74607 -24.74579 -24.74543 -24.73812 -24.82412
 -24.76327 -24.76304 -24.76246 -24.75349 -24.83117
 -24.78822 -24.78847 -24.78544 -24.77478 -24.84108
 -24.81646 -24.81653 -24.81383 -24.80226 -24.85435
 -24.84844 -24.84838 -24.84613 -24.83404 -24.87357
 -24.88445 -24.88455 -24.88158 -24.86935 -24.89757
 -24.92372 -24.92388 -24.92013 -24.90831 -24.92249
 -24.96452 -24.96460 -24.96148 -24.94954 -24.94861
 -25.00646 -25.00645 -25.00468 -24.99213 -24.97849
 -25.04997 -25.04999 -25.04847 -25.03560 -25.01381
 -25.09403 -25.09404 -25.09234 -25.07876 -25.05055
 -25.13812 -25.13806 -25.13618 -25.12158 -25.08708
 -25.18220 -25.18209 -25.18005 -25.16452 -25.12369
 -25.22628 -25.22611 -25.22390 -25.20745 -25.16030
 -25.27036 -25.27014 -25.26775 -25.25036 -25.19690
 -25.31444 -25.31417 -25.31161 -25.29328 -25.23350
 -25.35852 -25.35820 -25.35547 -25.33621 -25.27010
 -25.40260 -25.40223 -25.39932 -25.37912 -25.30670
 -25.44669 -25.44626 -25.44318 -25.42204 -25.34330
 -25.49077 -25.49028 -25.48704 -25.46496 -25.37990
 -25.53485 -25.53431 -25.53090 -25.50788 -25.41650
 -25.57893 -25.57833 -25.57476 -25.55080 -25.45310
---------------------/ IGRD= 1  / IPRT= 0  /--------/ Z1= 3   / DATE= 20/02/06  
 -71.69494 -71.69557 -71.70455 -71.74921 -71.80052
 -63.87003 -63.87066 -63.87890 -63.91846 -63.96045
 -52.29650 -52.29700 -52.29820 -52.30169 -52.29789
 -44.65081 -44.65305 -44.66557 -44.72915 -44.79730
 -39.87966 -39.88235 -39.90285 -40.00756 -40.12441
 -35.73023 -35.73123 -35.74652 -35.82428 -35.90937
 -32.86145 -32.86201 -32.87690 -32.95587 -33.04865
 -30.78133 -30.78335 -30.79857 -30.87825 -30.97832
 -29.22819 -29.23249 -29.24821 -29.32253 -29.42336
 -28.12695 -28.13294 -28.15070 -28.22202 -28.32793
 -27.35206 -27.35851 -27.37837 -27.44430 -27.54898
 -26.81300 -26.81934 -26.83890 -26.89564 -26.99163
 -26.44481 -26.45109 -26.46734 -26.51285 -26.59598
 -26.19075 -26.19633 -26.20906 -26.24410 -26.31060
 -26.01315 -26.01753 -26.02737 -26.05378 -26.10344
 -25.88814 -25.89151 -25.89888 -25.91702 -25.95323
 -25.79932 -25.80210 -25.80740 -25.81682 -25.84326
 -25.73127 -25.73314 -25.73672 -25.74246 -25.76071
 -25.67609 -25.67692 -25.67918 -25.68493 -25.69640
 -25.63306 -25.63364 -25.63501 -25.63837 -25.64568
 -25.60202 -25.60248 -25.60330 -25.60496 -25.60910
 -25.58220 -25.58244 -25.58294 -25.58408 -25.58658
 -25.57214 -25.57230 -25.57264 -25.57268 -25.57597
 -25.57018 -25.57028 -25.57042 -25.57163 -25.57374
 -25.57400 -25.57405 -25.57405 -25.57625 -25.57652
 -25.58075 -25.58079 -25.58088 -25.58069 -25.58145
 -25.58764 -25.58768 -25.58793 -25.58478 -25.58656
 -25.59422 -25.59426 -25.59466 -25.58870 -25.59150
 -25.60069 -25.60073 -25.60130 -25.59247 -25.59637
 -25.60705 -25.60711 -25.60784 -25.59614 -25.60116
 -25.61336 -25.61343 -25.61434 -25.59979 -25.60593
 -25.61967 -25.61976 -25.62083 -25.60343 -25.61069
 -25.62598 -25.62608 -25.62733 -25.60707 -25.61545
 -25.63228 -25.63240 -25.63382 -25.61071 -25.62022
 -25.63859 -25.63873 -25.64031 -25.61435 -25.62498
---------------------/ IGRD= 1  / IPRT= 0  /--------/ Z1= 4   / DATE= 20/02/06  
 -74.00000 -74.00000 -74.00000 -74.00000 -74.00000
 -71.80080 -71.81504 -71.81606 -71.81613 -71.81614
 -63.07260 -63.11809 -63.12135 -63.12158 -63.12160
 -53.34946 -53.36344 -53.36444 -53.36451 -53.36451
 -45.44597 -45.43574 -45.43501 -45.43495 -45.43496
 -39.93525 -39.93910 -39.93937 -39.93939 -39.93940
 -36.06234 -36.06358 -36.06367 -36.06367 -36.06365
 -33.21217 -33.21116 -33.21109 -33.21109 -33.21125
 -31.10271 -31.10311 -31.10314 -31.10316 -31.10346
 -29.58615 -29.58626 -29.58627 -29.58629 -29.58644
 -28.48537 -28.48526 -28.48526 -28.48522 -28.48519
 -27.68234 -27.68237 -27.68237 -27.68244 -27.68271
 -27.10192 -27.10193 -27.10194 -27.10236 -27.10334
 -26.68499 -26.68498 -26.68502 -26.68574 -26.68683
 -26.38691 -26.38692 -26.38696 -26.38771 -26.38871
 -26.17443 -26.17442 -26.17443 -26.17476 -26.17618
 -26.02417 -26.02417 -26.02412 -26.02398 -26.02602
 -25.91877 -25.91878 -25.91877 -25.91946 -25.92098
 -25.84655 -25.84656 -25.84664 -25.84830 -25.84894
 -25.79968 -25.79968 -25.79972 -25.80021 -25.80145
 -25.76728 -25.76728 -25.76726 -25.76700 -25.76845
 -25.74423 -25.74423 -25.74423 -25.74427 -25.74519
 -25.73105 -25.73105 -25.73105 -25.73110 -25.73181
 -25.72754 -25.72754 -25.72754 -25.72752 -25.72772
 -25.73139 -25.73139 -25.73139 -25.73140 -25.73169
 -25.74096 -25.74096 -25.74096 -25.74102 -25.74235
 -25.75758 -25.75758 -25.75758 -25.75761 -25.75845
 -25.77786 -25.77786 -25.77786 -25.77783 -25.77735
 -25.79856 -25.79856 -25.79855 -25.79848 -25.79687
 -25.81924 -25.81924 -25.81923 -25.81912 -25.81636
 -25.83991 -25.83991 -25.83990 -25.83972 -25.83578
 -25.86056 -25.86056 -25.86056 -25.86032 -25.85520
 -25.88122 -25.88122 -25.88122 -25.88092 -25.87461
 -25.90188 -25.90188 -25.90188 -25.90153 -25.89403
 -25.92254 -25.92254 -25.92254 -25.92213 -25.91345
