   18   12   12    1   18     /KBe  01-28-1997
--------------------------------------------------------------------------------
  11.00000  11.47712  12.00000  12.47712  13.00000  13.47712  14.00000  14.47712
  15.00000  15.47712  16.00000  16.47712
   0.30084   0.69878   0.99981   1.30084   1.69878   1.99981   2.30084   2.69878
   2.99981   3.30084   3.69878   3.99981
--------------------/ Z1= 1   c:\adas\plt6ar1.ls
 -27.96257 -27.96257 -27.96257 -27.96257 -27.96257 -27.96257 -27.95861 -27.95468
 -27.94692 -27.94692 -27.95078 -27.96658
 -26.14086 -26.14086 -26.14026 -26.14026 -26.13966 -26.13787 -26.13312 -26.12784
 -26.12263 -26.12205 -26.12784 -26.14813
 -25.48413 -25.48413 -25.48413 -25.48413 -25.48280 -25.48149 -25.47756 -25.47108
 -25.46725 -25.46597 -25.47366 -25.49621
 -25.13194 -25.13194 -25.13194 -25.13194 -25.13077 -25.12901 -25.12494 -25.11919
 -25.11464 -25.11407 -25.12205 -25.14752
 -24.87943 -24.87943 -24.87943 -24.87943 -24.87943 -24.87615 -24.87289 -24.86646
 -24.86328 -24.86328 -24.87289 -24.90309
 -24.76447 -24.76447 -24.76447 -24.76447 -24.76447 -24.76195 -24.75945 -24.75203
 -24.74715 -24.74715 -24.75945 -24.79049
 -24.67985 -24.67985 -24.67778 -24.67778 -24.67778 -24.67572 -24.67366 -24.66756
 -24.66154 -24.66154 -24.67366 -24.70996
 -24.58670 -24.58670 -24.58670 -24.58503 -24.58503 -24.58336 -24.58004 -24.57512
 -24.56864 -24.56864 -24.58336 -24.62709
 -24.52288 -24.52288 -24.52288 -24.52288 -24.52288 -24.52143 -24.51713 -24.51145
 -24.50585 -24.50724 -24.52288 -24.57187
 -24.46218 -24.46218 -24.46218 -24.46218 -24.46218 -24.46092 -24.45717 -24.45222
 -24.44612 -24.44733 -24.46597 -24.52143
 -24.38405 -24.38405 -24.38405 -24.38405 -24.38405 -24.38300 -24.37986 -24.37469
 -24.36957 -24.37059 -24.39254 -24.45717
 -24.32514 -24.32514 -24.32514 -24.32514 -24.32514 -24.32422 -24.32148 -24.31695
 -24.31158 -24.31426 -24.33913 -24.41117
--------------------/ Z1= 2   c:\adas\plt6ar2.ls
 -28.21325 -28.21325 -28.21325 -28.21325 -28.21325 -28.21254 -28.21183 -28.21183
 -28.21183 -28.21610 -28.23508 -28.28988
 -25.68194 -25.68194 -25.68194 -25.68194 -25.68194 -25.68194 -25.68194 -25.67985
 -25.67778 -25.67778 -25.68613 -25.71670
 -24.85078 -24.85078 -24.85078 -24.85078 -24.85078 -24.84771 -24.84771 -24.84771
 -24.84466 -24.84164 -24.84466 -24.86646
 -24.47366 -24.47366 -24.47366 -24.47366 -24.47366 -24.47366 -24.47237 -24.47108
 -24.46852 -24.46471 -24.46597 -24.48149
 -24.29414 -24.29414 -24.29414 -24.29414 -24.29414 -24.29414 -24.29328 -24.29158
 -24.28819 -24.28483 -24.28316 -24.29328
 -24.26680 -24.26680 -24.26680 -24.26680 -24.26680 -24.26680 -24.26600 -24.26440
 -24.26122 -24.25649 -24.25492 -24.26201
 -24.28819 -24.28819 -24.28819 -24.28819 -24.28819 -24.28819 -24.28735 -24.28651
 -24.28316 -24.27901 -24.27572 -24.28067
 -24.35262 -24.35262 -24.35262 -24.35262 -24.35262 -24.35262 -24.35164 -24.35066
 -24.34775 -24.34294 -24.33819 -24.34103
 -24.41341 -24.41341 -24.41341 -24.41341 -24.41341 -24.41341 -24.41229 -24.41117
 -24.40894 -24.40340 -24.39903 -24.40012
 -24.47886 -24.47886 -24.47886 -24.47886 -24.47886 -24.47886 -24.47756 -24.47756
 -24.47366 -24.46980 -24.46344 -24.46344
 -24.56703 -24.56703 -24.56703 -24.56703 -24.56703 -24.56703 -24.56703 -24.56543
 -24.56384 -24.55909 -24.55284 -24.54975
 -24.63639 -24.63639 -24.63639 -24.63639 -24.63639 -24.63451 -24.63451 -24.63451
 -24.63264 -24.62709 -24.61979 -24.61618
--------------------/ Z1= 3   c:\adas\plt6ar3.ls
 -28.28988 -28.28988 -28.28988 -28.28988 -28.28988 -28.28988 -28.29158 -28.29414
 -28.30364 -28.32883 -28.40340 -28.54212
 -25.72354 -25.72354 -25.72354 -25.72354 -25.72354 -25.72354 -25.72354 -25.72354
 -25.72584 -25.73049 -25.74473 -25.77728
 -24.75696 -24.75696 -24.75696 -24.75696 -24.75449 -24.75449 -24.75449 -24.75449
 -24.75696 -24.75696 -24.76195 -24.77728
 -24.30627 -24.30627 -24.30627 -24.30627 -24.30627 -24.30540 -24.30452 -24.30452
 -24.30452 -24.30364 -24.30452 -24.31069
 -24.09474 -24.09474 -24.09474 -24.09474 -24.09420 -24.09366 -24.09205 -24.09098
 -24.08937 -24.08672 -24.08355 -24.08302
 -24.06048 -24.06048 -24.06048 -24.05998 -24.05998 -24.05898 -24.05750 -24.05601
 -24.05355 -24.04963 -24.04335 -24.04000
 -24.07469 -24.07469 -24.07469 -24.07469 -24.07417 -24.07314 -24.07160 -24.07007
 -24.06753 -24.06248 -24.05404 -24.04818
 -24.13430 -24.13430 -24.13371 -24.13371 -24.13371 -24.13312 -24.13136 -24.12959
 -24.12668 -24.12090 -24.11070 -24.10127
 -24.19314 -24.19314 -24.19314 -24.19246 -24.19246 -24.19179 -24.19044 -24.18843
 -24.18575 -24.17980 -24.16813 -24.15615
 -24.25649 -24.25649 -24.25649 -24.25649 -24.25649 -24.25571 -24.25492 -24.25259
 -24.25026 -24.24413 -24.23136 -24.21753
 -24.34390 -24.34390 -24.34390 -24.34390 -24.34390 -24.34294 -24.34199 -24.34008
 -24.33724 -24.33161 -24.31876 -24.30190
 -24.41005 -24.41005 -24.41005 -24.41005 -24.41005 -24.41005 -24.40894 -24.40671
 -24.40450 -24.39903 -24.38510 -24.36754
--------------------/ Z1= 4   c:\adas\plt6ar4.ls
 -28.00612 -28.00612 -28.00612 -28.00612 -28.00656 -28.00656 -28.00789 -28.01055
 -28.02045 -28.04818 -28.13077 -28.30016
 -25.60380 -25.60380 -25.60380 -25.60380 -25.60380 -25.60380 -25.60380 -25.60380
 -25.60380 -25.60906 -25.63078 -25.67572
 -24.56864 -24.56864 -24.56864 -24.56864 -24.56864 -24.56864 -24.56864 -24.56703
 -24.56864 -24.57187 -24.57675 -24.59176
 -24.04287 -24.04287 -24.04287 -24.04287 -24.04287 -24.04383 -24.04576 -24.04963
 -24.05453 -24.05700 -24.05552 -24.06449
 -23.77728 -23.77728 -23.77728 -23.77728 -23.77989 -23.77989 -23.78516 -23.79049
 -23.79860 -23.79860 -23.79317 -23.79860
 -23.73049 -23.73049 -23.73049 -23.73049 -23.73049 -23.73283 -23.73755 -23.74473
 -23.75203 -23.74958 -23.73993 -23.74232
 -23.74232 -23.74232 -23.74232 -23.74232 -23.74473 -23.74473 -23.74958 -23.75696
 -23.75945 -23.75696 -23.74473 -23.74232
 -23.80410 -23.80410 -23.80410 -23.80410 -23.80688 -23.80688 -23.80967 -23.81531
 -23.81816 -23.81248 -23.79317 -23.78252
 -23.86967 -23.86967 -23.86967 -23.86967 -23.86967 -23.86967 -23.87289 -23.87615
 -23.87615 -23.86967 -23.84771 -23.83268
 -23.93554 -23.93554 -23.93554 -23.93554 -23.93554 -23.93930 -23.93930 -23.94309
 -23.94309 -23.93181 -23.90658 -23.88606
 -24.02919 -24.02919 -24.02919 -24.02919 -24.02919 -24.02965 -24.03105 -24.03245
 -24.03058 -24.01909 -23.98716 -23.95861
 -24.09909 -24.09909 -24.09909 -24.09909 -24.09909 -24.09909 -24.10018 -24.10073
 -24.09800 -24.08513 -24.05257 -24.01592
--------------------/ Z1= 5   c:\adas\plt6ar5.ls
 -28.16622 -28.16622 -28.16622 -28.16622 -28.16622 -28.16622 -28.16749 -28.17070
 -28.18046 -28.20761 -28.28904 -28.45222
 -25.81816 -25.81816 -25.81816 -25.81816 -25.81816 -25.81816 -25.81816 -25.82102
 -25.82391 -25.83268 -25.86012 -25.92082
 -24.92445 -24.92445 -24.92445 -24.92445 -24.92445 -24.92445 -24.92445 -24.92445
 -24.92445 -24.92812 -24.93930 -24.96658
 -24.50169 -24.50169 -24.50169 -24.50169 -24.50169 -24.50169 -24.50169 -24.50169
 -24.50169 -24.50169 -24.50307 -24.51286
 -24.30016 -24.30016 -24.30016 -24.30016 -24.30016 -24.30016 -24.30016 -24.30016
 -24.29930 -24.29843 -24.29585 -24.29243
 -24.27165 -24.27165 -24.27165 -24.27165 -24.27165 -24.27165 -24.27165 -24.27083
 -24.27083 -24.26922 -24.26440 -24.25806
 -24.28904 -24.28904 -24.28904 -24.28904 -24.28904 -24.28904 -24.28904 -24.28904
 -24.28819 -24.28651 -24.28233 -24.27409
 -24.35066 -24.35066 -24.35066 -24.35066 -24.35066 -24.35066 -24.35066 -24.35066
 -24.34969 -24.34775 -24.34390 -24.33536
 -24.41117 -24.41117 -24.41117 -24.41117 -24.41117 -24.41117 -24.41117 -24.41117
 -24.41005 -24.40894 -24.40561 -24.39685
 -24.47756 -24.47756 -24.47756 -24.47756 -24.47756 -24.47756 -24.47756 -24.47625
 -24.47625 -24.47495 -24.47237 -24.46344
 -24.56703 -24.56703 -24.56703 -24.56703 -24.56703 -24.56703 -24.56703 -24.56703
 -24.56703 -24.56703 -24.56384 -24.55595
 -24.63827 -24.63827 -24.63827 -24.63827 -24.63827 -24.63827 -24.63827 -24.63639
 -24.63639 -24.63639 -24.63264 -24.62709
--------------------/ Z1= 6   c:\adas\plt6ar6.ls
 -28.37059 -28.37059 -28.37059 -28.37059 -28.37059 -28.37161 -28.37161 -28.37469
 -28.38195 -28.40340 -28.46852 -28.60730
 -25.96257 -25.96257 -25.96257 -25.96257 -25.96257 -25.96257 -25.96257 -25.96257
 -25.96658 -25.97062 -25.98716 -26.04335
 -25.14388 -25.14388 -25.14388 -25.14388 -25.14388 -25.14388 -25.14327 -25.14207
 -25.13727 -25.12610 -25.10402 -25.08991
 -24.77469 -24.77469 -24.77469 -24.77469 -24.77469 -24.77469 -24.77211 -24.76955
 -24.75945 -24.73755 -24.68613 -24.61618
 -24.61439 -24.61439 -24.61439 -24.61439 -24.61439 -24.61439 -24.61261 -24.60906
 -24.59860 -24.57025 -24.50585 -24.40012
 -24.60380 -24.60380 -24.60380 -24.60380 -24.60380 -24.60380 -24.60206 -24.59860
 -24.58670 -24.56067 -24.49485 -24.38300
 -24.63451 -24.63451 -24.63451 -24.63451 -24.63451 -24.63264 -24.63264 -24.62893
 -24.61979 -24.59517 -24.53462 -24.42481
 -24.70996 -24.70996 -24.70996 -24.70996 -24.70996 -24.70996 -24.70774 -24.70553
 -24.69680 -24.67778 -24.62342 -24.52433
 -24.77989 -24.77989 -24.77989 -24.77989 -24.77989 -24.77989 -24.77989 -24.77728
 -24.76955 -24.75449 -24.70774 -24.61618
 -24.85699 -24.85699 -24.85699 -24.85699 -24.85699 -24.85699 -24.85699 -24.85387
 -24.84771 -24.83268 -24.79317 -24.71444
 -24.96257 -24.96257 -24.96257 -24.96257 -24.96257 -24.96257 -24.95861 -24.95861
 -24.95468 -24.94309 -24.91010 -24.84164
 -25.04096 -25.04096 -25.04096 -25.04096 -25.04096 -25.04096 -25.04048 -25.03953
 -25.03621 -25.02641 -25.00000 -24.93930
--------------------/ Z1= 7   c:\adas\plt6ar7.ls
 -28.51713 -28.51713 -28.51713 -28.51713 -28.51713 -28.51713 -28.51713 -28.51856
 -28.52288 -28.53462 -28.57512 -28.67162
 -25.93181 -25.93181 -25.93181 -25.93181 -25.93181 -25.93181 -25.93181 -25.93181
 -25.93181 -25.93554 -25.94309 -25.97881
 -25.14388 -25.14388 -25.14388 -25.14388 -25.14388 -25.14388 -25.14327 -25.14207
 -25.13787 -25.12552 -25.09098 -25.04818
 -24.80688 -24.80688 -24.80688 -24.80688 -24.80688 -24.80688 -24.80688 -24.80410
 -24.79588 -24.76955 -24.69897 -24.59346
 -24.67162 -24.67162 -24.67162 -24.67162 -24.67162 -24.66959 -24.66959 -24.66555
 -24.65365 -24.62160 -24.53313 -24.39041
 -24.66959 -24.66959 -24.66959 -24.66959 -24.66959 -24.66756 -24.66756 -24.66354
 -24.65170 -24.61979 -24.53165 -24.38195
 -24.70774 -24.70774 -24.70774 -24.70774 -24.70774 -24.70553 -24.70553 -24.70115
 -24.69037 -24.66154 -24.58004 -24.43415
 -24.78516 -24.78516 -24.78516 -24.78516 -24.78516 -24.78516 -24.78252 -24.77989
 -24.76955 -24.74715 -24.67572 -24.54212
 -24.85699 -24.85699 -24.85699 -24.85699 -24.85699 -24.85699 -24.85699 -24.85387
 -24.84466 -24.82391 -24.76447 -24.64207
 -24.93554 -24.93554 -24.93554 -24.93554 -24.93554 -24.93554 -24.93554 -24.93554
 -24.92812 -24.91010 -24.85699 -24.74715
 -25.04431 -25.04431 -25.04431 -25.04431 -25.04431 -25.04383 -25.04335 -25.04144
 -25.03527 -25.02045 -24.97881 -24.88606
 -25.12610 -25.12610 -25.12610 -25.12610 -25.12610 -25.12610 -25.12552 -25.12378
 -25.11861 -25.10513 -25.06905 -24.98716
--------------------/ Z1= 8   c:\adas\plt6ar8.sm
 -27.98297 -27.98297 -27.98297 -27.98297 -27.98297 -27.98297 -27.98297 -27.98716
 -27.99568 -28.02091 -28.09854 -28.26440
 -25.86012 -25.86012 -25.86012 -25.86012 -25.86012 -25.86012 -25.86012 -25.86328
 -25.86967 -25.88606 -25.93930 -26.06449
 -25.22257 -25.22257 -25.22257 -25.22257 -25.22257 -25.22257 -25.22257 -25.22403
 -25.22768 -25.23732 -25.27003 -25.34872
 -24.94309 -24.94309 -24.94309 -24.94309 -24.94309 -24.94309 -24.94309 -24.94692
 -24.94692 -24.94692 -24.95861 -24.98297
 -24.82102 -24.82102 -24.82102 -24.82102 -24.82102 -24.82102 -24.81816 -24.81816
 -24.81816 -24.81248 -24.79860 -24.76955
 -24.81816 -24.81816 -24.81816 -24.81816 -24.81816 -24.81816 -24.81816 -24.81816
 -24.81531 -24.80967 -24.78781 -24.74232
 -24.86328 -24.86328 -24.86328 -24.86328 -24.86328 -24.86328 -24.86328 -24.86328
 -24.86012 -24.85387 -24.83268 -24.77989
 -24.97469 -24.97469 -24.97469 -24.97469 -24.97469 -24.97469 -24.97469 -24.97469
 -24.97062 -24.96658 -24.94692 -24.89620
 -25.08513 -25.08513 -25.08513 -25.08513 -25.08513 -25.08513 -25.08460 -25.08407
 -25.08249 -25.07727 -25.05998 -25.01547
 -25.20831 -25.20831 -25.20831 -25.20831 -25.20831 -25.20831 -25.20761 -25.20761
 -25.20621 -25.20135 -25.18709 -25.14813
 -25.38195 -25.38195 -25.38195 -25.38195 -25.38195 -25.38195 -25.38195 -25.38195
 -25.38091 -25.37675 -25.36552 -25.33536
 -25.51713 -25.51713 -25.51713 -25.51713 -25.51713 -25.51713 -25.51713 -25.51713
 -25.51570 -25.51286 -25.50307 -25.47886
--------------------/ Z1= 9   c:\adas\plt6ar9.ls
 -40.00000 -40.00000 -40.00000 -40.00000 -40.00000 -40.00000 -40.00000 -40.00000
 -40.00000 -40.00000 -40.00000 -40.00000
 -40.00000 -40.00000 -40.00000 -40.00000 -40.00000 -40.00000 -40.00000 -40.00000
 -40.00000 -40.00000 -40.00000 -40.00000
 -36.44612 -36.44612 -36.44612 -36.44612 -36.44612 -36.44612 -36.44612 -36.44612
 -36.44612 -36.44612 -36.44612 -36.44612
 -30.74715 -30.74715 -30.74715 -30.74715 -30.74715 -30.74715 -30.74715 -30.74715
 -30.74715 -30.74715 -30.74715 -30.74715
 -27.19314 -27.19314 -27.19314 -27.19314 -27.19314 -27.19314 -27.19314 -27.19314
 -27.19314 -27.19314 -27.19314 -27.19314
 -26.05453 -26.05453 -26.05453 -26.05453 -26.05453 -26.05453 -26.05453 -26.05453
 -26.05453 -26.05453 -26.05453 -26.05453
 -25.53462 -25.53462 -25.53462 -25.53462 -25.53462 -25.53462 -25.53462 -25.53462
 -25.53462 -25.53462 -25.53462 -25.53462
 -25.27003 -25.27003 -25.27003 -25.27003 -25.27003 -25.27003 -25.27003 -25.27003
 -25.27003 -25.27003 -25.27003 -25.27003
 -25.20204 -25.20204 -25.20204 -25.20204 -25.20204 -25.20204 -25.20204 -25.20204
 -25.20204 -25.20204 -25.20204 -25.20204
 -25.18642 -25.18642 -25.18642 -25.18642 -25.18642 -25.18642 -25.18642 -25.18642
 -25.18642 -25.18642 -25.18642 -25.18642
 -25.21183 -25.21183 -25.21183 -25.21183 -25.21183 -25.21183 -25.21183 -25.21183
 -25.21183 -25.21183 -25.21183 -25.21183
 -25.24642 -25.24642 -25.24642 -25.24642 -25.24642 -25.24642 -25.24642 -25.24642
 -25.24642 -25.24642 -25.24642 -25.24642
--------------------/ Z1= 10   c:\adas\plt6ar10.ls
 -40.00000 -40.00000 -40.00000 -40.00000 -40.00000 -40.00000 -40.00000 -40.00000
 -40.00000 -40.00000 -40.00000 -40.00000
 -31.77211 -31.77211 -31.77211 -31.77211 -31.77211 -31.77211 -31.77211 -31.77211
 -31.77211 -31.77211 -31.77211 -31.77469
 -28.60555 -28.60555 -28.60555 -28.60555 -28.60555 -28.60555 -28.60555 -28.60555
 -28.60555 -28.60555 -28.60555 -28.60730
 -27.09420 -27.09420 -27.09420 -27.09420 -27.09420 -27.09420 -27.09420 -27.09420
 -27.09420 -27.09420 -27.09474 -27.09637
 -26.25727 -26.25727 -26.25727 -26.25727 -26.25727 -26.25727 -26.25727 -26.25727
 -26.25727 -26.25727 -26.25806 -26.25885
 -25.84164 -25.84164 -25.84164 -25.84164 -25.84164 -25.84164 -25.84164 -25.84164
 -25.84164 -25.84164 -25.84164 -25.84164
 -25.48413 -25.48413 -25.48413 -25.48413 -25.48413 -25.48413 -25.48413 -25.48413
 -25.48413 -25.48413 -25.48413 -25.48413
 -25.25806 -25.25806 -25.25806 -25.25806 -25.25806 -25.25806 -25.25806 -25.25806
 -25.25806 -25.25806 -25.25806 -25.25806
 -25.20066 -25.20066 -25.20066 -25.20066 -25.20066 -25.20066 -25.20066 -25.20066
 -25.20066 -25.20066 -25.20066 -25.20066
 -25.19179 -25.19179 -25.19179 -25.19179 -25.19179 -25.19179 -25.19179 -25.19179
 -25.19179 -25.19179 -25.19179 -25.19179
 -25.22403 -25.22403 -25.22403 -25.22403 -25.22403 -25.22403 -25.22403 -25.22403
 -25.22403 -25.22403 -25.22403 -25.22403
 -25.26440 -25.26440 -25.26440 -25.26440 -25.26440 -25.26440 -25.26440 -25.26440
 -25.26440 -25.26440 -25.26440 -25.26440
--------------------/ Z1= 11   c:\adas\plt6ar11.ls
 -39.23062 -39.23062 -39.23062 -39.23062 -39.23062 -39.23062 -39.23062 -39.23062
 -39.23062 -39.23136 -39.23359 -39.23958
 -30.71220 -30.71220 -30.71220 -30.71220 -30.71220 -30.71220 -30.71220 -30.71220
 -30.71220 -30.71220 -30.71220 -30.71670
 -27.93181 -27.93181 -27.93181 -27.93181 -27.93181 -27.93181 -27.93181 -27.93181
 -27.93181 -27.93181 -27.93181 -27.93554
 -26.57675 -26.57675 -26.57675 -26.57675 -26.57675 -26.57675 -26.57675 -26.57675
 -26.57675 -26.57675 -26.57675 -26.57840
 -25.82102 -25.82102 -25.82102 -25.82102 -25.82102 -25.82102 -25.82102 -25.82102
 -25.82102 -25.82102 -25.82391 -25.82391
 -25.53165 -25.53165 -25.53165 -25.53165 -25.53165 -25.53165 -25.53165 -25.53165
 -25.53165 -25.53165 -25.53165 -25.53165
 -25.26122 -25.26122 -25.26122 -25.26122 -25.26122 -25.26122 -25.26122 -25.26122
 -25.26122 -25.26122 -25.26122 -25.26122
 -25.05998 -25.05998 -25.05998 -25.05998 -25.05998 -25.05998 -25.05998 -25.05998
 -25.05998 -25.05998 -25.05998 -25.05998
 -25.00833 -25.00833 -25.00833 -25.00833 -25.00833 -25.00833 -25.00833 -25.00833
 -25.00833 -25.00833 -25.00833 -25.00833
 -25.00174 -25.00174 -25.00174 -25.00174 -25.00174 -25.00174 -25.00174 -25.00174
 -25.00174 -25.00218 -25.00218 -25.00218
 -25.03480 -25.03480 -25.03480 -25.03480 -25.03480 -25.03480 -25.03480 -25.03480
 -25.03480 -25.03480 -25.03480 -25.03480
 -25.07520 -25.07520 -25.07520 -25.07520 -25.07520 -25.07520 -25.07520 -25.07520
 -25.07520 -25.07520 -25.07520 -25.07520
--------------------/ Z1= 12   c:\adas\plt6ar12.ml
 -29.20621 -29.58503 -30.05012 -30.50584 -31.01954 -31.49349 -32.01592 -32.49215
 -33.01547 -33.49215 -34.01457 -34.48946
 -27.45346 -27.67572 -28.01278 -28.39685 -28.83565 -29.17783 -29.42481 -29.53313
 -29.57840 -29.59346 -29.60033 -29.60906
 -26.74473 -26.84164 -26.97881 -27.09909 -27.17653 -27.20621 -27.21753 -27.22040
 -27.22185 -27.22257 -27.22475 -27.22989
 -26.02733 -26.00833 -25.99140 -25.98297 -25.97469 -25.97469 -25.97469 -25.97469
 -25.97469 -25.97469 -25.97469 -25.97881
 -25.49621 -25.43063 -25.35655 -25.30190 -25.27083 -25.25964 -25.25492 -25.25414
 -25.25336 -25.25336 -25.25414 -25.25492
 -25.41117 -25.33630 -25.24033 -25.16052 -25.10958 -25.09044 -25.08302 -25.08092
 -25.08040 -25.08040 -25.08040 -25.08092
 -25.45593 -25.38722 -25.28316 -25.17980 -25.10127 -25.06854 -25.05502 -25.05110
 -25.05012 -25.04963 -25.04963 -25.05012
 -25.58336 -25.53313 -25.44490 -25.32883 -25.20971 -25.14691 -25.11861 -25.10958
 -25.10624 -25.10568 -25.10513 -25.10568
 -25.68825 -25.65365 -25.58503 -25.48149 -25.34390 -25.25259 -25.20621 -25.19044
 -25.18509 -25.18310 -25.18243 -25.18243
 -25.79860 -25.77211 -25.72354 -25.64016 -25.50307 -25.38722 -25.31605 -25.29073
 -25.28067 -25.27819 -25.27737 -25.27737
 -25.94309 -25.92812 -25.89620 -25.83863 -25.72354 -25.59346 -25.48812 -25.44249
 -25.42481 -25.41908 -25.41680 -25.41680
 -26.05601 -26.04479 -26.02228 -25.98297 -25.88941 -25.76195 -25.63451 -25.57025
 -25.54212 -25.53313 -25.53018 -25.53018
--------------------/ Z1= 13   c:\adas\plt6ar13.ls
 -33.79860 -33.79860 -33.79860 -33.79860 -33.79860 -33.79860 -33.79860 -33.79860
 -33.80410 -33.81531 -33.85078 -33.94310
 -29.46980 -29.46980 -29.46980 -29.46980 -29.46980 -29.46980 -29.47108 -29.47108
 -29.47108 -29.47237 -29.47756 -29.48945
 -27.32057 -27.32057 -27.32057 -27.32057 -27.32057 -27.32057 -27.32057 -27.32057
 -27.32057 -27.32148 -27.32331 -27.32883
 -26.20831 -26.20831 -26.20831 -26.20831 -26.20831 -26.20831 -26.20831 -26.20831
 -26.20831 -26.20831 -26.20971 -26.21254
 -25.57840 -25.57840 -25.57840 -25.57840 -25.57840 -25.57840 -25.57840 -25.57840
 -25.57840 -25.57840 -25.57840 -25.58004
 -25.40230 -25.40230 -25.40230 -25.40230 -25.40230 -25.40230 -25.40230 -25.40230
 -25.40230 -25.40230 -25.40230 -25.40230
 -25.28567 -25.28567 -25.28567 -25.28567 -25.28567 -25.28567 -25.28567 -25.28567
 -25.28567 -25.28567 -25.28567 -25.28483
 -25.18243 -25.18243 -25.18243 -25.18243 -25.18243 -25.18243 -25.18243 -25.18243
 -25.18243 -25.18243 -25.18243 -25.18177
 -25.16241 -25.16241 -25.16241 -25.16241 -25.16241 -25.16241 -25.16241 -25.16241
 -25.16241 -25.16241 -25.16241 -25.16241
 -25.17653 -25.17653 -25.17653 -25.17653 -25.17653 -25.17653 -25.17653 -25.17653
 -25.17653 -25.17653 -25.17653 -25.17653
 -25.22475 -25.22475 -25.22475 -25.22475 -25.22475 -25.22475 -25.22475 -25.22475
 -25.22475 -25.22475 -25.22475 -25.22475
 -25.27409 -25.27409 -25.27409 -25.27409 -25.27409 -25.27409 -25.27409 -25.27409
 -25.27409 -25.27409 -25.27409 -25.27409
--------------------/ Z1= 14   c:\adas\plt6ar14.ls
 -33.48017 -33.48017 -33.48017 -33.48017 -33.48017 -33.48017 -33.48149 -33.48149
 -33.48545 -33.49485 -33.52871 -33.61083
 -29.26600 -29.26600 -29.26600 -29.26600 -29.26600 -29.26600 -29.26600 -29.26600
 -29.26680 -29.26841 -29.27490 -29.29158
 -27.23807 -27.23807 -27.23807 -27.23807 -27.23807 -27.23807 -27.23807 -27.23807
 -27.23807 -27.23882 -27.24033 -27.24642
 -26.19179 -26.19179 -26.19179 -26.19179 -26.19179 -26.19179 -26.19179 -26.19179
 -26.19179 -26.19179 -26.19111 -26.19111
 -25.62709 -25.62709 -25.62709 -25.62709 -25.62709 -25.62709 -25.62709 -25.62709
 -25.62709 -25.62525 -25.62342 -25.61798
 -25.49214 -25.49214 -25.49214 -25.49214 -25.49214 -25.49214 -25.49214 -25.49214
 -25.49214 -25.49080 -25.48812 -25.48149
 -25.44129 -25.44129 -25.44129 -25.44129 -25.44129 -25.44129 -25.44129 -25.44129
 -25.44129 -25.44129 -25.43890 -25.43297
 -25.42136 -25.42136 -25.42136 -25.42136 -25.42136 -25.42136 -25.42136 -25.42136
 -25.42136 -25.42136 -25.41908 -25.41567
 -25.44249 -25.44249 -25.44249 -25.44249 -25.44249 -25.44249 -25.44249 -25.44249
 -25.44129 -25.44129 -25.44009 -25.43771
 -25.48413 -25.48413 -25.48413 -25.48413 -25.48413 -25.48413 -25.48413 -25.48413
 -25.48413 -25.48413 -25.48280 -25.48149
 -25.56067 -25.56067 -25.56067 -25.56067 -25.56067 -25.56067 -25.56067 -25.56067
 -25.56067 -25.56067 -25.56067 -25.55909
 -25.62893 -25.62893 -25.62893 -25.62893 -25.62893 -25.62893 -25.62893 -25.62709
 -25.62709 -25.62709 -25.62709 -25.62709
--------------------/ Z1= 15   c:\adas\plt6ar15.jil
 -32.23657 -32.23657 -32.23732 -32.23732 -32.23807 -32.24109 -32.25181 -32.28067
 -32.36856 -32.55129 -32.89619 -33.30277
 -28.59007 -28.59007 -28.59007 -28.59007 -28.59007 -28.59176 -28.59860 -28.61439
 -28.66756 -28.78252 -28.99568 -29.21254
 -27.10237 -27.10237 -27.10237 -27.10237 -27.10237 -27.10292 -27.10292 -27.10292
 -27.10402 -27.10568 -27.10958 -27.11634
 -26.15058 -26.15058 -26.15058 -26.15058 -26.14997 -26.14935 -26.14630 -26.13906
 -26.11691 -26.07831 -26.02826 -26.00043
 -25.61979 -25.61979 -25.61979 -25.61979 -25.61979 -25.61798 -25.61618 -25.60730
 -25.58336 -25.53760 -25.47886 -25.44249
 -25.51570 -25.51570 -25.51570 -25.51570 -25.51428 -25.51428 -25.51145 -25.50446
 -25.48413 -25.44490 -25.38510 -25.34390
 -25.52433 -25.52433 -25.52433 -25.52433 -25.52433 -25.52288 -25.52143 -25.51713
 -25.50169 -25.46980 -25.41229 -25.36452
 -25.60206 -25.60206 -25.60206 -25.60206 -25.60206 -25.60033 -25.60033 -25.59688
 -25.58838 -25.56703 -25.52143 -25.46852
 -25.68613 -25.68613 -25.68613 -25.68613 -25.68613 -25.68613 -25.68613 -25.68403
 -25.67985 -25.66555 -25.63264 -25.58336
 -25.77728 -25.77469 -25.77469 -25.77469 -25.77469 -25.77469 -25.77469 -25.77469
 -25.77211 -25.76447 -25.74473 -25.70774
 -25.89279 -25.89279 -25.89279 -25.89279 -25.89279 -25.89279 -25.89279 -25.89279
 -25.89279 -25.88941 -25.88273 -25.86328
 -25.98716 -25.98716 -25.98716 -25.98716 -25.98716 -25.98716 -25.98716 -25.98716
 -25.98716 -25.98297 -25.97881 -25.97062
--------------------/ Z1= 16   c:\adas\plt6ar16.pmj
 -32.10073 -32.10073 -32.10073 -32.10073 -32.10073 -32.10127 -32.10127 -32.10182
 -32.10402 -32.11014 -32.13077 -32.18442
 -27.96658 -27.96658 -27.96658 -27.96658 -27.96658 -27.96658 -27.96658 -27.96658
 -27.96658 -27.97062 -27.98297 -28.01773
 -26.64589 -26.64589 -26.64589 -26.64589 -26.64589 -26.64589 -26.64589 -26.64589
 -26.64782 -26.64975 -26.65956 -26.68403
 -26.05453 -26.05453 -26.05453 -26.05453 -26.05453 -26.05453 -26.05502 -26.05502
 -26.05552 -26.05750 -26.06399 -26.08197
 -25.79317 -25.79317 -25.79317 -25.79317 -25.79317 -25.79317 -25.79317 -25.79317
 -25.79317 -25.79588 -25.79860 -25.81248
 -25.77211 -25.77211 -25.77211 -25.77211 -25.77211 -25.77211 -25.77211 -25.77211
 -25.77211 -25.77211 -25.77469 -25.78516
 -25.75449 -25.75449 -25.75449 -25.75449 -25.75449 -25.75449 -25.75449 -25.75449
 -25.75449 -25.75449 -25.75696 -25.75945
 -25.65956 -25.65956 -25.65956 -25.65956 -25.65956 -25.65956 -25.65956 -25.65956
 -25.65956 -25.65956 -25.65758 -25.65170
 -25.61979 -25.61979 -25.61979 -25.61979 -25.61979 -25.61979 -25.61979 -25.61979
 -25.61979 -25.61798 -25.61618 -25.60906
 -25.62893 -25.62893 -25.62893 -25.62893 -25.62893 -25.62893 -25.62893 -25.62893
 -25.62893 -25.62709 -25.62525 -25.61798
 -25.69250 -25.69250 -25.69250 -25.69250 -25.69250 -25.69250 -25.69250 -25.69250
 -25.69250 -25.69037 -25.68825 -25.68403
 -25.76955 -25.76955 -25.76955 -25.76955 -25.76955 -25.76955 -25.76955 -25.76955
 -25.76955 -25.76955 -25.76700 -25.76195
--------------------/ Z1= 17   c:\adas\plt6ar17.fpk
 -40.00000 -40.00000 -40.00000 -40.00000 -40.00000 -40.00000 -40.00000 -40.00000
 -40.00000 -40.00000 -40.00000 -40.00000
 -40.00000 -40.00000 -40.00000 -40.00000 -40.00000 -40.00000 -40.00000 -40.00000
 -40.00000 -40.00000 -40.00000 -40.00000
 -40.00000 -40.00000 -40.00000 -40.00000 -40.00000 -40.00000 -40.00000 -40.00000
 -40.00000 -40.00000 -40.00000 -40.00000
 -40.00000 -40.00000 -40.00000 -40.00000 -40.00000 -40.00000 -40.00000 -40.00000
 -40.00000 -40.00000 -40.00000 -40.00000
 -40.00000 -40.00000 -40.00000 -40.00000 -40.00000 -40.00000 -40.00000 -40.00000
 -40.00000 -40.00000 -40.00000 -40.00000
 -38.85387 -38.85387 -38.85387 -38.85387 -38.85387 -38.85387 -38.85387 -38.85387
 -38.85387 -38.85078 -38.85078 -38.85078
 -32.22694 -32.22694 -32.22694 -32.22694 -32.22694 -32.22694 -32.22694 -32.22621
 -32.22548 -32.22475 -32.22403 -32.22330
 -28.32790 -28.32790 -28.32790 -28.32790 -28.32790 -28.32790 -28.32790 -28.32698
 -28.32606 -28.32514 -28.32331 -28.32239
 -27.07883 -27.07883 -27.07831 -27.07831 -27.07831 -27.07831 -27.07831 -27.07779
 -27.07676 -27.07572 -27.07417 -27.07314
 -26.48945 -26.48945 -26.48945 -26.48945 -26.48945 -26.48945 -26.48945 -26.48812
 -26.48812 -26.48678 -26.48545 -26.48413
 -26.18642 -26.18642 -26.18642 -26.18642 -26.18642 -26.18575 -26.18575 -26.18575
 -26.18575 -26.18509 -26.18442 -26.18376
 -26.11804 -26.11804 -26.11804 -26.11804 -26.11804 -26.11804 -26.11804 -26.11804
 -26.11804 -26.11748 -26.11691 -26.11691
--------------------/ Z1= 18   c:\adas\plt6ar18.sgc
 -40.00000 -40.00000 -40.00000 -40.00000 -40.00000 -40.00000 -40.00000 -40.00000
 -40.00000 -40.00000 -40.00000 -40.00000
 -40.00000 -40.00000 -40.00000 -40.00000 -40.00000 -40.00000 -40.00000 -40.00000
 -40.00000 -40.00000 -40.00000 -40.00000
 -40.00000 -40.00000 -40.00000 -40.00000 -40.00000 -40.00000 -40.00000 -40.00000
 -40.00000 -40.00000 -40.00000 -40.00000
 -40.00000 -40.00000 -40.00000 -40.00000 -40.00000 -40.00000 -40.00000 -40.00000
 -40.00000 -40.00000 -40.00000 -40.00000
 -40.00000 -40.00000 -40.00000 -40.00000 -40.00000 -40.00000 -40.00000 -40.00000
 -40.00000 -40.00000 -40.00000 -40.00000
 -39.97062 -39.97062 -39.97062 -39.97062 -39.97062 -39.97062 -39.97062 -39.97062
 -39.97062 -39.97062 -39.97062 -39.97062
 -32.92812 -32.92812 -32.92812 -32.92812 -32.92812 -32.92812 -32.92812 -32.92812
 -32.92812 -32.92812 -32.92812 -32.92812
 -28.76955 -28.76955 -28.76955 -28.76955 -28.76955 -28.76955 -28.76955 -28.76955
 -28.76955 -28.76955 -28.76955 -28.76955
 -27.42136 -27.42136 -27.42136 -27.42136 -27.42136 -27.42136 -27.42136 -27.42136
 -27.42136 -27.42136 -27.42136 -27.42136
 -26.78516 -26.78516 -26.78516 -26.78516 -26.78516 -26.78516 -26.78516 -26.78516
 -26.78516 -26.78516 -26.78516 -26.78516
 -26.43890 -26.43890 -26.43890 -26.43890 -26.43890 -26.43890 -26.43890 -26.43890
 -26.43890 -26.43890 -26.43890 -26.43890
 -26.36051 -26.36051 -26.36051 -26.36051 -26.36051 -26.36051 -26.36051 -26.36051
 -26.36051 -26.36051 -26.36051 -26.36051
