    6    5   30    1    6           /Ne  standard Behringer data set (R.Dux)   
================================================================================
  11.00000  12.00000  13.00000  14.00000  15.00000
   0.00000   0.16203   0.32407   0.48610   0.64813   0.81017   0.97220   1.13423
   1.29627   1.45830   1.62033   1.78237   1.94440   2.10643   2.26847   2.43050
   2.59254   2.75457   2.91660   3.07864   3.24067   3.40270   3.56474   3.72677
   3.88880   4.05084   4.21287   4.37490   4.53694   4.69897
 == 1 ================== Behringer data =========================================
 -30.53751 -30.57733 -30.63765 -30.74305 -30.98973
 -30.53841 -30.59797 -30.66992 -30.77573 -30.99144
 -30.26027 -30.36457 -30.47121 -30.59154 -30.76226
 -29.90520 -30.03125 -30.15802 -30.28930 -30.43838
 -29.66024 -29.79259 -29.92568 -30.06079 -30.18876
 -29.54075 -29.67522 -29.81009 -29.94614 -30.07826
 -29.52208 -29.65662 -29.79159 -29.92722 -30.05994
 -29.57644 -29.71018 -29.84413 -29.97814 -30.10925
 -29.68139 -29.81331 -29.94484 -30.07553 -30.20255
 -29.81892 -29.94710 -30.07422 -30.19876 -30.31802
 -29.97344 -30.09522 -30.21401 -30.32705 -30.43419
 -30.12941 -30.24017 -30.34490 -30.44188 -30.52981
 -30.26950 -30.36327 -30.44827 -30.52333 -30.58796
 -30.37580 -30.44731 -30.50885 -30.56034 -30.60241
 -30.43529 -30.48352 -30.52293 -30.55435 -30.57894
 -30.44671 -30.47567 -30.49839 -30.51589 -30.52919
 -30.41976 -30.43568 -30.44785 -30.45703 -30.46389
 -30.36769 -30.37596 -30.38220 -30.38684 -30.39029
 -30.30126 -30.30542 -30.30854 -30.31085 -30.31255
 -30.22729 -30.22935 -30.23088 -30.23202 -30.23285
 -30.14955 -30.15056 -30.15131 -30.15187 -30.15228
 -30.07000 -30.07049 -30.07086 -30.07113 -30.07133
 -29.98960 -29.98984 -29.99002 -29.99015 -29.99025
 -29.90881 -29.90893 -29.90902 -29.90908 -29.90913
 -29.82786 -29.82792 -29.82796 -29.82799 -29.82801
 -29.74684 -29.74687 -29.74689 -29.74690 -29.74692
 -29.66580 -29.66581 -29.66582 -29.66583 -29.66584
 -29.58476 -29.58476 -29.58477 -29.58477 -29.58477
 -29.50372 -29.50372 -29.50372 -29.50372 -29.50372
 -29.42268 -29.42268 -29.42268 -29.42268 -29.42268
 == 2 ================== Behringer data =========================================
 -29.39913 -29.44304 -29.47600 -29.59095 -29.59106
 -29.47139 -29.52993 -29.56497 -29.61136 -29.67897
 -29.38274 -29.45185 -29.53018 -29.59854 -29.67952
 -29.06977 -29.17777 -29.28842 -29.39351 -29.50237
 -28.78417 -28.90527 -29.03010 -29.15500 -29.28242
 -28.59075 -28.71093 -28.83965 -28.97552 -29.11720
 -28.46898 -28.58201 -28.70995 -28.85345 -29.00885
 -28.41423 -28.51871 -28.64327 -28.79130 -28.95704
 -28.42575 -28.52277 -28.64380 -28.79262 -28.96395
 -28.49545 -28.58654 -28.70351 -28.85084 -29.02364
 -28.61068 -28.69675 -28.80933 -28.95333 -29.12409
 -28.75846 -28.83983 -28.94737 -29.08579 -29.25114
 -28.92665 -29.00302 -29.10425 -29.23469 -29.38961
 -29.10328 -29.17348 -29.26620 -29.38463 -29.52231
 -29.27478 -29.33678 -29.41743 -29.51859 -29.63234
 -29.42475 -29.47573 -29.54046 -29.61914 -29.70370
 -29.53562 -29.57335 -29.61978 -29.67413 -29.72986
 -29.59557 -29.62019 -29.64955 -29.68280 -29.71565
 -29.60535 -29.61962 -29.63624 -29.65464 -29.67243
 -29.57652 -29.58409 -29.59277 -29.60226 -29.61141
 -29.52313 -29.52693 -29.53125 -29.53596 -29.54050
 -29.45601 -29.45786 -29.45995 -29.46223 -29.46445
 -29.38176 -29.38264 -29.38364 -29.38473 -29.38581
 -29.30397 -29.30439 -29.30486 -29.30538 -29.30589
 -29.22446 -29.22466 -29.22488 -29.22513 -29.22538
 -29.14414 -29.14423 -29.14434 -29.14445 -29.14457
 -29.06343 -29.06348 -29.06353 -29.06358 -29.06364
 -28.98255 -28.98257 -28.98259 -28.98262 -28.98265
 -28.90158 -28.90159 -28.90161 -28.90162 -28.90163
 -28.82059 -28.82059 -28.82059 -28.82060 -28.82061
 == 3 ================== Behringer data =========================================
 -28.62696 -28.65738 -28.72564 -28.76379 -28.81413
 -28.60432 -28.66212 -28.71867 -28.79150 -28.85159
 -28.45632 -28.54393 -28.62864 -28.72108 -28.80337
 -28.30566 -28.41154 -28.51567 -28.62355 -28.72450
 -28.23023 -28.34398 -28.45640 -28.57157 -28.68250
 -28.21123 -28.32011 -28.43165 -28.54666 -28.66292
 -28.18462 -28.27599 -28.37220 -28.47567 -28.59762
 -28.13667 -28.20588 -28.28292 -28.37709 -28.49758
 -28.11327 -28.16682 -28.23137 -28.31736 -28.43475
 -28.14364 -28.18766 -28.24460 -28.32465 -28.43818
 -28.22739 -28.26568 -28.31740 -28.39262 -28.50090
 -28.35301 -28.38743 -28.43510 -28.50586 -28.60915
 -28.50731 -28.53864 -28.58253 -28.64867 -28.74572
 -28.67720 -28.70556 -28.74561 -28.80585 -28.89487
 -28.84876 -28.87387 -28.90921 -28.96217 -29.03986
 -29.00576 -29.02679 -29.05612 -29.09962 -29.16246
 -29.12984 -29.14593 -29.16805 -29.20033 -29.24598
 -29.20593 -29.21685 -29.23159 -29.25277 -29.28205
 -29.23029 -29.23683 -29.24552 -29.25782 -29.27457
 -29.21175 -29.21530 -29.21994 -29.22642 -29.23518
 -29.16449 -29.16629 -29.16862 -29.17184 -29.17619
 -29.10064 -29.10152 -29.10264 -29.10419 -29.10629
 -29.02804 -29.02846 -29.02899 -29.02972 -29.03071
 -28.95106 -28.95125 -28.95150 -28.95184 -28.95231
 -28.87193 -28.87203 -28.87214 -28.87230 -28.87252
 -28.79179 -28.79184 -28.79189 -28.79197 -28.79207
 -28.71117 -28.71119 -28.71122 -28.71125 -28.71130
 -28.63033 -28.63034 -28.63035 -28.63037 -28.63039
 -28.54939 -28.54939 -28.54939 -28.54940 -28.54941
 -28.46840 -28.46840 -28.46840 -28.46840 -28.46841
 == 4 ================== Behringer data =========================================
 -28.19620 -28.22576 -28.27300 -28.32395 -28.40900
 -28.29565 -28.32281 -28.36690 -28.41526 -28.45017
 -28.39247 -28.42342 -28.46422 -28.50967 -28.54288
 -28.49968 -28.52764 -28.55013 -28.60743 -28.63871
 -28.61016 -28.62743 -28.65563 -28.68643 -28.73758
 -28.71954 -28.73860 -28.76391 -28.79190 -28.83898
 -28.83479 -28.85142 -28.87384 -28.89898 -28.94178
 -28.94727 -28.96399 -28.98354 -29.00574 -29.04400
 -29.05881 -29.06910 -29.08281 -29.10866 -29.14206
 -29.13260 -29.14110 -29.15288 -29.17523 -29.19003
 -28.88861 -28.89742 -28.91152 -28.93424 -28.97273
 -28.35418 -28.36286 -28.37914 -28.40793 -28.45783
 -27.95571 -27.96427 -27.98021 -28.00933 -28.06013
 -27.74038 -27.74856 -27.76389 -27.79198 -27.84131
 -27.66327 -27.67103 -27.68563 -27.71244 -27.75976
 -27.68303 -27.69037 -27.70420 -27.72962 -27.77471
 -27.76878 -27.77569 -27.78868 -27.81266 -27.85527
 -27.89752 -27.90394 -27.91605 -27.93840 -27.97821
 -28.05081 -28.05667 -28.06772 -28.08815 -28.12455
 -28.21154 -28.21671 -28.22645 -28.24444 -28.27647
 -28.36141 -28.36569 -28.37376 -28.38864 -28.41504
 -28.48082 -28.48405 -28.49013 -28.50129 -28.52099
 -28.55398 -28.55613 -28.56017 -28.56757 -28.58055
 -28.57659 -28.57785 -28.58021 -28.58454 -28.59209
 -28.55713 -28.55780 -28.55904 -28.56133 -28.56530
 -28.50945 -28.50978 -28.51039 -28.51151 -28.51348
 -28.44544 -28.44559 -28.44588 -28.44642 -28.44735
 -28.37281 -28.37288 -28.37302 -28.37326 -28.37370
 -28.29585 -28.29588 -28.29594 -28.29606 -28.29626
 -28.21677 -28.21679 -28.21682 -28.21687 -28.21696
 == 5 ================== Behringer data =========================================
 -27.09014 -27.11587 -27.15860 -27.19251 -27.24316
 -27.18456 -27.20805 -27.23555 -27.28006 -27.32888
 -27.28160 -27.30285 -27.32810 -27.36974 -27.39025
 -27.37792 -27.40047 -27.42343 -27.44653 -27.48120
 -27.48107 -27.49597 -27.52174 -27.54282 -27.57490
 -27.58475 -27.60020 -27.61598 -27.64225 -27.67165
 -27.69413 -27.70752 -27.72142 -27.74495 -27.77167
 -27.80639 -27.81495 -27.83004 -27.85091 -27.87500
 -27.92003 -27.92863 -27.94167 -27.95260 -27.98156
 -28.03672 -28.04398 -28.05162 -28.06465 -28.07946
 -28.12971 -28.13502 -28.14310 -28.15459 -28.16843
 -28.05612 -28.06055 -28.06798 -28.07998 -28.09800
 -27.78126 -27.78546 -27.79289 -27.80623 -27.82933
 -27.54287 -27.54672 -27.55394 -27.56730 -27.59193
 -27.42364 -27.42734 -27.43431 -27.44735 -27.47140
 -27.40810 -27.41159 -27.41825 -27.43072 -27.45362
 -27.46819 -27.47149 -27.47776 -27.48959 -27.51135
 -27.57999 -27.58308 -27.58894 -27.60000 -27.62049
 -27.72424 -27.72708 -27.73250 -27.74271 -27.76166
 -27.88415 -27.88671 -27.89157 -27.90077 -27.91782
 -28.04274 -28.04494 -28.04912 -28.05701 -28.07164
 -28.18119 -28.18294 -28.18627 -28.19253 -28.20412
 -28.28100 -28.28224 -28.28461 -28.28908 -28.29731
 -28.33098 -28.33176 -28.33325 -28.33604 -28.34118
 -28.33315 -28.33358 -28.33441 -28.33597 -28.33882
 -28.29945 -28.29967 -28.30009 -28.30089 -28.30234
 -28.24337 -28.24348 -28.24368 -28.24406 -28.24476
 -28.17490 -28.17495 -28.17505 -28.17522 -28.17555
 -28.10003 -28.10006 -28.10010 -28.10018 -28.10033
 -28.02199 -28.02200 -28.02202 -28.02205 -28.02212
 == 6 ================== Behringer data =========================================
 -26.74355 -26.76883 -26.79202 -26.82656 -26.86096
 -26.83472 -26.85221 -26.87944 -26.91220 -26.94537
 -26.92490 -26.94372 -26.96872 -26.98748 -27.03102
 -27.02065 -27.03742 -27.05324 -27.07738 -27.10184
 -27.11649 -27.12977 -27.14757 -27.16951 -27.19208
 -27.21705 -27.22859 -27.24434 -27.26406 -27.28466
 -27.31848 -27.32983 -27.34361 -27.36116 -27.37977
 -27.42387 -27.43140 -27.44178 -27.45481 -27.47756
 -27.53059 -27.53783 -27.54669 -27.55799 -27.57810
 -27.64052 -27.64524 -27.65405 -27.66375 -27.67413
 -27.75179 -27.75625 -27.76169 -27.77188 -27.78083
 -27.86518 -27.86883 -27.87335 -27.88192 -27.88955
 -27.97882 -27.98148 -27.98585 -27.99068 -27.99943
 -28.09194 -28.09408 -28.09670 -28.10159 -28.10886
 -28.20130 -28.20282 -28.20529 -28.20924 -28.21517
 -28.30302 -28.30434 -28.30627 -28.30938 -28.31214
 -28.39122 -28.39202 -28.39328 -28.39525 -28.39812
 -28.45864 -28.45927 -28.46017 -28.46159 -28.46366
 -28.49933 -28.49967 -28.50035 -28.50130 -28.50270
 -28.51047 -28.51070 -28.51103 -28.51153 -28.51260
 -28.49393 -28.49405 -28.49427 -28.49456 -28.49497
 -28.45491 -28.45498 -28.45510 -28.45526 -28.45549
 -28.39968 -28.39971 -28.39977 -28.39986 -28.39999
 -28.33379 -28.33381 -28.33383 -28.33387 -28.33395
 -28.26134 -28.26135 -28.26136 -28.26138 -28.26141
 -28.18505 -28.18506 -28.18506 -28.18507 -28.18509
 -28.10659 -28.10659 -28.10659 -28.10660 -28.10661
 -28.02693 -28.02693 -28.02693 -28.02693 -28.02694
 -27.94662 -27.94662 -27.94662 -27.94662 -27.94662
 -27.86597 -27.86597 -27.86597 -27.86597 -27.86597
