    6    5   30    1    6     /CARBON             /DICKSON ET AL 1992          
================================================================================
    4    2    2    1    2    1    1                                             
================================================================================
  11.00000  12.00000  13.00000  14.00000  15.00000
   0.00000   0.13793   0.27586   0.41379   0.55172   0.68966   0.82759   0.96552
   1.10345   1.24138   1.37931   1.51724   1.65517   1.79310   1.93103   2.06897
   2.20690   2.34483   2.48276   2.62069   2.75862   2.89655   3.03448   3.17241
   3.31034   3.44828   3.58621   3.72414   3.86207   4.00000
---------------------/ IPRT= 1  / IGRD= 1  /--------/ Z1= 1   / DATE= 16/11/93  
 -30.23146 -30.12495 -29.92682 -29.76917 -29.82007
 -30.01339 -29.95457 -29.82409 -29.73697 -29.83931
 -29.67477 -29.64754 -29.56070 -29.51851 -29.65324
 -29.29993 -29.28168 -29.20720 -29.17774 -29.32173
 -28.96736 -28.94546 -28.86592 -28.83130 -28.97168
 -28.75436 -28.72817 -28.64249 -28.60148 -28.73731
 -28.67998 -28.65405 -28.56826 -28.52700 -28.66257
 -28.69081 -28.66643 -28.58229 -28.54252 -28.67908
 -28.74516 -28.72126 -28.63738 -28.59765 -28.73418
 -28.83453 -28.81056 -28.72618 -28.68579 -28.82180
 -28.95484 -28.93095 -28.84633 -28.80558 -28.94134
 -29.09959 -29.07597 -28.99150 -28.95081 -29.08664
 -29.26172 -29.23842 -29.15434 -29.11402 -29.25011
 -29.43327 -29.41021 -29.32659 -29.28677 -29.42317
 -29.60410 -29.58107 -29.49767 -29.45812 -29.59469
 -29.77061 -29.74734 -29.66372 -29.62401 -29.76045
 -29.95052 -29.92699 -29.84310 -29.80311 -29.93937
 -30.15495 -30.13140 -30.04748 -30.00745 -30.14370
 -30.36421 -30.34068 -30.25678 -30.21679 -30.35305
 -30.57021 -30.54668 -30.46277 -30.42277 -30.55903
 -30.77714 -30.75360 -30.66969 -30.62969 -30.76595
 -30.98418 -30.96064 -30.87674 -30.83673 -30.97299
 -31.19101 -31.16747 -31.08357 -31.04356 -31.17982
 -31.39791 -31.37437 -31.29046 -31.25046 -31.38672
 -31.60482 -31.58128 -31.49737 -31.45737 -31.59363
 -31.81171 -31.78817 -31.70427 -31.66426 -31.80052
 -32.01860 -31.99507 -31.91116 -31.87116 -32.00742
 -32.22550 -32.20197 -32.11806 -32.07806 -32.21431
 -32.43240 -32.40885 -32.32496 -32.28495 -32.42120
 -32.63930 -32.61575 -32.53186 -32.49184 -32.62811
---------------------/ IPRT= 2  / IGRD= 1  /--------/ Z1= 1   / DATE= 16/11/93  
 -30.85733 -30.82110 -30.73174 -30.68304 -30.79415
 -30.92061 -30.88433 -30.79467 -30.74766 -30.86523
 -30.98151 -30.94525 -30.85544 -30.80981 -30.93233
 -31.03975 -31.00357 -30.91360 -30.86884 -30.99493
 -31.09408 -31.05805 -30.96783 -30.92355 -31.05216
 -31.14324 -31.10728 -31.01676 -30.97266 -31.10310
 -31.18638 -31.15042 -31.05953 -31.01546 -31.14726
 -31.22331 -31.18727 -31.09605 -31.05197 -31.18477
 -31.25217 -31.21604 -31.12460 -31.08054 -31.21406
 -31.26774 -31.23156 -31.14005 -31.09609 -31.23011
 -31.26782 -31.23164 -31.14017 -31.09638 -31.23079
 -31.26129 -31.22513 -31.13378 -31.09015 -31.22483
 -31.26027 -31.22414 -31.13282 -31.08930 -31.22417
 -31.25735 -31.22119 -31.12981 -31.08628 -31.22126
 -31.19939 -31.16320 -31.07175 -31.02817 -31.16321
 -31.08001 -31.04382 -30.95235 -30.90875 -31.04379
 -31.06214 -31.02595 -30.93451 -30.89091 -31.02595
 -31.24830 -31.21211 -31.12066 -31.07708 -31.21211
 -31.47496 -31.43878 -31.34732 -31.30374 -31.43878
 -31.67446 -31.63828 -31.54682 -31.50323 -31.63828
 -31.88152 -31.84534 -31.75388 -31.71029 -31.84534
 -32.08958 -32.05340 -31.96195 -31.91836 -32.05340
 -32.29595 -32.25976 -32.16831 -32.12472 -32.25976
 -32.50289 -32.46672 -32.37525 -32.33166 -32.46671
 -32.70986 -32.67368 -32.58221 -32.53863 -32.67367
 -32.91672 -32.88054 -32.78909 -32.74549 -32.88054
 -33.12362 -33.08744 -32.99598 -32.95240 -33.08744
 -33.33051 -33.29433 -33.20288 -33.15929 -33.29433
 -33.53741 -33.50123 -33.40977 -33.36618 -33.50123
 -33.74432 -33.70813 -33.61668 -33.57309 -33.70813
---------------------/ IPRT= 1  / IGRD= 2  /--------/ Z1= 1   / DATE= 16/11/93  
 -30.80281 -30.69989 -30.50792 -30.35720 -30.41339
 -30.47458 -30.41736 -30.29132 -30.20982 -30.31671
 -30.05782 -30.02999 -29.94523 -29.90650 -30.04436
 -29.67680 -29.65643 -29.58167 -29.55310 -29.69828
 -29.37708 -29.35221 -29.27061 -29.23474 -29.37456
 -29.19449 -29.16506 -29.07664 -29.03355 -29.16809
 -29.13072 -29.10160 -29.01341 -28.97050 -29.10514
 -29.14481 -29.11726 -29.03117 -28.99038 -29.12655
 -29.20419 -29.17696 -29.09116 -29.05057 -29.18687
 -29.29882 -29.27143 -29.18507 -29.14377 -29.27952
 -29.42235 -29.39522 -29.30878 -29.26720 -29.40267
 -29.56913 -29.54255 -29.45642 -29.41497 -29.55047
 -29.73378 -29.70757 -29.62172 -29.58045 -29.71605
 -29.90901 -29.88277 -29.79691 -29.75565 -29.89126
 -30.08322 -30.05677 -29.97073 -29.92934 -30.06488
 -30.25135 -30.22474 -30.13854 -30.09698 -30.23241
 -30.43157 -30.40493 -30.31863 -30.27697 -30.41232
 -30.63601 -30.60936 -30.52306 -30.48139 -30.61673
 -30.84526 -30.81860 -30.73230 -30.69065 -30.82599
 -31.05128 -31.02461 -30.93832 -30.89665 -31.03200
 -31.25819 -31.23153 -31.14524 -31.10357 -31.23891
 -31.46522 -31.43857 -31.35228 -31.31061 -31.44596
 -31.67206 -31.64541 -31.55911 -31.51745 -31.65279
 -31.87896 -31.85230 -31.76601 -31.72434 -31.85968
 -32.08587 -32.05921 -31.97292 -31.93125 -32.06659
 -32.29276 -32.26611 -32.17981 -32.13815 -32.27349
 -32.49966 -32.47300 -32.38670 -32.34504 -32.48038
 -32.70655 -32.67989 -32.59360 -32.55193 -32.68728
 -32.91344 -32.88679 -32.80050 -32.75883 -32.89418
 -33.12035 -33.09370 -33.00740 -32.96574 -33.10107
---------------------/ IPRT= 1  / IGRD= 3  /--------/ Z1= 1   / DATE= 16/11/93  
 -31.47574 -31.37271 -31.18083 -31.03028 -31.08660
 -31.14808 -31.09043 -30.96419 -30.88268 -30.98967
 -30.73143 -30.70328 -30.61838 -30.57969 -30.71774
 -30.34990 -30.32970 -30.25530 -30.22720 -30.37277
 -30.04953 -30.02530 -29.94452 -29.90947 -30.04989
 -29.86683 -29.83781 -29.75010 -29.70778 -29.84287
 -29.80361 -29.77419 -29.68607 -29.64342 -29.77831
 -29.81841 -29.79041 -29.70399 -29.66298 -29.79903
 -29.87833 -29.85144 -29.76553 -29.72458 -29.86054
 -29.97320 -29.94693 -29.86084 -29.81925 -29.95459
 -30.09667 -30.07061 -29.98450 -29.94276 -30.07795
 -30.24317 -30.21703 -30.13111 -30.08968 -30.22513
 -30.40738 -30.38107 -30.29535 -30.25433 -30.39015
 -30.58218 -30.55567 -30.47004 -30.42927 -30.56532
 -30.75618 -30.72947 -30.64374 -30.60295 -30.73902
 -30.92441 -30.89753 -30.81153 -30.77048 -30.90634
 -31.10483 -31.07785 -30.99164 -30.95033 -31.08599
 -31.30929 -31.28230 -31.19607 -31.15472 -31.29037
 -31.51852 -31.49153 -31.40532 -31.36400 -31.49966
 -31.72453 -31.69755 -31.61134 -31.57001 -31.70566
 -31.93145 -31.90446 -31.81825 -31.77692 -31.91258
 -32.13848 -32.11150 -32.02528 -31.98396 -32.11961
 -32.34532 -32.31834 -32.23212 -32.19080 -32.32645
 -32.55222 -32.52523 -32.43902 -32.39769 -32.53335
 -32.75914 -32.73215 -32.64593 -32.60460 -32.74026
 -32.96603 -32.93904 -32.85282 -32.81149 -32.94715
 -33.17292 -33.14593 -33.05972 -33.01839 -33.15405
 -33.37981 -33.35282 -33.26662 -33.22528 -33.36094
 -33.58671 -33.55972 -33.47351 -33.43217 -33.56784
 -33.79361 -33.76662 -33.68041 -33.63908 -33.77474
---------------------/ IPRT= 2  / IGRD= 4  /--------/ Z1= 1   / DATE= 16/11/93  
 -30.72868 -30.62272 -30.35644 -30.08996 -30.03281
 -30.78944 -30.70287 -30.48510 -30.28065 -30.27744
 -30.84944 -30.77771 -30.59733 -30.44048 -30.47811
 -30.90721 -30.84671 -30.69495 -30.57451 -30.64301
 -30.96138 -30.90910 -30.77843 -30.68479 -30.77590
 -31.01056 -30.96419 -30.84813 -30.77304 -30.88002
 -31.05326 -31.01094 -30.90439 -30.84137 -30.95901
 -31.08784 -31.04818 -30.94779 -30.89258 -31.01723
 -31.11165 -31.07362 -30.97738 -30.92748 -31.05670
 -31.12002 -31.08297 -30.98936 -30.94283 -31.07487
 -31.11147 -31.07504 -30.98288 -30.93820 -31.07187
 -31.09584 -31.05974 -30.96820 -30.92429 -31.05876
 -31.08627 -31.05024 -30.95878 -30.91503 -31.04977
 -31.07556 -31.03944 -30.94787 -30.90408 -31.03890
 -31.00912 -30.97294 -30.88148 -30.83787 -30.97291
 -30.88021 -30.84419 -30.75322 -30.71027 -30.84581
 -30.85601 -30.82016 -30.72967 -30.68729 -30.82324
 -31.04159 -31.00575 -30.91531 -30.87298 -31.00898
 -31.26881 -31.23296 -31.14247 -31.10008 -31.23605
 -31.46809 -31.43226 -31.34178 -31.29941 -31.43539
 -31.67516 -31.63932 -31.54884 -31.50648 -31.64245
 -31.88326 -31.84742 -31.75693 -31.71457 -31.85054
 -32.08961 -32.05376 -31.96328 -31.92092 -32.05689
 -32.29655 -32.26071 -32.17023 -32.12786 -32.26384
 -32.50352 -32.46767 -32.37720 -32.33483 -32.47081
 -32.71038 -32.67453 -32.58406 -32.54169 -32.67767
 -32.91728 -32.88145 -32.79096 -32.74859 -32.88457
 -33.12417 -33.08834 -32.99786 -32.95549 -33.09146
 -33.33107 -33.29523 -33.20475 -33.16239 -33.29836
 -33.53798 -33.50213 -33.41165 -33.36929 -33.50526
---------------------/ IPRT= 1  / IGRD= 1  /--------/ Z1= 2   / DATE= 16/11/93  
 -29.06961 -28.99628 -28.83905 -28.51920 -28.00007
 -29.12855 -29.10234 -29.01267 -28.78390 -28.37854
 -28.99775 -29.00774 -28.97426 -28.83252 -28.55005
 -28.68603 -28.72065 -28.72946 -28.66296 -28.49711
 -28.36654 -28.41436 -28.44749 -28.42814 -28.33918
 -28.17513 -28.22635 -28.26534 -28.25755 -28.18775
 -28.09729 -28.14736 -28.18342 -28.16960 -28.09001
 -28.09088 -28.14031 -28.17454 -28.15694 -28.07120
 -28.13702 -28.18694 -28.22168 -28.20496 -28.12073
 -28.22477 -28.27538 -28.31112 -28.29628 -28.21515
 -28.34363 -28.39450 -28.43049 -28.41601 -28.33544
 -28.48537 -28.53625 -28.57215 -28.55724 -28.47574
 -28.64232 -28.69331 -28.72947 -28.71461 -28.63274
 -28.80679 -28.85779 -28.89421 -28.87969 -28.79809
 -28.97154 -29.02205 -29.05806 -29.04339 -28.96199
 -29.13341 -29.18275 -29.21757 -29.20208 -29.12053
 -29.29615 -29.34371 -29.37684 -29.36013 -29.27810
 -29.45567 -29.50077 -29.53189 -29.51373 -29.43090
 -29.55624 -29.59752 -29.62567 -29.60546 -29.52147
 -29.57977 -29.61600 -29.64017 -29.61727 -29.53198
 -29.58789 -29.61939 -29.63979 -29.61436 -29.52801
 -29.72962 -29.75965 -29.77885 -29.75262 -29.66595
 -29.95621 -29.98668 -30.00624 -29.98026 -29.89368
 -30.16076 -30.19117 -30.21070 -30.18468 -30.09809
 -30.36522 -30.39558 -30.41506 -30.38901 -30.30241
 -30.57359 -30.60398 -30.62349 -30.59745 -30.51087
 -30.78021 -30.81060 -30.83009 -30.80407 -30.71747
 -30.98699 -31.01737 -31.03687 -31.01084 -30.92424
 -31.19398 -31.22437 -31.24387 -31.21783 -31.13124
 -31.40086 -31.43125 -31.45075 -31.42471 -31.33812
---------------------/ IPRT= 2  / IGRD= 1  /--------/ Z1= 2   / DATE= 16/11/93  
 -29.88563 -29.91588 -29.92155 -29.83842 -29.62107
 -29.94569 -29.97001 -29.97572 -29.91312 -29.74837
 -30.00789 -30.02638 -30.03133 -29.98576 -29.86607
 -30.07287 -30.08749 -30.09217 -30.05849 -29.97020
 -30.13591 -30.14877 -30.15393 -30.12775 -30.05849
 -30.19370 -30.20661 -30.21301 -30.19093 -30.13084
 -30.24796 -30.26198 -30.26996 -30.24969 -30.19233
 -30.30103 -30.31644 -30.32588 -30.30611 -30.24828
 -30.35257 -30.36943 -30.38012 -30.36002 -30.29976
 -30.40138 -30.41963 -30.43139 -30.41037 -30.34644
 -30.44585 -30.46539 -30.47805 -30.45580 -30.38754
 -30.48309 -30.50375 -30.51710 -30.49346 -30.42075
 -30.50959 -30.53115 -30.54498 -30.51994 -30.44309
 -30.52045 -30.54269 -30.55681 -30.53050 -30.45010
 -30.51110 -30.53382 -30.54808 -30.52073 -30.43757
 -30.48700 -30.51003 -30.52437 -30.49625 -30.41109
 -30.46540 -30.48865 -30.50305 -30.47439 -30.38786
 -30.45375 -30.47718 -30.49168 -30.46271 -30.37527
 -30.39538 -30.41896 -30.43356 -30.40443 -30.31641
 -30.27981 -30.30350 -30.31816 -30.28895 -30.20058
 -30.19033 -30.21407 -30.22874 -30.19947 -30.11094
 -30.30475 -30.32850 -30.34318 -30.31389 -30.22532
 -30.53959 -30.56334 -30.57802 -30.54873 -30.46017
 -30.74317 -30.76690 -30.78159 -30.75230 -30.66374
 -30.94661 -30.97034 -30.98503 -30.95575 -30.86718
 -31.15559 -31.17933 -31.19402 -31.16473 -31.07616
 -31.36209 -31.38583 -31.40052 -31.37123 -31.28266
 -31.56882 -31.59256 -31.60725 -31.57796 -31.48940
 -31.77586 -31.79959 -31.81429 -31.78500 -31.69643
 -31.98273 -32.00647 -32.02114 -31.99187 -31.90330
---------------------/ IPRT= 2  / IGRD= 2  /--------/ Z1= 2   / DATE= 16/11/93  
 -29.54909 -29.61416 -29.59233 -29.29976 -28.62320
 -29.61131 -29.67135 -29.66320 -29.43445 -28.89225
 -29.68229 -29.73314 -29.73155 -29.55610 -29.13446
 -29.75735 -29.79830 -29.79935 -29.66641 -29.34528
 -29.81721 -29.84950 -29.85209 -29.75339 -29.51420
 -29.85027 -29.87635 -29.88116 -29.81040 -29.63632
 -29.86964 -29.89157 -29.89863 -29.84906 -29.72335
 -29.89170 -29.91086 -29.91928 -29.88361 -29.78984
 -29.92307 -29.94065 -29.94978 -29.92202 -29.84670
 -29.96700 -29.98416 -29.99397 -29.97019 -29.90361
 -30.02392 -30.04161 -30.05249 -30.03047 -29.96632
 -30.08464 -30.10338 -30.11546 -30.09361 -30.02783
 -30.13774 -30.15766 -30.17057 -30.14775 -30.07811
 -30.17359 -30.19454 -30.20798 -30.18362 -30.10932
 -30.18431 -30.20612 -30.21994 -30.19408 -30.11547
 -30.17443 -30.19691 -30.21102 -30.18398 -30.10191
 -30.16180 -30.18480 -30.19916 -30.17126 -30.08664
 -30.15466 -30.17802 -30.19259 -30.16417 -30.07795
 -30.09811 -30.12170 -30.13642 -30.10767 -30.02039
 -29.98332 -30.00706 -30.02183 -29.99278 -29.90469
 -29.89449 -29.91829 -29.93303 -29.90372 -29.81500
 -30.00912 -30.03293 -30.04766 -30.01827 -29.92936
 -30.24389 -30.26770 -30.28243 -30.25307 -30.16422
 -30.44748 -30.47129 -30.48602 -30.45664 -30.36778
 -30.65092 -30.67473 -30.68946 -30.66009 -30.57122
 -30.85990 -30.88371 -30.89844 -30.86907 -30.78020
 -31.06641 -31.09023 -31.10495 -31.07557 -30.98671
 -31.27314 -31.29695 -31.31168 -31.28230 -31.19345
 -31.48017 -31.50398 -31.51871 -31.48934 -31.40048
 -31.68704 -31.71085 -31.72558 -31.69621 -31.60735
---------------------/ IPRT= 1  / IGRD= 1  /--------/ Z1= 3   / DATE= 16/11/93  
 -28.81701 -28.70790 -28.49620 -28.14793 -27.63098
 -28.86473 -28.80731 -28.68797 -28.46058 -28.06291
 -28.82917 -28.81573 -28.77394 -28.65365 -28.37730
 -28.73790 -28.75916 -28.77548 -28.74033 -28.57594
 -28.65224 -28.69679 -28.74911 -28.77051 -28.69277
 -28.62778 -28.68266 -28.74743 -28.79208 -28.76219
 -28.66598 -28.72228 -28.78461 -28.83014 -28.81733
 -28.73918 -28.79478 -28.85354 -28.89652 -28.88949
 -28.83465 -28.89036 -28.94947 -28.99400 -28.99107
 -28.95320 -29.00908 -29.06973 -29.11696 -29.11727
 -29.08918 -29.14441 -29.20569 -29.25470 -29.25748
 -29.22707 -29.27987 -29.34000 -29.38929 -29.39346
 -29.35061 -29.39823 -29.45481 -29.50236 -29.50644
 -29.44202 -29.48188 -29.53270 -29.57669 -29.57933
 -29.48212 -29.51305 -29.55704 -29.59655 -29.59701
 -29.47433 -29.49667 -29.53405 -29.56904 -29.56717
 -29.46075 -29.47651 -29.50875 -29.54010 -29.53626
 -29.47608 -29.48826 -29.51764 -29.54684 -29.54165
 -29.52135 -29.53185 -29.55985 -29.58791 -29.58177
 -29.59663 -29.60590 -29.63297 -29.66031 -29.65336
 -29.67904 -29.68675 -29.71268 -29.73909 -29.73110
 -29.68729 -29.69376 -29.71824 -29.74294 -29.73297
 -29.66714 -29.67302 -29.69621 -29.71890 -29.70657
 -29.72342 -29.72924 -29.75171 -29.77308 -29.75917
 -29.90151 -29.90734 -29.92969 -29.95081 -29.93659
 -30.12540 -30.13121 -30.15364 -30.17490 -30.16087
 -30.32914 -30.33496 -30.35738 -30.37861 -30.36455
 -30.53469 -30.54053 -30.56294 -30.58415 -30.57008
 -30.74271 -30.74854 -30.77096 -30.79219 -30.77812
 -30.94934 -30.95516 -30.97757 -30.99880 -30.98473
---------------------/ IPRT= 1  / IGRD= 2  /--------/ Z1= 3   / DATE= 16/11/93  
 -28.41304 -28.30269 -28.08858 -27.73908 -27.22614
 -28.46017 -28.40228 -28.28130 -28.05320 -27.65959
 -28.42134 -28.40790 -28.36513 -28.24474 -27.97267
 -28.32540 -28.34640 -28.36190 -28.32700 -28.16700
 -28.23541 -28.27915 -28.33049 -28.35210 -28.27825
 -28.20853 -28.26217 -28.32566 -28.36998 -28.34249
 -28.24631 -28.30115 -28.36194 -28.40639 -28.39405
 -28.32034 -28.37446 -28.43158 -28.47303 -28.46518
 -28.41805 -28.47232 -28.52983 -28.57269 -28.56843
 -28.54106 -28.59564 -28.65462 -28.69994 -28.69852
 -28.68280 -28.73689 -28.79620 -28.84271 -28.84313
 -28.82428 -28.87597 -28.93367 -28.97955 -28.98044
 -28.94585 -28.99214 -29.04560 -29.08871 -29.08833
 -29.03175 -29.06996 -29.11705 -29.15568 -29.15264
 -29.07069 -29.09993 -29.14010 -29.17393 -29.16798
 -29.06905 -29.09007 -29.12414 -29.15385 -29.14551
 -29.06324 -29.07796 -29.10742 -29.13412 -29.12407
 -29.08288 -29.09391 -29.12067 -29.14559 -29.13449
 -29.12802 -29.13718 -29.16256 -29.18651 -29.17475
 -29.19891 -29.20702 -29.23159 -29.25488 -29.24256
 -29.27231 -29.27948 -29.30325 -29.32582 -29.31281
 -29.26509 -29.27130 -29.29420 -29.31590 -29.30199
 -29.22830 -29.23374 -29.25587 -29.27677 -29.26200
 -29.27425 -29.27927 -29.30099 -29.32144 -29.30616
 -29.45043 -29.45538 -29.47702 -29.49740 -29.48202
 -29.67544 -29.68044 -29.70211 -29.72255 -29.70722
 -29.87897 -29.88396 -29.90563 -29.92606 -29.91072
 -30.08445 -30.08943 -30.11110 -30.13152 -30.11618
 -30.29254 -30.29753 -30.31921 -30.33962 -30.32429
 -30.49914 -30.50413 -30.52580 -30.54621 -30.53088
---------------------/ IPRT= 1  / IGRD= 1  /--------/ Z1= 4   / DATE= 16/11/93  
 -27.89823 -27.75400 -27.47521 -27.00751 -26.37190
 -28.04930 -27.94551 -27.73452 -27.36897 -26.84823
 -28.18089 -28.10478 -27.94980 -27.67916 -27.27290
 -28.29911 -28.24104 -28.13004 -27.94083 -27.63949
 -28.41322 -28.36879 -28.29105 -28.16405 -27.94801
 -28.52311 -28.48980 -28.43655 -28.35392 -28.20299
 -28.62424 -28.59993 -28.56465 -28.51324 -28.41111
 -28.71575 -28.69867 -28.67679 -28.64771 -28.58176
 -28.81221 -28.80040 -28.78825 -28.77532 -28.73606
 -28.92670 -28.91794 -28.91240 -28.91153 -28.89220
 -29.00929 -29.00208 -29.00103 -29.00949 -29.00530
 -28.97829 -28.97229 -28.97493 -28.99091 -28.99840
 -28.82687 -28.82215 -28.82797 -28.84996 -28.86626
 -28.61206 -28.60833 -28.61644 -28.64259 -28.66473
 -28.39165 -28.38822 -28.39734 -28.42551 -28.45053
 -28.21618 -28.21262 -28.22178 -28.25045 -28.27625
 -28.12260 -28.11885 -28.12784 -28.15647 -28.18230
 -28.11864 -28.11488 -28.12385 -28.15248 -28.17837
 -28.16762 -28.16387 -28.17286 -28.20152 -28.22745
 -28.24437 -28.24057 -28.24952 -28.27809 -28.30388
 -28.34445 -28.34064 -28.34949 -28.37773 -28.40305
 -28.47056 -28.46691 -28.47559 -28.50316 -28.52742
 -28.58039 -28.57685 -28.58518 -28.61171 -28.63448
 -28.62937 -28.62555 -28.63320 -28.65854 -28.67976
 -28.63622 -28.63173 -28.63849 -28.66283 -28.68288
 -28.72645 -28.72150 -28.72773 -28.75161 -28.77116
 -28.94152 -28.93660 -28.94287 -28.96678 -28.98638
 -29.15400 -29.14910 -29.15540 -29.17933 -29.19894
 -29.35620 -29.35128 -29.35756 -29.38147 -29.40106
 -29.56430 -29.55939 -29.56568 -29.58959 -29.60918
---------------------/ IPRT= 2  / IGRD= 1  /--------/ Z1= 4   / DATE= 16/11/93  
 -28.65242 -28.44612 -28.20132 -27.91660 -27.53581
 -28.81276 -28.62682 -28.41087 -28.16922 -27.84714
 -28.96157 -28.79872 -28.60874 -28.39722 -28.11677
 -29.09768 -28.95937 -28.79343 -28.60365 -28.35267
 -29.22131 -29.10714 -28.96479 -28.79530 -28.56947
 -29.33268 -29.24110 -29.12193 -28.97351 -28.77190
 -29.43194 -29.36055 -29.26353 -29.13711 -28.95998
 -29.51930 -29.46500 -29.38853 -29.28507 -29.13368
 -29.59516 -29.55475 -29.49677 -29.41645 -29.29170
 -29.65995 -29.63035 -29.58844 -29.53036 -29.43225
 -29.71378 -29.69210 -29.66354 -29.62580 -29.55325
 -29.75652 -29.74022 -29.72204 -29.70170 -29.65241
 -29.78789 -29.77502 -29.76447 -29.75811 -29.72875
 -29.80743 -29.79691 -29.79187 -29.79595 -29.78239
 -29.81477 -29.80628 -29.80528 -29.81627 -29.81364
 -29.81061 -29.80398 -29.80588 -29.82103 -29.82530
 -29.79597 -29.79071 -29.79460 -29.81240 -29.82115
 -29.77044 -29.76595 -29.77107 -29.79077 -29.80274
 -29.73153 -29.72729 -29.73309 -29.75412 -29.76835
 -29.68183 -29.67752 -29.68359 -29.70548 -29.72119
 -29.63327 -29.62877 -29.63487 -29.65722 -29.67380
 -29.60477 -29.60015 -29.60622 -29.62871 -29.64561
 -29.55672 -29.55209 -29.55815 -29.58063 -29.59754
 -29.44763 -29.44302 -29.44911 -29.47160 -29.48856
 -29.31916 -29.31453 -29.32066 -29.34328 -29.36047
 -29.34392 -29.33927 -29.34542 -29.36815 -29.38551
 -29.56351 -29.55886 -29.56501 -29.58773 -29.60507
 -29.77905 -29.77441 -29.78055 -29.80327 -29.82061
 -29.97868 -29.97404 -29.98018 -30.00290 -30.02025
 -30.18744 -30.18279 -30.18893 -30.21166 -30.22900
---------------------/ IPRT= 1  / IGRD= 1  /--------/ Z1= 5   / DATE= 16/11/93  
 -27.39270 -27.22630 -26.94960 -26.51259 -25.87809
 -27.53536 -27.40647 -27.18738 -26.83455 -26.30923
 -27.67360 -27.57775 -27.41111 -27.13811 -26.71972
 -27.80155 -27.72860 -27.60274 -27.39946 -27.08245
 -27.91935 -27.85994 -27.76305 -27.61683 -27.39008
 -28.03181 -27.98234 -27.90757 -27.80554 -27.65066
 -28.14063 -28.10054 -28.04395 -27.97452 -27.87147
 -28.24378 -28.21192 -28.16994 -28.12440 -28.05860
 -28.33920 -28.31361 -28.28281 -28.25546 -28.21825
 -28.43546 -28.41411 -28.39139 -28.37790 -28.36315
 -28.55131 -28.53279 -28.51545 -28.51137 -28.51243
 -28.66138 -28.64538 -28.63214 -28.63443 -28.64619
 -28.67457 -28.66255 -28.65492 -28.66435 -28.68650
 -28.54317 -28.53730 -28.53809 -28.55747 -28.59246
 -28.33581 -28.33633 -28.34580 -28.37525 -28.42289
 -28.14429 -28.14896 -28.16390 -28.19994 -28.25615
 -28.02380 -28.02966 -28.04602 -28.08418 -28.14387
 -27.97831 -27.98404 -28.00025 -28.03868 -28.09931
 -27.99778 -28.00344 -28.01990 -28.05883 -28.12012
 -28.06490 -28.07062 -28.08760 -28.12719 -28.18911
 -28.16226 -28.16752 -28.18410 -28.22339 -28.28507
 -28.28205 -28.28650 -28.30200 -28.34014 -28.40074
 -28.42480 -28.42848 -28.44289 -28.47968 -28.53876
 -28.57599 -28.57899 -28.59242 -28.62765 -28.68449
 -28.68983 -28.69162 -28.70305 -28.73508 -28.78736
 -28.76173 -28.76170 -28.76992 -28.79707 -28.84277
 -28.84706 -28.84535 -28.85057 -28.87327 -28.91318
 -29.03156 -29.02954 -29.03420 -29.05608 -29.09492
 -29.25106 -29.24922 -29.25419 -29.27653 -29.31598
 -29.45465 -29.45276 -29.45765 -29.47988 -29.51916
---------------------/ IPRT= 1  / IGRD= 2  /--------/ Z1= 5   / DATE= 16/11/93  
 -27.62090 -27.47154 -27.19649 -26.72105 -26.01325
 -27.76439 -27.65533 -27.44205 -27.05542 -26.46008
 -27.90305 -27.82898 -27.67175 -27.36998 -26.88657
 -28.03055 -27.97949 -27.86526 -27.63915 -27.26593
 -28.14715 -28.10798 -28.02356 -27.86085 -27.58973
 -28.25836 -28.22678 -28.16430 -28.05139 -27.86387
 -28.36612 -28.34148 -28.29638 -28.22015 -28.09405
 -28.46800 -28.44933 -28.41756 -28.36768 -28.28566
 -28.56149 -28.54718 -28.52506 -28.49407 -28.44415
 -28.65221 -28.64069 -28.62521 -28.60781 -28.58164
 -28.75358 -28.74396 -28.73313 -28.72547 -28.71654
 -28.84586 -28.83769 -28.83029 -28.82985 -28.83356
 -28.85978 -28.85270 -28.84803 -28.85342 -28.86724
 -28.75897 -28.75263 -28.75026 -28.76084 -28.78353
 -28.59512 -28.58925 -28.58863 -28.60334 -28.63306
 -28.43720 -28.43156 -28.43196 -28.44913 -28.48307
 -28.33066 -28.32506 -28.32576 -28.34377 -28.37919
 -28.28707 -28.28139 -28.28201 -28.30006 -28.33565
 -28.30286 -28.29705 -28.29749 -28.31540 -28.35098
 -28.35914 -28.35315 -28.35332 -28.37099 -28.40641
 -28.43237 -28.42618 -28.42598 -28.44303 -28.47763
 -28.51281 -28.50650 -28.50592 -28.52215 -28.55540
 -28.60261 -28.59639 -28.59567 -28.61115 -28.64277
 -28.68223 -28.67630 -28.67571 -28.69057 -28.72053
 -28.68893 -28.68305 -28.68232 -28.69638 -28.72467
 -28.63096 -28.62470 -28.62331 -28.63632 -28.66315
 -28.61244 -28.60565 -28.60347 -28.61555 -28.64144
 -28.77839 -28.77150 -28.76916 -28.78108 -28.80681
 -29.00832 -29.00149 -28.99923 -29.01124 -29.03706
 -29.20918 -29.20233 -29.20005 -29.21203 -29.23783
---------------------/ IPRT= 1  / IGRD= 1  /--------/ Z1= 6   / DATE= 16/11/93  
 -26.49378 -26.33918 -26.07813 -25.65182 -25.00393
 -26.61620 -26.49205 -26.28002 -25.92649 -25.37932
 -26.73860 -26.64472 -26.48147 -26.20051 -25.75401
 -26.85872 -26.79192 -26.67287 -26.46004 -26.11142
 -26.97301 -26.92513 -26.83867 -26.68266 -26.42468
 -27.08044 -27.04271 -26.97605 -26.86307 -26.68409
 -27.18289 -27.15120 -27.09756 -27.01678 -26.90075
 -27.28205 -27.25553 -27.21253 -27.15582 -27.08514
 -27.37865 -27.35662 -27.32230 -27.28327 -27.24416
 -27.47331 -27.45488 -27.42731 -27.40119 -27.38435
 -27.56641 -27.55072 -27.52826 -27.51158 -27.51065
 -27.65790 -27.64446 -27.62611 -27.61622 -27.62582
 -27.74778 -27.73636 -27.72153 -27.71646 -27.73219
 -27.83619 -27.82649 -27.81448 -27.81257 -27.83128
 -27.92295 -27.91460 -27.90459 -27.90450 -27.92430
 -28.00674 -27.99941 -27.99072 -27.99156 -28.01141
 -28.08584 -28.07928 -28.07150 -28.07287 -28.09243
 -28.15887 -28.15283 -28.14579 -28.14765 -28.16710
 -28.22562 -28.21996 -28.21349 -28.21577 -28.23524
 -28.28405 -28.27866 -28.27259 -28.27517 -28.29465
 -28.33005 -28.32481 -28.31898 -28.32174 -28.34121
 -28.35923 -28.35405 -28.34829 -28.35113 -28.37063
 -28.37540 -28.37019 -28.36441 -28.36725 -28.38681
 -28.39093 -28.38569 -28.37988 -28.38268 -28.40224
 -28.41481 -28.40958 -28.40378 -28.40656 -28.42605
 -28.37955 -28.37435 -28.36856 -28.37134 -28.39076
 -28.28112 -28.27591 -28.27012 -28.27291 -28.29234
 -28.25135 -28.24611 -28.24031 -28.24310 -28.26261
 -28.37000 -28.36476 -28.35894 -28.36173 -28.38128
 -28.59557 -28.59034 -28.58453 -28.58732 -28.60685
