    1    5   50    1    1  Be  25.0 Al 0.2 Si 0.2  Abs: Si 300.0               
================================================================================
  11.00000  12.00000  13.00000  14.00000  15.00000
   0.69897   0.78060   0.86224   0.94387   1.02550   1.10713   1.18877   1.27040
   1.35203   1.43366   1.51530   1.59693   1.67856   1.76019   1.84183   1.92346
   2.00509   2.08672   2.16836   2.24999   2.33162   2.41326   2.49489   2.57652
   2.65815   2.73979   2.82142   2.90305   2.98468   3.06632   3.14795   3.22958
   3.31121   3.39285   3.47448   3.55611   3.63775   3.71938   3.80101   3.88264
   3.96428   4.04591   4.12754   4.20917   4.29081   4.37244   4.45407   4.53570
   4.61734   4.69897
================================================================================
 -60.00000 -60.00000 -60.00000 -60.00000 -60.00000
 -60.00000 -60.00000 -60.00000 -60.00000 -60.00000
 -60.00000 -60.00000 -60.00000 -60.00000 -60.00000
 -60.00000 -60.00000 -60.00000 -60.00000 -60.00000
 -59.97146 -59.97146 -59.97146 -59.97146 -59.97146
 -56.09502 -56.09502 -56.09502 -56.09503 -56.09503
 -52.71055 -52.71056 -52.71058 -52.71061 -52.71061
 -49.74869 -49.74875 -49.74882 -49.74895 -49.74895
 -47.15358 -47.15364 -47.15392 -47.15427 -47.15427
 -44.88661 -44.88672 -44.88721 -44.88783 -44.88783
 -42.91815 -42.91830 -42.91896 -42.91979 -42.91979
 -41.21560 -41.21578 -41.21653 -41.21653 -41.21747
 -39.74444 -39.74462 -39.74490 -39.74538 -39.74633
 -38.47108 -38.47125 -38.47151 -38.47197 -38.47287
 -37.36658 -37.36683 -37.36707 -37.36748 -37.36829
 -36.40681 -36.40703 -36.40723 -36.40759 -36.40830
 -35.57182 -35.57201 -35.57218 -35.57249 -35.57309
 -34.84520 -34.84536 -34.84551 -34.84577 -34.84628
 -34.21325 -34.21338 -34.21350 -34.21372 -34.21414
 -33.66415 -33.66426 -33.66437 -33.66454 -33.66489
 -33.18700 -33.18709 -33.18718 -33.18733 -33.18761
 -32.77230 -32.77238 -32.77244 -32.77256 -32.77280
 -32.41129 -32.41135 -32.41141 -32.41151 -32.41170
 -32.09623 -32.09627 -32.09632 -32.09640 -32.09655
 -31.82024 -31.82026 -31.82032 -31.82038 -31.82050
 -31.57763 -31.57765 -31.57769 -31.57775 -31.57784
 -31.36328 -31.36330 -31.36334 -31.36338 -31.36346
 -31.17328 -31.17329 -31.17332 -31.17335 -31.17342
 -31.00431 -31.00432 -31.00435 -31.00437 -31.00442
 -30.85291 -30.85292 -30.85294 -30.85296 -30.85300
 -30.71749 -30.71750 -30.71751 -30.71753 -30.71756
 -30.59553 -30.59553 -30.59554 -30.59556 -30.59558
 -30.48641 -30.48641 -30.48642 -30.48643 -30.48645
 -30.38847 -30.38848 -30.38848 -30.38849 -30.38851
 -30.30185 -30.30185 -30.30186 -30.30187 -30.30188
 -30.22581 -30.22581 -30.22582 -30.22582 -30.22582
 -30.16019 -30.16019 -30.16019 -30.16019 -30.16019
 -30.10472 -30.10473 -30.10473 -30.10473 -30.10473
 -30.05910 -30.05910 -30.05910 -30.05911 -30.05911
 -30.02277 -30.02277 -30.02277 -30.02277 -30.02278
 -29.99544 -29.99544 -29.99544 -29.99544 -29.99544
 -29.97637 -29.97637 -29.97637 -29.97637 -29.97637
 -29.96512 -29.96513 -29.96513 -29.96513 -29.96513
 -29.96105 -29.96105 -29.96105 -29.96105 -29.96105
 -29.96344 -29.96344 -29.96344 -29.96344 -29.96344
 -29.97160 -29.97160 -29.97160 -29.97161 -29.97161
 -29.98485 -29.98485 -29.98485 -29.98485 -29.98486
 -30.00255 -30.00255 -30.00255 -30.00255 -30.00255
 -30.02409 -30.02409 -30.02410 -30.02410 -30.02410
 -30.04895 -30.04895 -30.04895 -30.04895 -30.04895
