    6    5   50    1    6  Be   8.0 Al 0.2 Si 0.2  Abs: Si 300.0               
================================================================================
  11.00000  12.00000  13.00000  14.00000  15.00000
   0.00000   0.08778   0.17555   0.26333   0.35110   0.43888   0.52666   0.61443
   0.70221   0.78999   0.87776   0.96554   1.05331   1.14109   1.22887   1.31664
   1.40442   1.49219   1.57997   1.66775   1.75552   1.84330   1.93107   2.01885
   2.10663   2.19440   2.28218   2.36996   2.45773   2.54551   2.63328   2.72106
   2.80884   2.89661   2.98439   3.07216   3.15994   3.24772   3.33549   3.42327
   3.51104   3.59882   3.68660   3.77437   3.86215   3.94993   4.03770   4.12548
   4.21325   4.30103
================================================================================
 -60.00000 -60.00000 -60.00000 -60.00000 -60.00000
 -60.00000 -60.00000 -60.00000 -60.00000 -60.00000
 -60.00000 -60.00000 -60.00000 -60.00000 -60.00000
 -60.00000 -60.00000 -60.00000 -60.00000 -60.00000
 -60.00000 -60.00000 -60.00000 -60.00000 -60.00000
 -60.00000 -60.00000 -60.00000 -60.00000 -60.00000
 -60.00000 -60.00000 -60.00000 -60.00000 -60.00000
 -60.00000 -60.00000 -60.00000 -60.00000 -60.00000
 -60.00000 -60.00000 -60.00000 -60.00000 -60.00000
 -60.00000 -60.00000 -60.00000 -60.00000 -60.00000
 -59.87964 -59.87964 -59.87965 -59.87965 -59.87965
 -55.48799 -55.48800 -55.48801 -55.48803 -55.48803
 -51.82319 -51.82325 -51.82331 -51.82344 -51.82344
 -48.73273 -48.73294 -48.73317 -48.73363 -48.73363
 -46.10316 -46.10365 -46.10417 -46.10520 -46.10520
 -43.85324 -43.85354 -43.85485 -43.85651 -43.85651
 -41.92645 -41.92683 -41.92848 -41.93057 -41.93057
 -40.27395 -40.27435 -40.27612 -40.27835 -40.27835
 -38.85430 -38.85469 -38.85639 -38.85639 -38.85853
 -37.63184 -37.63219 -37.63275 -37.63373 -37.63566
 -36.57772 -36.57803 -36.57852 -36.57938 -36.58106
 -35.66762 -35.66806 -35.66849 -35.66922 -35.67067
 -34.88196 -34.88234 -34.88271 -34.88334 -34.88457
 -34.20343 -34.20376 -34.20407 -34.20461 -34.20566
 -33.61739 -33.61766 -33.61793 -33.61838 -33.61928
 -33.11149 -33.11173 -33.11195 -33.11234 -33.11310
 -32.67494 -32.67514 -32.67533 -32.67566 -32.67631
 -32.29847 -32.29864 -32.29881 -32.29908 -32.29963
 -31.97401 -31.97415 -31.97428 -31.97452 -31.97498
 -31.69438 -31.69449 -31.69461 -31.69480 -31.69518
 -31.45260 -31.45270 -31.45279 -31.45295 -31.45327
 -31.24279 -31.24282 -31.24295 -31.24309 -31.24335
 -31.05953 -31.05958 -31.05969 -31.05980 -31.06002
 -30.89832 -30.89836 -30.89845 -30.89854 -30.89872
 -30.75542 -30.75545 -30.75552 -30.75560 -30.75575
 -30.62738 -30.62740 -30.62747 -30.62753 -30.62765
 -30.51237 -30.51239 -30.51244 -30.51249 -30.51259
 -30.40823 -30.40825 -30.40829 -30.40833 -30.40842
 -30.31427 -30.31428 -30.31430 -30.31436 -30.31443
 -30.22971 -30.22972 -30.22973 -30.22978 -30.22983
 -30.15471 -30.15472 -30.15473 -30.15477 -30.15482
 -30.08928 -30.08928 -30.08929 -30.08932 -30.08932
 -30.03357 -30.03358 -30.03359 -30.03359 -30.03361
 -29.98762 -29.98762 -29.98763 -29.98764 -29.98765
 -29.95119 -29.95120 -29.95120 -29.95121 -29.95122
 -29.92412 -29.92412 -29.92413 -29.92413 -29.92414
 -29.90586 -29.90586 -29.90587 -29.90587 -29.90588
 -29.89598 -29.89598 -29.89598 -29.89599 -29.89599
 -29.89384 -29.89384 -29.89385 -29.89385 -29.89385
 -29.89870 -29.89870 -29.89870 -29.89870 -29.89871
================================================================================
 -60.00000 -60.00000 -60.00000 -60.00000 -60.00000
 -60.00000 -60.00000 -60.00000 -60.00000 -60.00000
 -60.00000 -60.00000 -60.00000 -60.00000 -60.00000
 -60.00000 -60.00000 -60.00000 -60.00000 -60.00000
 -60.00000 -60.00000 -60.00000 -60.00000 -60.00000
 -60.00000 -60.00000 -60.00000 -60.00000 -60.00000
 -60.00000 -60.00000 -60.00000 -60.00000 -60.00000
 -60.00000 -60.00000 -60.00000 -60.00000 -60.00000
 -60.00000 -60.00000 -60.00000 -60.00000 -60.00000
 -60.00000 -60.00000 -60.00000 -60.00000 -60.00000
 -59.30379 -59.30379 -59.30379 -59.30380 -59.30380
 -54.90369 -54.90370 -54.90373 -54.90376 -54.90381
 -51.20795 -51.20805 -51.20811 -51.20836 -51.20865
 -48.06292 -48.06323 -48.06343 -48.06421 -48.06509
 -45.37812 -45.37846 -45.37912 -45.38067 -45.38240
 -43.09661 -43.09712 -43.09810 -43.10040 -43.10296
 -41.16379 -41.16442 -41.16564 -41.16848 -41.17161
 -39.52258 -39.52327 -39.52461 -39.52771 -39.53111
 -38.12091 -38.12184 -38.12318 -38.12628 -38.12966
 -36.91767 -36.91854 -36.91981 -36.92273 -36.92590
 -35.87961 -35.88041 -35.88155 -35.88256 -35.88705
 -34.98285 -34.98355 -34.98457 -34.98547 -34.98942
 -34.20685 -34.20747 -34.20835 -34.20914 -34.21257
 -33.53587 -33.53641 -33.53718 -33.53786 -33.54083
 -32.95548 -32.95574 -32.95661 -32.95719 -32.95812
 -32.45391 -32.45421 -32.45462 -32.45546 -32.45625
 -32.02088 -32.02114 -32.02149 -32.02220 -32.02288
 -31.64736 -31.64759 -31.64788 -31.64849 -31.64907
 -31.32555 -31.32574 -31.32599 -31.32650 -31.32699
 -31.04789 -31.04805 -31.04826 -31.04869 -31.04910
 -30.80769 -30.80782 -30.80799 -30.80835 -30.80869
 -30.59883 -30.59894 -30.59908 -30.59938 -30.59967
 -30.41641 -30.41652 -30.41665 -30.41689 -30.41713
 -30.25591 -30.25596 -30.25610 -30.25630 -30.25650
 -30.11362 -30.11367 -30.11378 -30.11396 -30.11412
 -29.98680 -29.98684 -29.98693 -29.98699 -29.98721
 -29.87349 -29.87353 -29.87360 -29.87365 -29.87383
 -29.77174 -29.77177 -29.77180 -29.77187 -29.77202
 -29.68057 -29.68059 -29.68062 -29.68068 -29.68081
 -29.59933 -29.59936 -29.59938 -29.59943 -29.59953
 -29.52762 -29.52764 -29.52766 -29.52770 -29.52778
 -29.46523 -29.46524 -29.46526 -29.46529 -29.46536
 -29.41192 -29.41193 -29.41195 -29.41198 -29.41204
 -29.36786 -29.36786 -29.36788 -29.36790 -29.36792
 -29.33281 -29.33282 -29.33283 -29.33285 -29.33287
 -29.30665 -29.30665 -29.30666 -29.30668 -29.30669
 -29.28901 -29.28901 -29.28902 -29.28903 -29.28904
 -29.27964 -29.27964 -29.27964 -29.27966 -29.27967
 -29.27792 -29.27792 -29.27792 -29.27793 -29.27794
 -29.28318 -29.28318 -29.28319 -29.28319 -29.28320
================================================================================
 -60.00000 -60.00000 -60.00000 -60.00000 -60.00000
 -60.00000 -60.00000 -60.00000 -60.00000 -60.00000
 -60.00000 -60.00000 -60.00000 -60.00000 -60.00000
 -60.00000 -60.00000 -60.00000 -60.00000 -60.00000
 -60.00000 -60.00000 -60.00000 -60.00000 -60.00000
 -60.00000 -60.00000 -60.00000 -60.00000 -60.00000
 -60.00000 -60.00000 -60.00000 -60.00000 -60.00000
 -60.00000 -60.00000 -60.00000 -60.00000 -60.00000
 -60.00000 -60.00000 -60.00000 -60.00000 -60.00000
 -60.00000 -60.00000 -60.00000 -60.00000 -60.00000
 -58.86961 -58.86961 -58.86962 -58.86962 -58.86963
 -54.30217 -54.30218 -54.30221 -54.30222 -54.30229
 -50.42141 -50.42145 -50.42154 -50.42159 -50.42184
 -47.17036 -47.17045 -47.17056 -47.17079 -47.17137
 -44.47003 -44.47024 -44.47047 -44.47090 -44.47198
 -42.22881 -42.22915 -42.22951 -42.23021 -42.23193
 -40.36070 -40.36120 -40.36171 -40.36272 -40.36514
 -38.79150 -38.79192 -38.79280 -38.79410 -38.79718
 -37.46027 -37.46076 -37.46180 -37.46333 -37.46692
 -36.31948 -36.32002 -36.32116 -36.32281 -36.32429
 -35.33353 -35.33421 -35.33537 -35.33705 -35.33855
 -34.47734 -34.47800 -34.47913 -34.48076 -34.48221
 -33.73215 -33.73277 -33.73337 -33.73535 -33.73671
 -33.08408 -33.08464 -33.08519 -33.08700 -33.08823
 -32.52054 -32.52087 -32.52154 -32.52242 -32.52426
 -32.03214 -32.03250 -32.03309 -32.03387 -32.03549
 -31.60880 -31.60912 -31.60963 -31.61031 -31.61173
 -31.24293 -31.24320 -31.24365 -31.24424 -31.24547
 -30.92713 -30.92736 -30.92774 -30.92825 -30.92929
 -30.65437 -30.65457 -30.65490 -30.65532 -30.65621
 -30.41806 -30.41825 -30.41852 -30.41889 -30.41963
 -30.21244 -30.21256 -30.21273 -30.21313 -30.21376
 -30.03260 -30.03270 -30.03285 -30.03318 -30.03371
 -29.87417 -29.87426 -29.87438 -29.87466 -29.87509
 -29.73357 -29.73364 -29.73374 -29.73397 -29.73412
 -29.60809 -29.60816 -29.60824 -29.60835 -29.60856
 -29.49580 -29.49586 -29.49593 -29.49602 -29.49619
 -29.39474 -29.39477 -29.39484 -29.39492 -29.39506
 -29.30384 -29.30387 -29.30393 -29.30399 -29.30411
 -29.22281 -29.22283 -29.22287 -29.22293 -29.22303
 -29.15152 -29.15154 -29.15157 -29.15163 -29.15171
 -29.08978 -29.08980 -29.08982 -29.08987 -29.08994
 -29.03782 -29.03784 -29.03786 -29.03790 -29.03795
 -28.99550 -28.99551 -28.99553 -28.99556 -28.99561
 -28.96270 -28.96271 -28.96273 -28.96275 -28.96279
 -28.93896 -28.93897 -28.93898 -28.93900 -28.93904
 -28.92353 -28.92353 -28.92355 -28.92356 -28.92359
 -28.91600 -28.91600 -28.91601 -28.91602 -28.91604
 -28.91553 -28.91554 -28.91554 -28.91555 -28.91557
 -28.92154 -28.92154 -28.92155 -28.92156 -28.92157
================================================================================
 -60.00000 -60.00000 -60.00000 -60.00000 -60.00000
 -60.00000 -60.00000 -60.00000 -60.00000 -60.00000
 -60.00000 -60.00000 -60.00000 -60.00000 -60.00000
 -60.00000 -60.00000 -60.00000 -60.00000 -60.00000
 -60.00000 -60.00000 -60.00000 -60.00000 -60.00000
 -60.00000 -60.00000 -60.00000 -60.00000 -60.00000
 -60.00000 -60.00000 -60.00000 -60.00000 -60.00000
 -60.00000 -60.00000 -60.00000 -60.00000 -60.00000
 -60.00000 -60.00000 -60.00000 -60.00000 -60.00000
 -60.00000 -60.00000 -60.00000 -60.00000 -60.00000
 -58.07117 -58.07117 -58.07117 -58.07117 -58.07118
 -53.36603 -53.36603 -53.36604 -53.36604 -53.36606
 -49.48733 -49.48734 -49.48736 -49.48739 -49.48745
 -46.29875 -46.29877 -46.29883 -46.29891 -46.29908
 -43.67449 -43.67454 -43.67463 -43.67485 -43.67522
 -41.50686 -41.50697 -41.50714 -41.50755 -41.50824
 -39.70602 -39.70620 -39.70649 -39.70717 -39.70830
 -38.19785 -38.19813 -38.19856 -38.19956 -38.20021
 -36.92193 -36.92236 -36.92294 -36.92368 -36.92512
 -35.83133 -35.83186 -35.83257 -35.83346 -35.83521
 -34.88970 -34.89013 -34.89109 -34.89210 -34.89407
 -34.07141 -34.07187 -34.07289 -34.07396 -34.07603
 -33.35748 -33.35794 -33.35862 -33.36005 -33.36212
 -32.73423 -32.73475 -32.73540 -32.73678 -32.73878
 -32.19025 -32.19074 -32.19135 -32.19264 -32.19451
 -31.71634 -31.71679 -31.71735 -31.71853 -31.72023
 -31.30417 -31.30446 -31.30507 -31.30613 -31.30765
 -30.94641 -30.94666 -30.94720 -30.94814 -30.94948
 -30.63747 -30.63769 -30.63816 -30.63862 -30.64013
 -30.36997 -30.37016 -30.37057 -30.37096 -30.37225
 -30.13780 -30.13797 -30.13819 -30.13864 -30.13925
 -29.93524 -29.93533 -29.93557 -29.93595 -29.93646
 -29.75768 -29.75776 -29.75796 -29.75828 -29.75871
 -29.60124 -29.60131 -29.60147 -29.60174 -29.60210
 -29.46212 -29.46217 -29.46231 -29.46254 -29.46284
 -29.33811 -29.33816 -29.33828 -29.33847 -29.33872
 -29.22684 -29.22686 -29.22694 -29.22713 -29.22734
 -29.12662 -29.12664 -29.12671 -29.12681 -29.12704
 -29.03626 -29.03628 -29.03634 -29.03642 -29.03662
 -28.95598 -28.95599 -28.95604 -28.95611 -28.95627
 -28.88494 -28.88495 -28.88499 -28.88505 -28.88519
 -28.82332 -28.82332 -28.82336 -28.82341 -28.82347
 -28.77127 -28.77127 -28.77130 -28.77134 -28.77139
 -28.72903 -28.72903 -28.72905 -28.72909 -28.72914
 -28.69643 -28.69644 -28.69645 -28.69649 -28.69652
 -28.67328 -28.67328 -28.67330 -28.67331 -28.67335
 -28.65898 -28.65898 -28.65899 -28.65900 -28.65904
 -28.65294 -28.65294 -28.65295 -28.65297 -28.65299
 -28.65416 -28.65416 -28.65416 -28.65418 -28.65420
 -28.66184 -28.66184 -28.66185 -28.66186 -28.66188
================================================================================
 -60.00000 -60.00000 -60.00000 -60.00000 -60.00000
 -60.00000 -60.00000 -60.00000 -60.00000 -60.00000
 -60.00000 -60.00000 -60.00000 -60.00000 -60.00000
 -59.93373 -59.93373 -59.93373 -59.93373 -59.93373
 -55.34746 -55.34746 -55.34746 -55.34746 -55.34746
 -50.91210 -50.91210 -50.91210 -50.91210 -50.91210
 -47.29316 -47.29316 -47.29316 -47.29316 -47.29316
 -44.34041 -44.34041 -44.34041 -44.34041 -44.34041
 -41.93085 -41.93085 -41.93085 -41.93085 -41.93085
 -39.96379 -39.96379 -39.96379 -39.96379 -39.96379
 -38.35666 -38.35666 -38.35666 -38.35666 -38.35666
 -37.04165 -37.04165 -37.04165 -37.04165 -37.04165
 -35.96274 -35.96274 -35.96274 -35.96274 -35.96274
 -35.07355 -35.07355 -35.07355 -35.07355 -35.07355
 -34.33570 -34.33570 -34.33570 -34.33570 -34.33570
 -33.71701 -33.71701 -33.71701 -33.71701 -33.71701
 -33.19080 -33.19080 -33.19080 -33.19080 -33.19080
 -32.73531 -32.73531 -32.73531 -32.73531 -32.73531
 -32.33329 -32.33329 -32.33329 -32.33329 -32.33330
 -31.97265 -31.97265 -31.97266 -31.97267 -31.97268
 -31.64468 -31.64468 -31.64469 -31.64471 -31.64473
 -31.34475 -31.34475 -31.34477 -31.34479 -31.34483
 -31.07010 -31.07011 -31.07013 -31.07017 -31.07023
 -30.81929 -30.81930 -30.81933 -30.81939 -30.81947
 -30.59011 -30.59012 -30.59016 -30.59023 -30.59037
 -30.38119 -30.38121 -30.38127 -30.38137 -30.38157
 -30.18956 -30.18959 -30.18967 -30.18980 -30.19009
 -30.01330 -30.01334 -30.01345 -30.01361 -30.01399
 -29.85351 -29.85353 -29.85368 -29.85388 -29.85414
 -29.70674 -29.70676 -29.70688 -29.70715 -29.70743
 -29.57083 -29.57085 -29.57098 -29.57126 -29.57156
 -29.44341 -29.44343 -29.44356 -29.44385 -29.44415
 -29.32525 -29.32525 -29.32540 -29.32558 -29.32596
 -29.21506 -29.21506 -29.21520 -29.21537 -29.21572
 -29.11168 -29.11168 -29.11181 -29.11196 -29.11228
 -29.01608 -29.01608 -29.01616 -29.01632 -29.01661
 -28.92791 -28.92791 -28.92798 -28.92813 -28.92838
 -28.84542 -28.84542 -28.84548 -28.84561 -28.84583
 -28.76860 -28.76860 -28.76865 -28.76876 -28.76887
 -28.69994 -28.69994 -28.69998 -28.70004 -28.70017
 -28.63795 -28.63795 -28.63798 -28.63804 -28.63815
 -28.58379 -28.58379 -28.58381 -28.58387 -28.58395
 -28.53782 -28.53782 -28.53784 -28.53789 -28.53796
 -28.50019 -28.50019 -28.50020 -28.50024 -28.50031
 -28.47148 -28.47148 -28.47149 -28.47153 -28.47158
 -28.45164 -28.45164 -28.45165 -28.45168 -28.45173
 -28.44006 -28.44006 -28.44006 -28.44008 -28.44012
 -28.43645 -28.43645 -28.43646 -28.43647 -28.43650
 -28.44010 -28.44010 -28.44010 -28.44012 -28.44014
 -28.45025 -28.45025 -28.45025 -28.45026 -28.45028
================================================================================
 -42.48088 -42.48088 -42.48088 -42.48088 -42.48088
 -40.27397 -40.27397 -40.27397 -40.27397 -40.27397
 -38.47756 -38.47756 -38.47756 -38.47756 -38.47756
 -37.01622 -37.01622 -37.01622 -37.01622 -37.01622
 -35.82821 -35.82821 -35.82821 -35.82821 -35.82821
 -34.86300 -34.86300 -34.86300 -34.86300 -34.86300
 -34.07919 -34.07919 -34.07919 -34.07919 -34.07919
 -33.44275 -33.44275 -33.44275 -33.44275 -33.44275
 -32.92562 -32.92562 -32.92562 -32.92562 -32.92562
 -32.50469 -32.50469 -32.50469 -32.50469 -32.50469
 -32.16075 -32.16075 -32.16075 -32.16075 -32.16075
 -31.87776 -31.87776 -31.87776 -31.87776 -31.87776
 -31.64203 -31.64203 -31.64203 -31.64203 -31.64203
 -31.44171 -31.44171 -31.44171 -31.44171 -31.44171
 -31.26668 -31.26668 -31.26668 -31.26668 -31.26668
 -31.10780 -31.10780 -31.10780 -31.10780 -31.10780
 -30.95727 -30.95727 -30.95727 -30.95727 -30.95727
 -30.80874 -30.80874 -30.80874 -30.80874 -30.80874
 -30.65757 -30.65757 -30.65757 -30.65757 -30.65757
 -30.50206 -30.50206 -30.50206 -30.50206 -30.50206
 -30.34202 -30.34202 -30.34202 -30.34202 -30.34202
 -30.18001 -30.18001 -30.18001 -30.18001 -30.18001
 -30.01943 -30.01943 -30.01943 -30.01943 -30.01944
 -29.86426 -29.86426 -29.86426 -29.86427 -29.86428
 -29.71709 -29.71709 -29.71709 -29.71710 -29.71713
 -29.58062 -29.58062 -29.58063 -29.58066 -29.58070
 -29.45503 -29.45503 -29.45505 -29.45509 -29.45517
 -29.34057 -29.34057 -29.34060 -29.34067 -29.34073
 -29.23968 -29.23968 -29.23973 -29.23979 -29.23992
 -29.14928 -29.14928 -29.14934 -29.14942 -29.14959
 -29.06622 -29.06622 -29.06627 -29.06639 -29.06658
 -28.98736 -28.98736 -28.98741 -28.98755 -28.98776
 -28.91296 -28.91296 -28.91302 -28.91316 -28.91340
 -28.84155 -28.84155 -28.84161 -28.84176 -28.84199
 -28.77127 -28.77127 -28.77133 -28.77147 -28.77171
 -28.70434 -28.70434 -28.70437 -28.70449 -28.70476
 -28.64078 -28.64078 -28.64081 -28.64092 -28.64108
 -28.57844 -28.57844 -28.57847 -28.57856 -28.57871
 -28.51756 -28.51756 -28.51759 -28.51767 -28.51781
 -28.46334 -28.46334 -28.46336 -28.46344 -28.46356
 -28.41298 -28.41298 -28.41299 -28.41307 -28.41317
 -28.36841 -28.36841 -28.36841 -28.36846 -28.36857
 -28.33034 -28.33034 -28.33035 -28.33039 -28.33048
 -28.29933 -28.29933 -28.29934 -28.29937 -28.29945
 -28.27645 -28.27645 -28.27645 -28.27648 -28.27653
 -28.26122 -28.26122 -28.26122 -28.26125 -28.26129
 -28.25339 -28.25339 -28.25339 -28.25341 -28.25344
 -28.25289 -28.25289 -28.25289 -28.25290 -28.25294
 -28.25911 -28.25911 -28.25911 -28.25912 -28.25915
 -28.27159 -28.27159 -28.27159 -28.27160 -28.27163
