    6    5   50    1    6           Be:100.0 Al:  0.2 Si:  0.2 Si-Abs:300.0    
================================================================================
  11.00000  12.00000  13.00000  14.00000  15.00000
   0.69897   0.78060   0.86224   0.94387   1.02550   1.10713   1.18877   1.27040
   1.35203   1.43366   1.51530   1.59693   1.67856   1.76019   1.84183   1.92346
   2.00509   2.08672   2.16836   2.24999   2.33162   2.41326   2.49489   2.57652
   2.65815   2.73979   2.82142   2.90305   2.98468   3.06632   3.14795   3.22958
   3.31121   3.39285   3.47448   3.55611   3.63775   3.71938   3.80101   3.88264
   3.96428   4.04591   4.12754   4.20917   4.29081   4.37244   4.45407   4.53570
   4.61734   4.69897
================================================================================
 -60.00000 -60.00000 -60.00000 -60.00000 -60.00000
 -60.00000 -60.00000 -60.00000 -60.00000 -60.00000
 -60.00000 -60.00000 -60.00000 -60.00000 -60.00000
 -60.00000 -60.00000 -60.00000 -60.00000 -60.00000
 -60.00000 -60.00000 -60.00000 -60.00000 -60.00000
 -60.00000 -60.00000 -60.00000 -60.00000 -60.00000
 -60.00000 -60.00000 -60.00000 -60.00000 -60.00000
 -56.76422 -56.76422 -56.76423 -56.76423 -56.76423
 -53.21729 -53.21730 -53.21732 -53.21735 -53.21735
 -50.13602 -50.13604 -50.13613 -50.13625 -50.13625
 -47.45844 -47.45849 -47.45872 -47.45900 -47.45900
 -45.13328 -45.13337 -45.13374 -45.13374 -45.13421
 -43.11725 -43.11736 -43.11754 -43.11785 -43.11846
 -41.37114 -41.37126 -41.37146 -41.37179 -41.37246
 -39.85940 -39.85960 -39.85979 -39.86012 -39.86077
 -38.55121 -38.55139 -38.55156 -38.55186 -38.55246
 -37.41963 -37.41978 -37.41993 -37.42020 -37.42071
 -36.44113 -36.44126 -36.44139 -36.44161 -36.44205
 -35.59473 -35.59485 -35.59495 -35.59514 -35.59550
 -34.86146 -34.86155 -34.86164 -34.86179 -34.86209
 -34.22455 -34.22463 -34.22470 -34.22482 -34.22507
 -33.66972 -33.66978 -33.66984 -33.66994 -33.67014
 -33.18507 -33.18512 -33.18516 -33.18525 -33.18540
 -32.76089 -32.76093 -32.76096 -32.76103 -32.76116
 -32.38887 -32.38888 -32.38893 -32.38899 -32.38909
 -32.06238 -32.06239 -32.06243 -32.06247 -32.06255
 -31.77537 -31.77539 -31.77542 -31.77545 -31.77552
 -31.52289 -31.52290 -31.52293 -31.52295 -31.52301
 -31.30038 -31.30039 -31.30041 -31.30043 -31.30047
 -31.10358 -31.10359 -31.10360 -31.10362 -31.10365
 -30.92974 -30.92975 -30.92976 -30.92977 -30.92980
 -30.77548 -30.77548 -30.77549 -30.77550 -30.77552
 -30.63929 -30.63929 -30.63929 -30.63931 -30.63932
 -30.51882 -30.51882 -30.51882 -30.51883 -30.51884
 -30.41342 -30.41342 -30.41343 -30.41343 -30.41344
 -30.32189 -30.32190 -30.32190 -30.32190 -30.32190
 -30.24353 -30.24353 -30.24353 -30.24353 -30.24353
 -30.17754 -30.17754 -30.17754 -30.17754 -30.17755
 -30.12320 -30.12320 -30.12320 -30.12320 -30.12321
 -30.07962 -30.07962 -30.07963 -30.07963 -30.07963
 -30.04625 -30.04625 -30.04625 -30.04625 -30.04625
 -30.02212 -30.02212 -30.02212 -30.02212 -30.02212
 -30.00664 -30.00665 -30.00665 -30.00665 -30.00665
 -29.99902 -29.99902 -29.99902 -29.99902 -29.99902
 -29.99844 -29.99844 -29.99844 -29.99844 -29.99844
 -30.00412 -30.00412 -30.00412 -30.00412 -30.00412
 -30.01529 -30.01529 -30.01529 -30.01529 -30.01529
 -30.03124 -30.03124 -30.03124 -30.03124 -30.03124
 -30.05134 -30.05134 -30.05134 -30.05134 -30.05134
 -30.07499 -30.07499 -30.07499 -30.07499 -30.07499
================================================================================
 -60.00000 -60.00000 -60.00000 -60.00000 -60.00000
 -60.00000 -60.00000 -60.00000 -60.00000 -60.00000
 -60.00000 -60.00000 -60.00000 -60.00000 -60.00000
 -60.00000 -60.00000 -60.00000 -60.00000 -60.00000
 -60.00000 -60.00000 -60.00000 -60.00000 -60.00000
 -60.00000 -60.00000 -60.00000 -60.00000 -60.00000
 -59.99994 -59.99994 -59.99994 -59.99994 -59.99994
 -56.18574 -56.18574 -56.18575 -56.18576 -56.18578
 -52.62792 -52.62794 -52.62799 -52.62811 -52.62824
 -49.52433 -49.52442 -49.52461 -49.52504 -49.52551
 -46.81596 -46.81618 -46.81660 -46.81756 -46.81862
 -44.46326 -44.46372 -44.46437 -44.46589 -44.46754
 -42.43073 -42.43130 -42.43213 -42.43403 -42.43609
 -40.67894 -40.67957 -40.68047 -40.68126 -40.68476
 -39.16950 -39.17012 -39.17101 -39.17179 -39.17525
 -37.86673 -37.86731 -37.86814 -37.86887 -37.87209
 -36.74225 -36.74277 -36.74352 -36.74417 -36.74705
 -35.77028 -35.77054 -35.77138 -35.77195 -35.77286
 -34.93000 -34.93029 -34.93101 -34.93150 -34.93228
 -34.20145 -34.20170 -34.20203 -34.20272 -34.20338
 -33.56888 -33.56909 -33.56937 -33.56995 -33.57050
 -33.01749 -33.01766 -33.01790 -33.01838 -33.01883
 -32.53576 -32.53590 -32.53610 -32.53650 -32.53688
 -32.11370 -32.11382 -32.11398 -32.11431 -32.11462
 -31.74335 -31.74345 -31.74358 -31.74385 -31.74411
 -31.41807 -31.41815 -31.41826 -31.41848 -31.41869
 -31.13206 -31.13211 -31.13223 -31.13241 -31.13258
 -30.88047 -30.88051 -30.88061 -30.88075 -30.88089
 -30.65868 -30.65872 -30.65879 -30.65891 -30.65902
 -30.46309 -30.46312 -30.46318 -30.46322 -30.46337
 -30.29075 -30.29078 -30.29083 -30.29086 -30.29098
 -30.13879 -30.13880 -30.13883 -30.13887 -30.13896
 -30.00502 -30.00504 -30.00506 -30.00509 -30.00517
 -29.88773 -29.88774 -29.88776 -29.88779 -29.88785
 -29.78532 -29.78533 -29.78534 -29.78537 -29.78542
 -29.69691 -29.69692 -29.69693 -29.69695 -29.69699
 -29.62090 -29.62090 -29.62091 -29.62093 -29.62096
 -29.55712 -29.55712 -29.55713 -29.55714 -29.55715
 -29.50414 -29.50414 -29.50415 -29.50416 -29.50417
 -29.46186 -29.46186 -29.46186 -29.46187 -29.46188
 -29.42910 -29.42910 -29.42910 -29.42911 -29.42911
 -29.40554 -29.40555 -29.40555 -29.40556 -29.40556
 -29.39050 -29.39050 -29.39050 -29.39051 -29.39051
 -29.38324 -29.38324 -29.38324 -29.38324 -29.38325
 -29.38302 -29.38302 -29.38302 -29.38302 -29.38302
 -29.38904 -29.38904 -29.38904 -29.38904 -29.38905
 -29.40045 -29.40045 -29.40045 -29.40045 -29.40045
 -29.41657 -29.41657 -29.41658 -29.41658 -29.41658
 -29.43672 -29.43672 -29.43672 -29.43672 -29.43672
 -29.46034 -29.46034 -29.46034 -29.46034 -29.46034
================================================================================
 -60.00000 -60.00000 -60.00000 -60.00000 -60.00000
 -60.00000 -60.00000 -60.00000 -60.00000 -60.00000
 -60.00000 -60.00000 -60.00000 -60.00000 -60.00000
 -60.00000 -60.00000 -60.00000 -60.00000 -60.00000
 -60.00000 -60.00000 -60.00000 -60.00000 -60.00000
 -60.00000 -60.00000 -60.00000 -60.00000 -60.00000
 -59.93628 -59.93628 -59.93628 -59.93628 -59.93629
 -55.83801 -55.83802 -55.83803 -55.83805 -55.83809
 -52.24274 -52.24281 -52.24287 -52.24299 -52.24329
 -49.07059 -49.07072 -49.07099 -49.07138 -49.07233
 -46.29889 -46.29913 -46.29966 -46.30043 -46.30225
 -43.91380 -43.91416 -43.91493 -43.91605 -43.91705
 -41.87690 -41.87735 -41.87831 -41.87970 -41.88094
 -40.13811 -40.13873 -40.13981 -40.14137 -40.14276
 -38.64931 -38.64997 -38.65109 -38.65272 -38.65417
 -37.36928 -37.36992 -37.37103 -37.37264 -37.37407
 -36.26635 -36.26696 -36.26756 -36.26953 -36.27088
 -35.31297 -35.31334 -35.31408 -35.31506 -35.31711
 -34.48906 -34.48939 -34.49005 -34.49093 -34.49276
 -33.77313 -33.77349 -33.77407 -33.77485 -33.77645
 -33.15096 -33.15127 -33.15177 -33.15245 -33.15384
 -32.60777 -32.60804 -32.60847 -32.60905 -32.61024
 -32.13262 -32.13284 -32.13321 -32.13371 -32.13472
 -31.71582 -31.71601 -31.71633 -31.71674 -31.71760
 -31.34989 -31.35003 -31.35034 -31.35070 -31.35142
 -31.02845 -31.02856 -31.02873 -31.02911 -31.02972
 -30.74540 -30.74550 -30.74564 -30.74596 -30.74647
 -30.49645 -30.49653 -30.49665 -30.49691 -30.49732
 -30.27670 -30.27677 -30.27686 -30.27708 -30.27722
 -30.08278 -30.08284 -30.08292 -30.08302 -30.08322
 -29.91166 -29.91171 -29.91178 -29.91187 -29.91203
 -29.76078 -29.76081 -29.76087 -29.76094 -29.76107
 -29.62761 -29.62763 -29.62769 -29.62774 -29.62785
 -29.51076 -29.51078 -29.51082 -29.51086 -29.51095
 -29.40881 -29.40883 -29.40885 -29.40890 -29.40897
 -29.32082 -29.32084 -29.32086 -29.32090 -29.32096
 -29.24597 -29.24599 -29.24600 -29.24603 -29.24608
 -29.18350 -29.18350 -29.18352 -29.18355 -29.18359
 -29.13252 -29.13253 -29.13254 -29.13256 -29.13259
 -29.09235 -29.09236 -29.09237 -29.09239 -29.09241
 -29.06187 -29.06187 -29.06188 -29.06189 -29.06191
 -29.04037 -29.04037 -29.04038 -29.04039 -29.04041
 -29.02699 -29.02699 -29.02699 -29.02700 -29.02701
 -29.02089 -29.02089 -29.02089 -29.02090 -29.02091
 -29.02142 -29.02142 -29.02143 -29.02143 -29.02144
 -29.02770 -29.02770 -29.02770 -29.02770 -29.02771
 -29.03937 -29.03937 -29.03937 -29.03937 -29.03938
 -29.05569 -29.05569 -29.05569 -29.05570 -29.05570
 -29.07614 -29.07614 -29.07615 -29.07615 -29.07615
 -29.10014 -29.10014 -29.10014 -29.10014 -29.10014
================================================================================
 -60.00000 -60.00000 -60.00000 -60.00000 -60.00000
 -60.00000 -60.00000 -60.00000 -60.00000 -60.00000
 -60.00000 -60.00000 -60.00000 -60.00000 -60.00000
 -59.99965 -59.99966 -59.99968 -59.99970 -59.99975
 -59.92100 -59.92293 -59.92641 -59.93229 -59.94135
 -58.71401 -58.72485 -58.74497 -58.78109 -58.84246
 -57.12753 -57.13865 -57.15934 -57.19669 -57.26076
 -55.35380 -55.35755 -55.36436 -55.37615 -55.39489
 -51.81577 -51.81582 -51.81591 -51.81609 -51.81640
 -48.52111 -48.52121 -48.52136 -48.52171 -48.52194
 -45.69182 -45.69199 -45.69225 -45.69284 -45.69323
 -43.29789 -43.29817 -43.29854 -43.29901 -43.29993
 -41.27741 -41.27777 -41.27825 -41.27885 -41.28004
 -39.56682 -39.56713 -39.56783 -39.56855 -39.56997
 -38.11161 -38.11196 -38.11274 -38.11357 -38.11516
 -36.86667 -36.86705 -36.86761 -36.86878 -36.87048
 -35.79789 -35.79834 -35.79891 -35.80011 -35.80186
 -34.87651 -34.87695 -34.87752 -34.87871 -34.88042
 -34.08051 -34.08094 -34.08147 -34.08261 -34.08425
 -33.38893 -33.38922 -33.38983 -33.39089 -33.39241
 -32.78629 -32.78655 -32.78712 -32.78808 -32.78947
 -32.26055 -32.26079 -32.26130 -32.26216 -32.26341
 -31.79891 -31.79912 -31.79957 -31.80000 -31.80144
 -31.39428 -31.39446 -31.39472 -31.39524 -31.39592
 -31.03751 -31.03767 -31.03790 -31.03835 -31.03894
 -30.72456 -30.72465 -30.72489 -30.72527 -30.72578
 -30.44770 -30.44779 -30.44799 -30.44832 -30.44875
 -30.20476 -30.20482 -30.20499 -30.20527 -30.20564
 -29.98946 -29.98952 -29.98966 -29.98990 -29.99021
 -29.79953 -29.79958 -29.79970 -29.79990 -29.80016
 -29.63155 -29.63158 -29.63166 -29.63186 -29.63208
 -29.48350 -29.48352 -29.48359 -29.48370 -29.48394
 -29.35252 -29.35254 -29.35260 -29.35269 -29.35289
 -29.23778 -29.23780 -29.23784 -29.23792 -29.23808
 -29.13727 -29.13729 -29.13732 -29.13738 -29.13752
 -29.05032 -29.05032 -29.05036 -29.05041 -29.05047
 -28.97615 -28.97615 -28.97619 -28.97623 -28.97628
 -28.91429 -28.91430 -28.91432 -28.91436 -28.91440
 -28.86396 -28.86396 -28.86398 -28.86401 -28.86404
 -28.82441 -28.82441 -28.82443 -28.82445 -28.82448
 -28.79496 -28.79496 -28.79498 -28.79499 -28.79502
 -28.77476 -28.77476 -28.77477 -28.77478 -28.77481
 -28.76304 -28.76304 -28.76305 -28.76306 -28.76308
 -28.75869 -28.75869 -28.75870 -28.75871 -28.75872
 -28.76085 -28.76085 -28.76086 -28.76086 -28.76088
 -28.76877 -28.76877 -28.76877 -28.76878 -28.76879
 -28.78153 -28.78153 -28.78154 -28.78154 -28.78155
 -28.79872 -28.79872 -28.79872 -28.79872 -28.79873
 -28.81946 -28.81946 -28.81946 -28.81946 -28.81947
 -28.84365 -28.84365 -28.84365 -28.84366 -28.84366
================================================================================
 -60.00000 -60.00000 -60.00000 -60.00000 -60.00000
 -60.00000 -60.00000 -60.00000 -60.00000 -60.00000
 -60.00000 -60.00000 -60.00000 -60.00000 -60.00000
 -59.99999 -60.00000 -60.00000 -60.00000 -60.00000
 -59.87680 -59.87683 -59.87689 -59.87700 -59.87719
 -55.46687 -55.46687 -55.46687 -55.46687 -55.46687
 -51.29984 -51.29984 -51.29984 -51.29984 -51.29984
 -47.84379 -47.84379 -47.84379 -47.84379 -47.84379
 -44.97459 -44.97459 -44.97459 -44.97459 -44.97459
 -42.58881 -42.58881 -42.58881 -42.58881 -42.58881
 -40.60044 -40.60044 -40.60044 -40.60044 -40.60044
 -38.93763 -38.93763 -38.93763 -38.93763 -38.93763
 -37.54034 -37.54034 -37.54034 -37.54034 -37.54034
 -36.35891 -36.35891 -36.35891 -36.35891 -36.35891
 -35.35382 -35.35382 -35.35383 -35.35383 -35.35384
 -34.49350 -34.49350 -34.49351 -34.49352 -34.49353
 -33.75521 -33.75522 -33.75523 -33.75525 -33.75528
 -33.11851 -33.11852 -33.11854 -33.11857 -33.11864
 -32.56912 -32.56913 -32.56916 -32.56921 -32.56933
 -32.08882 -32.08884 -32.08889 -32.08897 -32.08915
 -31.66760 -31.66762 -31.66769 -31.66780 -31.66805
 -31.29606 -31.29607 -31.29618 -31.29632 -31.29650
 -30.96421 -30.96422 -30.96435 -30.96452 -30.96473
 -30.66879 -30.66881 -30.66891 -30.66914 -30.66938
 -30.40229 -30.40231 -30.40242 -30.40267 -30.40293
 -30.16607 -30.16609 -30.16620 -30.16646 -30.16672
 -29.95084 -29.95084 -29.95097 -29.95114 -29.95149
 -29.76076 -29.76076 -29.76088 -29.76104 -29.76137
 -29.58696 -29.58696 -29.58707 -29.58722 -29.58753
 -29.43115 -29.43115 -29.43123 -29.43140 -29.43169
 -29.29123 -29.29123 -29.29130 -29.29145 -29.29171
 -29.16750 -29.16750 -29.16756 -29.16769 -29.16792
 -29.05583 -29.05583 -29.05588 -29.05600 -29.05611
 -28.95796 -28.95796 -28.95801 -28.95808 -28.95821
 -28.87024 -28.87024 -28.87028 -28.87034 -28.87045
 -28.79375 -28.79375 -28.79377 -28.79383 -28.79393
 -28.72843 -28.72843 -28.72845 -28.72850 -28.72858
 -28.67398 -28.67398 -28.67400 -28.67404 -28.67411
 -28.62972 -28.62972 -28.62973 -28.62977 -28.62982
 -28.59502 -28.59502 -28.59503 -28.59506 -28.59511
 -28.56960 -28.56960 -28.56961 -28.56963 -28.56967
 -28.55273 -28.55273 -28.55274 -28.55276 -28.55278
 -28.54392 -28.54392 -28.54393 -28.54394 -28.54396
 -28.54236 -28.54236 -28.54236 -28.54238 -28.54239
 -28.54726 -28.54726 -28.54726 -28.54727 -28.54728
 -28.55795 -28.55795 -28.55795 -28.55796 -28.55797
 -28.57303 -28.57303 -28.57304 -28.57304 -28.57305
 -28.59260 -28.59260 -28.59260 -28.59261 -28.59262
 -28.61511 -28.61511 -28.61511 -28.61511 -28.61512
 -28.64098 -28.64098 -28.64098 -28.64099 -28.64099
================================================================================
 -60.00000 -60.00000 -60.00000 -60.00000 -60.00000
 -60.00000 -60.00000 -60.00000 -60.00000 -60.00000
 -60.00000 -60.00000 -60.00000 -60.00000 -60.00000
 -59.97935 -59.97935 -59.97935 -59.97935 -59.97935
 -56.07484 -56.07484 -56.07484 -56.07484 -56.07484
 -51.73508 -51.73508 -51.73508 -51.73508 -51.73508
 -48.13788 -48.13788 -48.13788 -48.13788 -48.13788
 -45.15403 -45.15403 -45.15403 -45.15403 -45.15403
 -42.67611 -42.67611 -42.67611 -42.67611 -42.67611
 -40.61455 -40.61455 -40.61455 -40.61455 -40.61455
 -38.89484 -38.89484 -38.89484 -38.89484 -38.89484
 -37.45465 -37.45465 -37.45465 -37.45465 -37.45465
 -36.24188 -36.24188 -36.24188 -36.24188 -36.24188
 -35.21348 -35.21348 -35.21349 -35.21349 -35.21349
 -34.33555 -34.33555 -34.33555 -34.33555 -34.33555
 -33.58124 -33.58124 -33.58124 -33.58124 -33.58125
 -32.93188 -32.93188 -32.93188 -32.93189 -32.93189
 -32.37049 -32.37049 -32.37050 -32.37051 -32.37053
 -31.88580 -31.88580 -31.88581 -31.88583 -31.88587
 -31.46199 -31.46199 -31.46200 -31.46204 -31.46211
 -31.09101 -31.09101 -31.09103 -31.09109 -31.09115
 -30.76494 -30.76494 -30.76498 -30.76507 -30.76515
 -30.47461 -30.47461 -30.47466 -30.47474 -30.47488
 -30.21743 -30.21743 -30.21748 -30.21759 -30.21777
 -29.98571 -29.98571 -29.98576 -29.98589 -29.98610
 -29.78184 -29.78184 -29.78189 -29.78204 -29.78227
 -29.59520 -29.59520 -29.59526 -29.59542 -29.59567
 -29.43173 -29.43173 -29.43179 -29.43195 -29.43220
 -29.28062 -29.28062 -29.28069 -29.28084 -29.28109
 -29.14484 -29.14484 -29.14487 -29.14500 -29.14529
 -29.02210 -29.02210 -29.02214 -29.02225 -29.02243
 -28.91404 -28.91404 -28.91407 -28.91418 -28.91434
 -28.81535 -28.81535 -28.81538 -28.81547 -28.81562
 -28.72940 -28.72940 -28.72942 -28.72951 -28.72964
 -28.65117 -28.65117 -28.65118 -28.65126 -28.65138
 -28.58267 -28.58267 -28.58268 -28.58276 -28.58286
 -28.52408 -28.52408 -28.52409 -28.52414 -28.52425
 -28.47560 -28.47560 -28.47561 -28.47565 -28.47574
 -28.43656 -28.43656 -28.43657 -28.43660 -28.43665
 -28.40617 -28.40617 -28.40617 -28.40620 -28.40625
 -28.38410 -28.38410 -28.38410 -28.38413 -28.38417
 -28.37001 -28.37001 -28.37001 -28.37004 -28.37007
 -28.36352 -28.36352 -28.36352 -28.36353 -28.36356
 -28.36389 -28.36389 -28.36389 -28.36390 -28.36393
 -28.37059 -28.37059 -28.37059 -28.37060 -28.37063
 -28.38286 -28.38286 -28.38286 -28.38286 -28.38288
 -28.39996 -28.39996 -28.39996 -28.39997 -28.39998
 -28.42128 -28.42128 -28.42128 -28.42128 -28.42129
 -28.44563 -28.44563 -28.44563 -28.44563 -28.44564
 -28.47312 -28.47312 -28.47312 -28.47312 -28.47313
