   36    5   30    1   36     /KRYPTON            /ABELS-VAN MAANEN 1985   ADF1
================================================================================
  11.00000  12.00000  13.00000  14.00000  15.00000
   0.00000   0.16203   0.32407   0.48610   0.64813   0.81017   0.97220   1.13423
   1.29627   1.45830   1.62033   1.78237   1.94440   2.10643   2.26847   2.43050
   2.59254   2.75457   2.91660   3.07864   3.24067   3.40270   3.56474   3.72677
   3.88880   4.05084   4.21287   4.37490   4.53694   4.69897
 --------------------/ IPRT= 1  / IGRD= 1  /PRB CALC/ Z1= 1   / DATE= 13.05.98  
 -40.00000 -40.00000 -40.00000 -40.00000 -40.00000
 -40.00000 -40.00000 -40.00000 -40.00000 -40.00000
 -40.00000 -40.00000 -40.00000 -40.00000 -40.00000
 -40.00000 -40.00000 -40.00000 -40.00000 -40.00000
 -40.00000 -40.00000 -40.00000 -40.00000 -40.00000
 -40.00000 -40.00000 -40.00000 -40.00000 -40.00000
 -40.00000 -40.00000 -40.00000 -40.00000 -40.00000
 -40.00000 -40.00000 -40.00000 -40.00000 -40.00000
 -40.00000 -40.00000 -40.00000 -40.00000 -40.00000
 -40.00000 -40.00000 -40.00000 -40.00000 -40.00000
 -40.00000 -40.00000 -40.00000 -40.00000 -40.00000
 -40.00000 -40.00000 -40.00000 -40.00000 -40.00000
 -38.23254 -38.23298 -38.23339 -38.23413 -38.23413
 -36.21695 -36.21727 -36.21756 -36.21808 -36.21807
 -34.70309 -34.70331 -34.70352 -34.70388 -34.70389
 -33.55568 -33.55584 -33.55599 -33.55625 -33.55624
 -32.67760 -32.67772 -32.67781 -32.67799 -32.67800
 -32.00056 -32.00060 -32.00073 -32.00086 -32.00086
 -31.47525 -31.47529 -31.47536 -31.47546 -31.47546
 -31.06642 -31.06645 -31.06651 -31.06657 -31.06657
 -30.74736 -30.74737 -30.74741 -30.74745 -30.74745
 -30.49818 -30.49819 -30.49821 -30.49825 -30.49825
 -30.30742 -30.30743 -30.30745 -30.30748 -30.30747
 -30.16757 -30.16758 -30.16758 -30.16759 -30.16761
 -30.07174 -30.07174 -30.07175 -30.07176 -30.07177
 -30.01386 -30.01386 -30.01386 -30.01387 -30.01388
 -29.98802 -29.98803 -29.98803 -29.98803 -29.98804
 -29.98880 -29.98880 -29.98881 -29.98880 -29.98881
 -30.01077 -30.01077 -30.01077 -30.01078 -30.01078
 -30.04920 -30.04921 -30.04921 -30.04921 -30.04921
 --------------------/ IPRT= 1  / IGRD= 1  /PRB CALC/ Z1= 2   / DATE= 13.05.98  
 -40.00000 -40.00000 -40.00000 -40.00000 -40.00000
 -40.00000 -40.00000 -40.00000 -40.00000 -40.00000
 -40.00000 -40.00000 -40.00000 -40.00000 -40.00000
 -40.00000 -40.00000 -40.00000 -40.00000 -40.00000
 -40.00000 -40.00000 -40.00000 -40.00000 -40.00000
 -40.00000 -40.00000 -40.00000 -40.00000 -40.00000
 -40.00000 -40.00000 -40.00000 -40.00000 -40.00000
 -40.00000 -40.00000 -40.00000 -40.00000 -40.00000
 -40.00000 -40.00000 -40.00000 -40.00000 -40.00000
 -40.00000 -40.00000 -40.00000 -40.00000 -40.00000
 -40.00000 -40.00000 -40.00000 -40.00000 -40.00000
 -40.00000 -40.00000 -40.00000 -40.00000 -40.00000
 -37.59708 -37.59789 -37.59899 -37.59998 -37.60455
 -35.58441 -35.58472 -35.58575 -35.58647 -35.58751
 -34.06802 -34.06834 -34.06870 -34.06956 -34.07039
 -32.91775 -32.91796 -32.91824 -32.91882 -32.91939
 -32.03753 -32.03768 -32.03787 -32.03828 -32.03867
 -31.36083 -31.36095 -31.36108 -31.36138 -31.36164
 -30.83792 -30.83797 -30.83810 -30.83831 -30.83851
 -30.43166 -30.43171 -30.43180 -30.43187 -30.43208
 -30.11499 -30.11503 -30.11506 -30.11514 -30.11529
 -29.86870 -29.86873 -29.86875 -29.86880 -29.86891
 -29.68026 -29.68028 -29.68030 -29.68033 -29.68041
 -29.54305 -29.54306 -29.54309 -29.54311 -29.54313
 -29.45033 -29.45034 -29.45035 -29.45037 -29.45038
 -29.39517 -29.39516 -29.39518 -29.39519 -29.39520
 -29.37200 -29.37200 -29.37199 -29.37201 -29.37202
 -29.37492 -29.37492 -29.37493 -29.37493 -29.37495
 -29.39830 -29.39830 -29.39830 -29.39830 -29.39831
 -29.43768 -29.43768 -29.43768 -29.43769 -29.43769
 --------------------/ IPRT= 1  / IGRD= 1  /PRB CALC/ Z1= 3   / DATE= 13.05.98  
 -40.00000 -40.00000 -40.00000 -40.00000 -40.00000
 -40.00000 -40.00000 -40.00000 -40.00000 -40.00000
 -40.00000 -40.00000 -40.00000 -40.00000 -40.00000
 -40.00000 -40.00000 -40.00000 -40.00000 -40.00000
 -40.00000 -40.00000 -40.00000 -40.00000 -40.00000
 -40.00000 -40.00000 -40.00000 -40.00000 -40.00000
 -40.00000 -40.00000 -40.00000 -40.00000 -40.00000
 -40.00000 -40.00000 -40.00000 -40.00000 -40.00000
 -40.00000 -40.00000 -40.00000 -40.00000 -40.00000
 -40.00000 -40.00000 -40.00000 -40.00000 -40.00000
 -40.00000 -40.00000 -40.00000 -40.00000 -40.00000
 -39.86012 -39.86142 -39.86360 -39.86676 -39.86960
 -37.20873 -37.20972 -37.21105 -37.21380 -37.21582
 -35.20791 -35.20836 -35.20930 -35.21046 -35.21305
 -33.69823 -33.69865 -33.69929 -33.70019 -33.70198
 -32.55103 -32.55133 -32.55178 -32.55240 -32.55368
 -31.67047 -31.67067 -31.67099 -31.67143 -31.67232
 -30.99044 -30.99055 -30.99078 -30.99114 -30.99176
 -30.46428 -30.46437 -30.46450 -30.46477 -30.46517
 -30.05700 -30.05707 -30.05716 -30.05729 -30.05747
 -29.74111 -29.74113 -29.74122 -29.74129 -29.74144
 -29.49569 -29.49572 -29.49577 -29.49582 -29.49593
 -29.30929 -29.30931 -29.30933 -29.30939 -29.30946
 -29.17381 -29.17381 -29.17383 -29.17387 -29.17393
 -29.08183 -29.08184 -29.08185 -29.08188 -29.08191
 -29.02831 -29.02832 -29.02833 -29.02834 -29.02837
 -29.00710 -29.00711 -29.00711 -29.00712 -29.00714
 -29.01138 -29.01138 -29.01138 -29.01139 -29.01140
 -29.03644 -29.03643 -29.03644 -29.03645 -29.03645
 -29.07763 -29.07763 -29.07763 -29.07764 -29.07764
 --------------------/ IPRT= 1  / IGRD= 1  /PRB CALC/ Z1= 4   / DATE= 13.05.98  
 -40.00000 -40.00000 -40.00000 -40.00000 -40.00000
 -40.00000 -40.00000 -40.00000 -40.00000 -40.00000
 -40.00000 -40.00000 -40.00000 -40.00000 -40.00000
 -40.00000 -40.00000 -40.00000 -40.00000 -40.00000
 -40.00000 -40.00000 -40.00000 -40.00000 -40.00000
 -40.00000 -40.00000 -40.00000 -40.00000 -40.00000
 -40.00000 -40.00000 -40.00000 -40.00000 -40.00000
 -40.00000 -40.00000 -40.00000 -40.00000 -40.00000
 -40.00000 -40.00000 -40.00000 -40.00000 -40.00000
 -40.00000 -40.00000 -40.00000 -40.00000 -40.00000
 -40.00000 -40.00000 -40.00000 -40.00000 -40.00000
 -39.51396 -39.51498 -39.51724 -39.51965 -39.52418
 -36.90481 -36.90570 -36.90732 -36.90955 -36.91334
 -34.92605 -34.92679 -34.92774 -34.92973 -34.93263
 -33.42758 -33.42796 -33.42882 -33.43026 -33.43238
 -32.28634 -32.28669 -32.28731 -32.28822 -32.28989
 -31.40939 -31.40962 -31.40991 -31.41047 -31.41126
 -30.73104 -30.73118 -30.73144 -30.73183 -30.73238
 -30.20392 -30.20403 -30.20419 -30.20447 -30.20484
 -29.79409 -29.79417 -29.79430 -29.79449 -29.79474
 -29.47537 -29.47540 -29.47547 -29.47562 -29.47582
 -29.23008 -29.23011 -29.23016 -29.23024 -29.23041
 -29.04400 -29.04402 -29.04405 -29.04410 -29.04419
 -28.90915 -28.90918 -28.90919 -28.90924 -28.90929
 -28.81900 -28.81900 -28.81901 -28.81905 -28.81908
 -28.76653 -28.76653 -28.76654 -28.76656 -28.76659
 -28.74554 -28.74554 -28.74555 -28.74556 -28.74558
 -28.75137 -28.75138 -28.75138 -28.75138 -28.75140
 -28.77775 -28.77775 -28.77776 -28.77777 -28.77777
 -28.81973 -28.81973 -28.81974 -28.81974 -28.81974
 --------------------/ IPRT= 1  / IGRD= 1  /PRB CALC/ Z1= 5   / DATE= 13.05.98  
 -40.00000 -40.00000 -40.00000 -40.00000 -40.00000
 -40.00000 -40.00000 -40.00000 -40.00000 -40.00000
 -40.00000 -40.00000 -40.00000 -40.00000 -40.00000
 -40.00000 -40.00000 -40.00000 -40.00000 -40.00000
 -40.00000 -40.00000 -40.00000 -40.00000 -40.00000
 -40.00000 -40.00000 -40.00000 -40.00000 -40.00000
 -40.00000 -40.00000 -40.00000 -40.00000 -40.00000
 -40.00000 -40.00000 -40.00000 -40.00000 -40.00000
 -40.00000 -40.00000 -40.00000 -40.00000 -40.00000
 -40.00000 -40.00000 -40.00000 -40.00000 -40.00000
 -40.00000 -40.00000 -40.00000 -40.00000 -40.00000
 -39.22622 -39.22731 -39.22918 -39.23225 -39.23639
 -36.65634 -36.65737 -36.65893 -36.66204 -36.66570
 -34.70111 -34.70180 -34.70293 -34.70462 -34.70863
 -33.21553 -33.21613 -33.21697 -33.21831 -33.22137
 -32.08026 -32.08057 -32.08131 -32.08225 -32.08334
 -31.20660 -31.20687 -31.20724 -31.20806 -31.20892
 -30.52999 -30.53015 -30.53044 -30.53090 -30.53161
 -30.00416 -30.00425 -30.00447 -30.00474 -30.00529
 -29.59355 -29.59361 -29.59373 -29.59394 -29.59434
 -29.27307 -29.27310 -29.27319 -29.27335 -29.27358
 -29.02481 -29.02484 -29.02490 -29.02497 -29.02512
 -28.83818 -28.83819 -28.83823 -28.83829 -28.83840
 -28.70348 -28.70348 -28.70351 -28.70355 -28.70363
 -28.61357 -28.61359 -28.61361 -28.61364 -28.61369
 -28.56215 -28.56215 -28.56216 -28.56218 -28.56222
 -28.54250 -28.54250 -28.54251 -28.54252 -28.54254
 -28.54836 -28.54835 -28.54836 -28.54838 -28.54839
 -28.57557 -28.57557 -28.57557 -28.57558 -28.57559
 -28.61887 -28.61887 -28.61887 -28.61888 -28.61888
 --------------------/ IPRT= 1  / IGRD= 1  /PRB CALC/ Z1= 6   / DATE= 13.05.98  
 -40.00000 -40.00000 -40.00000 -40.00000 -40.00000
 -40.00000 -40.00000 -40.00000 -40.00000 -40.00000
 -40.00000 -40.00000 -40.00000 -40.00000 -40.00000
 -40.00000 -40.00000 -40.00000 -40.00000 -40.00000
 -40.00000 -40.00000 -40.00000 -40.00000 -40.00000
 -40.00000 -40.00000 -40.00000 -40.00000 -40.00000
 -40.00000 -40.00000 -40.00000 -40.00000 -40.00000
 -40.00000 -40.00000 -40.00000 -40.00000 -40.00000
 -40.00000 -40.00000 -40.00000 -40.00000 -40.00000
 -40.00000 -40.00000 -40.00000 -40.00000 -40.00000
 -40.00000 -40.00000 -40.00000 -40.00000 -40.00000
 -38.95149 -38.95252 -38.95392 -38.95615 -38.96048
 -36.42759 -36.42835 -36.43008 -36.43218 -36.43669
 -34.50147 -34.50215 -34.50317 -34.50542 -34.50930
 -33.03340 -33.03383 -33.03476 -33.03649 -33.03965
 -31.90803 -31.90833 -31.90904 -31.91022 -31.91148
 -31.03873 -31.03888 -31.03933 -31.04006 -31.04131
 -30.36461 -30.36472 -30.36504 -30.36556 -30.36644
 -29.83998 -29.84006 -29.84028 -29.84066 -29.84128
 -29.43047 -29.43050 -29.43064 -29.43087 -29.43122
 -29.10941 -29.10942 -29.10953 -29.10968 -29.10991
 -28.85977 -28.85978 -28.85986 -28.85996 -28.86013
 -28.67062 -28.67062 -28.67066 -28.67073 -28.67087
 -28.53523 -28.53522 -28.53525 -28.53530 -28.53539
 -28.44550 -28.44551 -28.44553 -28.44556 -28.44561
 -28.39429 -28.39429 -28.39429 -28.39432 -28.39435
 -28.37537 -28.37537 -28.37538 -28.37539 -28.37542
 -28.38246 -28.38246 -28.38246 -28.38247 -28.38249
 -28.40969 -28.40969 -28.40970 -28.40971 -28.40972
 -28.45355 -28.45355 -28.45355 -28.45356 -28.45357
 --------------------/ IPRT= 1  / IGRD= 1  /PRB CALC/ Z1= 7   / DATE= 13.05.98  
 -40.00000 -40.00000 -40.00000 -40.00000 -40.00000
 -40.00000 -40.00000 -40.00000 -40.00000 -40.00000
 -40.00000 -40.00000 -40.00000 -40.00000 -40.00000
 -40.00000 -40.00000 -40.00000 -40.00000 -40.00000
 -40.00000 -40.00000 -40.00000 -40.00000 -40.00000
 -40.00000 -40.00000 -40.00000 -40.00000 -40.00000
 -40.00000 -40.00000 -40.00000 -40.00000 -40.00000
 -40.00000 -40.00000 -40.00000 -40.00000 -40.00000
 -40.00000 -40.00000 -40.00000 -40.00000 -40.00000
 -40.00000 -40.00000 -40.00000 -40.00000 -40.00000
 -40.00000 -40.00000 -40.00000 -40.00000 -40.00000
 -38.54330 -38.54358 -38.54444 -38.54587 -38.54836
 -36.12637 -36.12674 -36.12785 -36.12979 -36.13301
 -34.26920 -34.26956 -34.27071 -34.27269 -34.27594
 -32.84247 -32.84267 -32.84360 -32.84509 -32.84745
 -31.74096 -31.74111 -31.74180 -31.74291 -31.74463
 -30.88503 -30.88508 -30.88564 -30.88645 -30.88770
 -30.21749 -30.21751 -30.21783 -30.21842 -30.21941
 -29.69682 -29.69682 -29.69707 -29.69742 -29.69815
 -29.28948 -29.28948 -29.28961 -29.28989 -29.29024
 -28.97003 -28.97003 -28.97014 -28.97031 -28.97058
 -28.72022 -28.72022 -28.72029 -28.72039 -28.72060
 -28.53020 -28.53020 -28.53023 -28.53032 -28.53047
 -28.39289 -28.39288 -28.39291 -28.39297 -28.39303
 -28.30309 -28.30308 -28.30310 -28.30312 -28.30319
 -28.25193 -28.25193 -28.25194 -28.25196 -28.25200
 -28.23332 -28.23332 -28.23332 -28.23334 -28.23337
 -28.24117 -28.24117 -28.24118 -28.24119 -28.24120
 -28.26938 -28.26938 -28.26937 -28.26938 -28.26940
 -28.31324 -28.31324 -28.31324 -28.31324 -28.31325
 --------------------/ IPRT= 1  / IGRD= 1  /PRB CALC/ Z1= 8   / DATE= 13.05.98  
 -40.00000 -40.00000 -40.00000 -40.00000 -40.00000
 -40.00000 -40.00000 -40.00000 -40.00000 -40.00000
 -40.00000 -40.00000 -40.00000 -40.00000 -40.00000
 -40.00000 -40.00000 -40.00000 -40.00000 -40.00000
 -40.00000 -40.00000 -40.00000 -40.00000 -40.00000
 -40.00000 -40.00000 -40.00000 -40.00000 -40.00000
 -40.00000 -40.00000 -40.00000 -40.00000 -40.00000
 -40.00000 -40.00000 -40.00000 -40.00000 -40.00000
 -40.00000 -40.00000 -40.00000 -40.00000 -40.00000
 -40.00000 -40.00000 -40.00000 -40.00000 -40.00000
 -40.00000 -40.00000 -40.00000 -40.00000 -40.00000
 -38.30424 -38.30434 -38.30514 -38.30637 -38.30828
 -35.92830 -35.92844 -35.92947 -35.93139 -35.93409
 -34.10036 -34.10036 -34.10147 -34.10302 -34.10663
 -32.69412 -32.69412 -32.69515 -32.69656 -32.69899
 -31.60590 -31.60590 -31.60650 -31.60788 -31.60959
 -30.75802 -30.75802 -30.75850 -30.75924 -30.76078
 -30.09467 -30.09467 -30.09496 -30.09555 -30.09666
 -29.57579 -29.57579 -29.57597 -29.57641 -29.57718
 -29.16946 -29.16946 -29.16955 -29.16982 -29.17026
 -28.85058 -28.85058 -28.85064 -28.85083 -28.85115
 -28.60116 -28.60116 -28.60121 -28.60134 -28.60157
 -28.41024 -28.41024 -28.41026 -28.41036 -28.41049
 -28.27166 -28.27166 -28.27168 -28.27172 -28.27183
 -28.17986 -28.17986 -28.17987 -28.17991 -28.17997
 -28.12895 -28.12894 -28.12894 -28.12897 -28.12902
 -28.11028 -28.11028 -28.11028 -28.11030 -28.11033
 -28.11828 -28.11828 -28.11828 -28.11829 -28.11831
 -28.14737 -28.14737 -28.14736 -28.14737 -28.14738
 -28.19186 -28.19186 -28.19186 -28.19186 -28.19187
 --------------------/ IPRT= 1  / IGRD= 1  /PRB CALC/ Z1= 9   / DATE= 13.05.98  
 -40.00000 -40.00000 -40.00000 -40.00000 -40.00000
 -40.00000 -40.00000 -40.00000 -40.00000 -40.00000
 -40.00000 -40.00000 -40.00000 -40.00000 -40.00000
 -40.00000 -40.00000 -40.00000 -40.00000 -40.00000
 -40.00000 -40.00000 -40.00000 -40.00000 -40.00000
 -40.00000 -40.00000 -40.00000 -40.00000 -40.00000
 -40.00000 -40.00000 -40.00000 -40.00000 -40.00000
 -40.00000 -40.00000 -40.00000 -40.00000 -40.00000
 -40.00000 -40.00000 -40.00000 -40.00000 -40.00000
 -40.00000 -40.00000 -40.00000 -40.00000 -40.00000
 -40.00000 -40.00000 -40.00000 -40.00000 -40.00000
 -38.16809 -38.16809 -38.16864 -38.17000 -38.17182
 -35.86888 -35.86889 -35.86985 -35.87189 -35.87526
 -34.04243 -34.04242 -34.04312 -34.04532 -34.04934
 -32.62317 -32.62317 -32.62379 -32.62569 -32.62932
 -31.52459 -31.52459 -31.52504 -31.52648 -31.52830
 -30.66997 -30.66997 -30.67020 -30.67115 -30.67281
 -30.00236 -30.00236 -30.00247 -30.00321 -30.00439
 -29.47957 -29.47957 -29.47963 -29.48003 -29.48098
 -29.07071 -29.07071 -29.07075 -29.07105 -29.07151
 -28.74992 -28.74991 -28.74991 -28.75015 -28.75048
 -28.49947 -28.49948 -28.49948 -28.49960 -28.49987
 -28.30735 -28.30735 -28.30735 -28.30743 -28.30756
 -28.16716 -28.16716 -28.16716 -28.16722 -28.16732
 -28.07343 -28.07343 -28.07343 -28.07346 -28.07354
 -28.02100 -28.02100 -28.02099 -28.02101 -28.02105
 -28.00234 -28.00234 -28.00234 -28.00235 -28.00239
 -28.01024 -28.01024 -28.01024 -28.01024 -28.01026
 -28.03939 -28.03939 -28.03939 -28.03938 -28.03940
 -28.08468 -28.08468 -28.08468 -28.08469 -28.08470
 --------------------/ IPRT= 1  / IGRD= 1  /PRB CALC/ Z1=10   / DATE= 13.05.98  
 -40.00000 -40.00000 -40.00000 -40.00000 -40.00000
 -40.00000 -40.00000 -40.00000 -40.00000 -40.00000
 -40.00000 -40.00000 -40.00000 -40.00000 -40.00000
 -40.00000 -40.00000 -40.00000 -40.00000 -40.00000
 -40.00000 -40.00000 -40.00000 -40.00000 -40.00000
 -40.00000 -40.00000 -40.00000 -40.00000 -40.00000
 -40.00000 -40.00000 -40.00000 -40.00000 -40.00000
 -40.00000 -40.00000 -40.00000 -40.00000 -40.00000
 -40.00000 -40.00000 -40.00000 -40.00000 -40.00000
 -40.00000 -40.00000 -40.00000 -40.00000 -40.00000
 -40.00000 -40.00000 -40.00000 -40.00000 -40.00000
 -37.53480 -37.53480 -37.53493 -37.53539 -37.53590
 -35.45952 -35.45951 -35.45983 -35.46075 -35.46257
 -33.78091 -33.78091 -33.78127 -33.78282 -33.78556
 -32.43937 -32.43937 -32.43962 -32.44144 -32.44434
 -31.38144 -31.38144 -31.38162 -31.38278 -31.38475
 -30.54891 -30.54890 -30.54891 -30.54998 -30.55156
 -29.89360 -29.89360 -29.89360 -29.89430 -29.89555
 -29.37778 -29.37778 -29.37778 -29.37822 -29.37916
 -28.97200 -28.97200 -28.97200 -28.97232 -28.97280
 -28.65319 -28.65319 -28.65319 -28.65334 -28.65374
 -28.40375 -28.40375 -28.40375 -28.40385 -28.40413
 -28.21257 -28.21257 -28.21257 -28.21264 -28.21278
 -28.07213 -28.07213 -28.07213 -28.07216 -28.07228
 -27.97775 -27.97775 -27.97775 -27.97778 -27.97784
 -27.92381 -27.92382 -27.92382 -27.92382 -27.92388
 -27.90505 -27.90505 -27.90505 -27.90506 -27.90509
 -27.91297 -27.91297 -27.91297 -27.91297 -27.91299
 -27.94234 -27.94234 -27.94234 -27.94234 -27.94236
 -27.98812 -27.98812 -27.98812 -27.98812 -27.98813
 --------------------/ IPRT= 1  / IGRD= 1  /PRB CALC/ Z1=11   / DATE= 13.05.98  
 -40.00000 -40.00000 -40.00000 -40.00000 -40.00000
 -40.00000 -40.00000 -40.00000 -40.00000 -40.00000
 -40.00000 -40.00000 -40.00000 -40.00000 -40.00000
 -40.00000 -40.00000 -40.00000 -40.00000 -40.00000
 -40.00000 -40.00000 -40.00000 -40.00000 -40.00000
 -40.00000 -40.00000 -40.00000 -40.00000 -40.00000
 -40.00000 -40.00000 -40.00000 -40.00000 -40.00000
 -40.00000 -40.00000 -40.00000 -40.00000 -40.00000
 -40.00000 -40.00000 -40.00000 -40.00000 -40.00000
 -40.00000 -40.00000 -40.00000 -40.00000 -40.00000
 -39.38795 -39.38792 -39.38787 -39.38784 -39.38782
 -36.96379 -36.96379 -36.96381 -36.96399 -36.96426
 -35.04500 -35.04500 -35.04507 -35.04555 -35.04639
 -33.49800 -33.49800 -33.49800 -33.49916 -33.50089
 -32.24300 -32.24300 -32.24300 -32.24424 -32.24667
 -31.23393 -31.23393 -31.23393 -31.23503 -31.23730
 -30.42875 -30.42875 -30.42875 -30.42968 -30.43113
 -29.78898 -29.78899 -29.78898 -29.78948 -29.79080
 -29.28214 -29.28214 -29.28214 -29.28252 -29.28344
 -28.88091 -28.88091 -28.88091 -28.88112 -28.88167
 -28.56456 -28.56456 -28.56456 -28.56469 -28.56509
 -28.31651 -28.31651 -28.31650 -28.31660 -28.31688
 -28.12630 -28.12630 -28.12630 -28.12634 -28.12650
 -27.98631 -27.98630 -27.98630 -27.98633 -27.98646
 -27.89148 -27.89148 -27.89148 -27.89149 -27.89156
 -27.83668 -27.83668 -27.83668 -27.83669 -27.83674
 -27.81674 -27.81675 -27.81675 -27.81675 -27.81678
 -27.82505 -27.82505 -27.82505 -27.82505 -27.82507
 -27.85442 -27.85441 -27.85441 -27.85441 -27.85443
 -27.90034 -27.90034 -27.90034 -27.90034 -27.90035
 --------------------/ IPRT= 1  / IGRD= 1  /PRB CALC/ Z1=12   / DATE= 13.05.98  
 -40.00000 -40.00000 -40.00000 -40.00000 -40.00000
 -40.00000 -40.00000 -40.00000 -40.00000 -40.00000
 -40.00000 -40.00000 -40.00000 -40.00000 -40.00000
 -40.00000 -40.00000 -40.00000 -40.00000 -40.00000
 -40.00000 -40.00000 -40.00000 -40.00000 -40.00000
 -40.00000 -40.00000 -40.00000 -40.00000 -40.00000
 -40.00000 -40.00000 -40.00000 -40.00000 -40.00000
 -40.00000 -40.00000 -40.00000 -40.00000 -40.00000
 -40.00000 -40.00000 -40.00000 -40.00000 -40.00000
 -40.00000 -40.00000 -40.00000 -40.00000 -40.00000
 -38.69856 -38.69854 -38.69852 -38.69851 -38.69852
 -36.42458 -36.42458 -36.42458 -36.42465 -36.42474
 -34.63416 -34.63416 -34.63416 -34.63439 -34.63485
 -33.20163 -33.20163 -33.20163 -33.20227 -33.20329
 -32.03474 -32.03474 -32.03474 -32.03555 -32.03733
 -31.08025 -31.08025 -31.08025 -31.08107 -31.08294
 -30.30757 -30.30758 -30.30757 -30.30809 -30.30962
 -29.68663 -29.68663 -29.68663 -29.68704 -29.68826
 -29.19064 -29.19064 -29.19064 -29.19093 -29.19184
 -28.79567 -28.79568 -28.79568 -28.79581 -28.79637
 -28.48231 -28.48231 -28.48231 -28.48239 -28.48282
 -28.23617 -28.23616 -28.23616 -28.23620 -28.23644
 -28.04696 -28.04696 -28.04696 -28.04698 -28.04716
 -27.90781 -27.90782 -27.90782 -27.90781 -27.90796
 -27.81283 -27.81283 -27.81283 -27.81283 -27.81291
 -27.75756 -27.75756 -27.75756 -27.75756 -27.75761
 -27.73651 -27.73651 -27.73651 -27.73651 -27.73654
 -27.74465 -27.74465 -27.74465 -27.74465 -27.74467
 -27.77405 -27.77406 -27.77406 -27.77405 -27.77407
 -27.82017 -27.82017 -27.82017 -27.82017 -27.82018
 --------------------/ IPRT= 1  / IGRD= 1  /PRB CALC/ Z1=13   / DATE= 13.05.98  
 -40.00000 -40.00000 -40.00000 -40.00000 -40.00000
 -40.00000 -40.00000 -40.00000 -40.00000 -40.00000
 -40.00000 -40.00000 -40.00000 -40.00000 -40.00000
 -40.00000 -40.00000 -40.00000 -40.00000 -40.00000
 -40.00000 -40.00000 -40.00000 -40.00000 -40.00000
 -40.00000 -40.00000 -40.00000 -40.00000 -40.00000
 -40.00000 -40.00000 -40.00000 -40.00000 -40.00000
 -40.00000 -40.00000 -40.00000 -40.00000 -40.00000
 -40.00000 -40.00000 -40.00000 -40.00000 -40.00000
 -40.00000 -40.00000 -40.00000 -40.00000 -40.00000
 -38.01498 -38.01499 -38.01500 -38.01502 -38.01503
 -35.89307 -35.89307 -35.89307 -35.89308 -35.89311
 -34.22264 -34.22263 -34.22263 -34.22272 -34.22299
 -32.89427 -32.89427 -32.89427 -32.89458 -32.89518
 -31.81334 -31.81334 -31.81333 -31.81376 -31.81508
 -30.91938 -30.91938 -30.91938 -30.91994 -30.92159
 -30.18348 -30.18347 -30.18347 -30.18381 -30.18519
 -29.58471 -29.58470 -29.58470 -29.58499 -29.58613
 -29.10184 -29.10184 -29.10184 -29.10193 -29.10292
 -28.71467 -28.71467 -28.71467 -28.71474 -28.71529
 -28.40516 -28.40516 -28.40516 -28.40519 -28.40561
 -28.16130 -28.16130 -28.16130 -28.16131 -28.16163
 -27.97338 -27.97338 -27.97338 -27.97338 -27.97355
 -27.83525 -27.83525 -27.83525 -27.83525 -27.83536
 -27.74063 -27.74063 -27.74063 -27.74063 -27.74070
 -27.68497 -27.68497 -27.68497 -27.68497 -27.68502
 -27.66310 -27.66310 -27.66310 -27.66310 -27.66312
 -27.67040 -27.67040 -27.67040 -27.67039 -27.67041
 -27.70022 -27.70022 -27.70022 -27.70022 -27.70023
 -27.74638 -27.74638 -27.74638 -27.74638 -27.74638
 --------------------/ IPRT= 1  / IGRD= 1  /PRB CALC/ Z1=14   / DATE= 13.05.98  
 -40.00000 -40.00000 -40.00000 -40.00000 -40.00000
 -40.00000 -40.00000 -40.00000 -40.00000 -40.00000
 -40.00000 -40.00000 -40.00000 -40.00000 -40.00000
 -40.00000 -40.00000 -40.00000 -40.00000 -40.00000
 -40.00000 -40.00000 -40.00000 -40.00000 -40.00000
 -40.00000 -40.00000 -40.00000 -40.00000 -40.00000
 -40.00000 -40.00000 -40.00000 -40.00000 -40.00000
 -40.00000 -40.00000 -40.00000 -40.00000 -40.00000
 -40.00000 -40.00000 -40.00000 -40.00000 -40.00000
 -39.78502 -39.78498 -39.78493 -39.78489 -39.78485
 -37.32240 -37.32240 -37.32239 -37.32239 -37.32239
 -35.35973 -35.35973 -35.35973 -35.35974 -35.35975
 -33.80848 -33.80848 -33.80848 -33.80851 -33.80863
 -32.57853 -32.57853 -32.57853 -32.57867 -32.57912
 -31.58061 -31.58061 -31.58061 -31.58081 -31.58170
 -30.74993 -30.74993 -30.74993 -30.75018 -30.75154
 -30.05517 -30.05517 -30.05517 -30.05533 -30.05653
 -29.48193 -29.48193 -29.48193 -29.48207 -29.48312
 -29.01447 -29.01447 -29.01447 -29.01446 -29.01543
 -28.63642 -28.63642 -28.63642 -28.63642 -28.63699
 -28.33226 -28.33226 -28.33226 -28.33225 -28.33265
 -28.09098 -28.09098 -28.09098 -28.09098 -28.09126
 -27.90472 -27.90472 -27.90472 -27.90472 -27.90485
 -27.76746 -27.76746 -27.76746 -27.76746 -27.76755
 -27.67365 -27.67364 -27.67364 -27.67364 -27.67369
 -27.61784 -27.61784 -27.61784 -27.61784 -27.61787
 -27.59559 -27.59558 -27.59558 -27.59558 -27.59560
 -27.60184 -27.60184 -27.60184 -27.60184 -27.60185
 -27.63174 -27.63174 -27.63174 -27.63174 -27.63175
 -27.67788 -27.67788 -27.67788 -27.67788 -27.67788
 --------------------/ IPRT= 1  / IGRD= 1  /PRB CALC/ Z1=15   / DATE= 13.05.98  
 -40.00000 -40.00000 -40.00000 -40.00000 -40.00000
 -40.00000 -40.00000 -40.00000 -40.00000 -40.00000
 -40.00000 -40.00000 -40.00000 -40.00000 -40.00000
 -40.00000 -40.00000 -40.00000 -40.00000 -40.00000
 -40.00000 -40.00000 -40.00000 -40.00000 -40.00000
 -40.00000 -40.00000 -40.00000 -40.00000 -40.00000
 -40.00000 -40.00000 -40.00000 -40.00000 -40.00000
 -40.00000 -40.00000 -40.00000 -40.00000 -40.00000
 -40.00000 -40.00000 -40.00000 -40.00000 -40.00000
 -38.62906 -38.62907 -38.62907 -38.62909 -38.62910
 -36.46948 -36.46948 -36.46948 -36.46948 -36.46948
 -34.71733 -34.71732 -34.71732 -34.71734 -34.71733
 -33.31835 -33.31835 -33.31835 -33.31836 -33.31841
 -32.20768 -32.20768 -32.20768 -32.20773 -32.20796
 -31.30826 -31.30826 -31.30826 -31.30833 -31.30891
 -30.55478 -30.55477 -30.55477 -30.55485 -30.55581
 -29.91269 -29.91269 -29.91269 -29.91268 -29.91397
 -29.37245 -29.37245 -29.37245 -29.37245 -29.37336
 -28.92488 -28.92487 -28.92487 -28.92487 -28.92567
 -28.55865 -28.55864 -28.55864 -28.55864 -28.55912
 -28.26151 -28.26151 -28.26151 -28.26151 -28.26184
 -28.02384 -28.02384 -28.02384 -28.02384 -28.02408
 -27.83974 -27.83974 -27.83974 -27.83974 -27.83986
 -27.70372 -27.70372 -27.70372 -27.70372 -27.70380
 -27.61084 -27.61084 -27.61084 -27.61084 -27.61087
 -27.55530 -27.55530 -27.55530 -27.55530 -27.55532
 -27.53279 -27.53279 -27.53279 -27.53279 -27.53280
 -27.53834 -27.53834 -27.53834 -27.53834 -27.53835
 -27.56767 -27.56767 -27.56767 -27.56767 -27.56767
 -27.61411 -27.61411 -27.61411 -27.61411 -27.61411
 --------------------/ IPRT= 1  / IGRD= 1  /PRB CALC/ Z1=16   / DATE= 13.05.98  
 -40.00000 -40.00000 -40.00000 -40.00000 -40.00000
 -40.00000 -40.00000 -40.00000 -40.00000 -40.00000
 -40.00000 -40.00000 -40.00000 -40.00000 -40.00000
 -40.00000 -40.00000 -40.00000 -40.00000 -40.00000
 -40.00000 -40.00000 -40.00000 -40.00000 -40.00000
 -40.00000 -40.00000 -40.00000 -40.00000 -40.00000
 -40.00000 -40.00000 -40.00000 -40.00000 -40.00000
 -40.00000 -40.00000 -40.00000 -40.00000 -40.00000
 -40.00000 -40.00000 -40.00000 -40.00000 -40.00000
 -37.72553 -37.72552 -37.72552 -37.72552 -37.72552
 -35.79937 -35.79937 -35.79937 -35.79937 -35.79937
 -34.20869 -34.20869 -34.20869 -34.20869 -34.20869
 -32.92384 -32.92383 -32.92383 -32.92383 -32.92385
 -31.89902 -31.89901 -31.89901 -31.89902 -31.89915
 -31.06980 -31.06980 -31.06980 -31.06981 -31.07028
 -30.37463 -30.37462 -30.37462 -30.37463 -30.37531
 -29.77716 -29.77716 -29.77716 -29.77716 -29.77807
 -29.26661 -29.26661 -29.26661 -29.26661 -29.26743
 -28.83829 -28.83829 -28.83829 -28.83829 -28.83892
 -28.48401 -28.48401 -28.48401 -28.48401 -28.48438
 -28.19416 -28.19416 -28.19416 -28.19416 -28.19441
 -27.96040 -27.96040 -27.96040 -27.96040 -27.96057
 -27.77859 -27.77859 -27.77859 -27.77859 -27.77866
 -27.64390 -27.64389 -27.64389 -27.64389 -27.64395
 -27.55194 -27.55193 -27.55193 -27.55193 -27.55195
 -27.49689 -27.49688 -27.49688 -27.49688 -27.49689
 -27.47418 -27.47418 -27.47418 -27.47418 -27.47417
 -27.47922 -27.47922 -27.47922 -27.47922 -27.47922
 -27.50786 -27.50786 -27.50786 -27.50786 -27.50786
 -27.55450 -27.55450 -27.55450 -27.55450 -27.55450
 --------------------/ IPRT= 1  / IGRD= 1  /PRB CALC/ Z1=17   / DATE= 13.05.98  
 -40.00000 -40.00000 -40.00000 -40.00000 -40.00000
 -40.00000 -40.00000 -40.00000 -40.00000 -40.00000
 -40.00000 -40.00000 -40.00000 -40.00000 -40.00000
 -40.00000 -40.00000 -40.00000 -40.00000 -40.00000
 -40.00000 -40.00000 -40.00000 -40.00000 -40.00000
 -40.00000 -40.00000 -40.00000 -40.00000 -40.00000
 -40.00000 -40.00000 -40.00000 -40.00000 -40.00000
 -40.00000 -40.00000 -40.00000 -40.00000 -40.00000
 -38.79374 -38.79374 -38.79374 -38.79374 -38.79374
 -36.83942 -36.83942 -36.83942 -36.83942 -36.83942
 -35.14557 -35.14557 -35.14557 -35.14557 -35.14557
 -33.71523 -33.71523 -33.71523 -33.71523 -33.71523
 -32.54260 -32.54260 -32.54260 -32.54260 -32.54261
 -31.59999 -31.59999 -31.59999 -31.60000 -31.60006
 -30.83591 -30.83591 -30.83591 -30.83591 -30.83616
 -30.19475 -30.19475 -30.19475 -30.19475 -30.19529
 -29.64051 -29.64051 -29.64051 -29.64051 -29.64114
 -29.16011 -29.16011 -29.16011 -29.16011 -29.16069
 -28.75207 -28.75207 -28.75207 -28.75207 -28.75253
 -28.41070 -28.41070 -28.41070 -28.41070 -28.41107
 -28.12879 -28.12879 -28.12879 -28.12879 -28.12894
 -27.89985 -27.89985 -27.89985 -27.89985 -27.89996
 -27.72042 -27.72042 -27.72042 -27.72042 -27.72046
 -27.58731 -27.58731 -27.58731 -27.58731 -27.58735
 -27.49622 -27.49622 -27.49622 -27.49622 -27.49622
 -27.44192 -27.44192 -27.44192 -27.44192 -27.44192
 -27.41914 -27.41914 -27.41914 -27.41914 -27.41914
 -27.42393 -27.42393 -27.42393 -27.42393 -27.42394
 -27.45179 -27.45179 -27.45179 -27.45179 -27.45179
 -27.49851 -27.49851 -27.49851 -27.49851 -27.49851
 --------------------/ IPRT= 1  / IGRD= 1  /PRB CALC/ Z1=18   / DATE= 13.05.98  
 -40.00000 -40.00000 -40.00000 -40.00000 -40.00000
 -40.00000 -40.00000 -40.00000 -40.00000 -40.00000
 -40.00000 -40.00000 -40.00000 -40.00000 -40.00000
 -40.00000 -40.00000 -40.00000 -40.00000 -40.00000
 -40.00000 -40.00000 -40.00000 -40.00000 -40.00000
 -40.00000 -40.00000 -40.00000 -40.00000 -40.00000
 -40.00000 -40.00000 -40.00000 -40.00000 -40.00000
 -39.37169 -39.37181 -39.37193 -39.37203 -39.37211
 -37.57860 -37.57861 -37.57863 -37.57864 -37.57865
 -35.96255 -35.96255 -35.96255 -35.96256 -35.96256
 -34.50159 -34.50159 -34.50159 -34.50159 -34.50159
 -33.23183 -33.23183 -33.23183 -33.23183 -33.23183
 -32.17095 -32.17095 -32.17095 -32.17095 -32.17095
 -31.30874 -31.30874 -31.30874 -31.30874 -31.30879
 -30.60654 -30.60654 -30.60654 -30.60654 -30.60668
 -30.01601 -30.01601 -30.01601 -30.01601 -30.01634
 -29.50299 -29.50298 -29.50298 -29.50298 -29.50339
 -29.05323 -29.05323 -29.05323 -29.05323 -29.05372
 -28.66599 -28.66599 -28.66599 -28.66599 -28.66627
 -28.33832 -28.33832 -28.33832 -28.33832 -28.33858
 -28.06507 -28.06507 -28.06507 -28.06507 -28.06515
 -27.84154 -27.84153 -27.84153 -27.84153 -27.84160
 -27.66488 -27.66487 -27.66487 -27.66487 -27.66489
 -27.53350 -27.53350 -27.53350 -27.53350 -27.53350
 -27.44338 -27.44338 -27.44338 -27.44338 -27.44338
 -27.38990 -27.38990 -27.38990 -27.38990 -27.38990
 -27.36736 -27.36736 -27.36736 -27.36736 -27.36736
 -27.37193 -27.37192 -27.37193 -27.37193 -27.37192
 -27.39913 -27.39913 -27.39913 -27.39913 -27.39913
 -27.44541 -27.44541 -27.44541 -27.44541 -27.44541
 --------------------/ IPRT= 1  / IGRD= 1  /PRB CALC/ Z1=19   / DATE= 13.05.98  
 -33.89598 -33.89598 -33.89598 -33.89598 -33.89598
 -33.96522 -33.96522 -33.96522 -33.96522 -33.96522
 -34.02764 -34.02764 -34.02764 -34.02764 -34.02764
 -34.07954 -34.07954 -34.07954 -34.07954 -34.07954
 -34.11506 -34.11506 -34.11506 -34.11505 -34.11506
 -34.12297 -34.12306 -34.12314 -34.12321 -34.12327
 -34.06361 -34.06754 -34.07098 -34.07387 -34.07622
 -33.80116 -33.82743 -33.85177 -33.87329 -33.89153
 -33.36225 -33.40766 -33.45177 -33.49264 -33.52888
 -32.91823 -32.95746 -32.99515 -33.02969 -33.05994
 -32.40968 -32.42807 -32.44500 -32.45984 -32.47232
 -31.77807 -31.78288 -31.78719 -31.79088 -31.79391
 -31.12634 -31.12732 -31.12819 -31.12894 -31.12955
 -30.54439 -30.54459 -30.54477 -30.54493 -30.54506
 -30.04879 -30.04884 -30.04888 -30.04892 -30.04898
 -29.61855 -29.61856 -29.61857 -29.61858 -29.61872
 -29.22847 -29.22847 -29.22848 -29.22848 -29.22865
 -28.86608 -28.86609 -28.86608 -28.86609 -28.86633
 -28.53479 -28.53478 -28.53479 -28.53479 -28.53502
 -28.24105 -28.24105 -28.24105 -28.24105 -28.24115
 -27.98791 -27.98791 -27.98791 -27.98791 -27.98796
 -27.77620 -27.77620 -27.77620 -27.77620 -27.77620
 -27.60624 -27.60624 -27.60624 -27.60624 -27.60623
 -27.47870 -27.47870 -27.47870 -27.47870 -27.47870
 -27.39093 -27.39093 -27.39093 -27.39093 -27.39093
 -27.33896 -27.33895 -27.33895 -27.33895 -27.33895
 -27.31737 -27.31737 -27.31737 -27.31737 -27.31737
 -27.32209 -27.32208 -27.32208 -27.32208 -27.32209
 -27.34912 -27.34912 -27.34912 -27.34912 -27.34912
 -27.39485 -27.39485 -27.39485 -27.39485 -27.39485
 --------------------/ IPRT= 1  / IGRD= 1  /PRB CALC/ Z1=20   / DATE= 13.05.98  
 -33.90306 -33.90306 -33.90306 -33.90306 -33.90306
 -33.97147 -33.97147 -33.97147 -33.97147 -33.97147
 -34.03385 -34.03384 -34.03384 -34.03384 -34.03385
 -34.08628 -34.08628 -34.08628 -34.08628 -34.08628
 -34.12216 -34.12215 -34.12215 -34.12215 -34.12215
 -34.12997 -34.12997 -34.12997 -34.12997 -34.12997
 -34.08770 -34.08769 -34.08769 -34.08769 -34.08770
 -33.95213 -33.95213 -33.95213 -33.95213 -33.95213
 -33.65341 -33.65341 -33.65341 -33.65341 -33.65341
 -33.14219 -33.14219 -33.14219 -33.14219 -33.14219
 -32.46985 -32.46985 -32.46985 -32.46985 -32.46985
 -31.74832 -31.74832 -31.74832 -31.74832 -31.74832
 -31.06812 -31.06812 -31.06812 -31.06812 -31.06812
 -30.47560 -30.47560 -30.47560 -30.47560 -30.47561
 -29.97351 -29.97351 -29.97351 -29.97351 -29.97353
 -29.53924 -29.53924 -29.53924 -29.53924 -29.53932
 -29.14928 -29.14928 -29.14928 -29.14928 -29.14945
 -28.79168 -28.79168 -28.79168 -28.79167 -28.79177
 -28.46694 -28.46694 -28.46694 -28.46694 -28.46705
 -28.18002 -28.18002 -28.18002 -28.18002 -28.18001
 -27.93239 -27.93238 -27.93238 -27.93238 -27.93238
 -27.72458 -27.72458 -27.72458 -27.72458 -27.72458
 -27.55704 -27.55704 -27.55704 -27.55704 -27.55704
 -27.43080 -27.43080 -27.43080 -27.43080 -27.43080
 -27.34385 -27.34385 -27.34385 -27.34385 -27.34385
 -27.29237 -27.29237 -27.29237 -27.29237 -27.29237
 -27.27118 -27.27117 -27.27117 -27.27117 -27.27117
 -27.27573 -27.27573 -27.27573 -27.27573 -27.27573
 -27.30242 -27.30242 -27.30242 -27.30242 -27.30242
 -27.34748 -27.34748 -27.34748 -27.34748 -27.34748
 --------------------/ IPRT= 1  / IGRD= 1  /PRB CALC/ Z1=21   / DATE= 13.05.98  
 -32.72099 -32.72099 -32.72099 -32.72099 -32.72099
 -32.79156 -32.79156 -32.79156 -32.79156 -32.79156
 -32.85661 -32.85661 -32.85661 -32.85661 -32.85661
 -32.91365 -32.91365 -32.91365 -32.91365 -32.91365
 -32.95848 -32.95848 -32.95848 -32.95848 -32.95848
 -32.98349 -32.98349 -32.98349 -32.98349 -32.98349
 -32.97464 -32.97464 -32.97464 -32.97464 -32.97463
 -32.90559 -32.90559 -32.90559 -32.90559 -32.90559
 -32.73106 -32.73105 -32.73105 -32.73105 -32.73106
 -32.39915 -32.39915 -32.39915 -32.39915 -32.39914
 -31.90643 -31.90643 -31.90643 -31.90643 -31.90643
 -31.32421 -31.32421 -31.32422 -31.32422 -31.32422
 -30.74368 -30.74368 -30.74368 -30.74368 -30.74368
 -30.22180 -30.22179 -30.22179 -30.22179 -30.22180
 -29.77053 -29.77053 -29.77053 -29.77053 -29.77055
 -29.37494 -29.37493 -29.37493 -29.37493 -29.37496
 -29.01663 -29.01663 -29.01663 -29.01663 -29.01670
 -28.68564 -28.68564 -28.68564 -28.68564 -28.68569
 -28.38125 -28.38125 -28.38125 -28.38125 -28.38126
 -28.10932 -28.10932 -28.10932 -28.10932 -28.10932
 -27.87193 -27.87194 -27.87194 -27.87194 -27.87194
 -27.67080 -27.67080 -27.67080 -27.67080 -27.67080
 -27.50747 -27.50747 -27.50747 -27.50747 -27.50747
 -27.38346 -27.38346 -27.38346 -27.38346 -27.38346
 -27.29797 -27.29797 -27.29797 -27.29796 -27.29797
 -27.24730 -27.24730 -27.24730 -27.24730 -27.24730
 -27.22675 -27.22675 -27.22675 -27.22675 -27.22675
 -27.23142 -27.23142 -27.23142 -27.23142 -27.23142
 -27.25792 -27.25793 -27.25793 -27.25792 -27.25792
 -27.30245 -27.30245 -27.30245 -27.30245 -27.30245
 --------------------/ IPRT= 1  / IGRD= 1  /PRB CALC/ Z1=22   / DATE= 13.05.98  
 -29.98252 -29.98252 -29.98252 -29.98252 -29.98252
 -30.05878 -30.05879 -30.05879 -30.05879 -30.05878
 -30.13273 -30.13272 -30.13272 -30.13272 -30.13273
 -30.20320 -30.20320 -30.20320 -30.20320 -30.20320
 -30.26848 -30.26848 -30.26848 -30.26848 -30.26848
 -30.32600 -30.32600 -30.32600 -30.32600 -30.32600
 -30.37156 -30.37155 -30.37155 -30.37155 -30.37155
 -30.39840 -30.39840 -30.39840 -30.39840 -30.39840
 -30.39559 -30.39558 -30.39558 -30.39558 -30.39558
 -30.34632 -30.34632 -30.34632 -30.34632 -30.34632
 -30.22490 -30.22489 -30.22490 -30.22490 -30.22491
 -30.00034 -30.00034 -30.00034 -30.00034 -30.00036
 -29.70298 -29.70299 -29.70300 -29.70301 -29.70304
 -29.41484 -29.41485 -29.41485 -29.41487 -29.41490
 -29.16485 -29.16485 -29.16486 -29.16487 -29.16490
 -28.93637 -28.93637 -28.93637 -28.93638 -28.93640
 -28.70865 -28.70864 -28.70865 -28.70865 -28.70866
 -28.47344 -28.47344 -28.47344 -28.47345 -28.47345
 -28.23428 -28.23428 -28.23428 -28.23429 -28.23429
 -28.00383 -28.00383 -28.00383 -28.00383 -28.00384
 -27.79194 -27.79194 -27.79194 -27.79194 -27.79194
 -27.60618 -27.60618 -27.60618 -27.60617 -27.60618
 -27.45217 -27.45217 -27.45217 -27.45217 -27.45217
 -27.33329 -27.33329 -27.33329 -27.33329 -27.33329
 -27.25098 -27.25098 -27.25098 -27.25098 -27.25098
 -27.20219 -27.20219 -27.20219 -27.20219 -27.20219
 -27.18301 -27.18301 -27.18301 -27.18301 -27.18301
 -27.18830 -27.18830 -27.18830 -27.18830 -27.18830
 -27.21498 -27.21498 -27.21498 -27.21498 -27.21498
 -27.25924 -27.25924 -27.25924 -27.25924 -27.25924
 --------------------/ IPRT= 1  / IGRD= 1  /PRB CALC/ Z1=23   / DATE= 13.05.98  
 -30.62225 -30.62225 -30.62225 -30.62225 -30.62225
 -30.69673 -30.69673 -30.69673 -30.69673 -30.69673
 -30.76818 -30.76817 -30.76817 -30.76817 -30.76818
 -30.83522 -30.83522 -30.83522 -30.83522 -30.83522
 -30.89567 -30.89567 -30.89567 -30.89567 -30.89567
 -30.94592 -30.94591 -30.94591 -30.94591 -30.94592
 -30.97998 -30.97998 -30.97998 -30.97998 -30.97998
 -30.98786 -30.98786 -30.98786 -30.98786 -30.98786
 -30.95286 -30.95286 -30.95286 -30.95286 -30.95286
 -30.85002 -30.85002 -30.85002 -30.85002 -30.85002
 -30.65364 -30.65364 -30.65364 -30.65364 -30.65364
 -30.36132 -30.36132 -30.36132 -30.36132 -30.36132
 -30.01139 -30.01139 -30.01139 -30.01139 -30.01140
 -29.65669 -29.65669 -29.65669 -29.65669 -29.65669
 -29.32561 -29.32561 -29.32561 -29.32561 -29.32561
 -29.02005 -29.02004 -29.02004 -29.02004 -29.02004
 -28.73322 -28.73322 -28.73322 -28.73322 -28.73322
 -28.46079 -28.46079 -28.46079 -28.46079 -28.46079
 -28.20266 -28.20266 -28.20266 -28.20266 -28.20266
 -27.96407 -27.96407 -27.96407 -27.96407 -27.96407
 -27.75016 -27.75016 -27.75016 -27.75016 -27.75017
 -27.56466 -27.56466 -27.56466 -27.56466 -27.56466
 -27.41144 -27.41143 -27.41143 -27.41143 -27.41144
 -27.29296 -27.29296 -27.29296 -27.29296 -27.29296
 -27.21094 -27.21094 -27.21094 -27.21094 -27.21094
 -27.16234 -27.16234 -27.16234 -27.16234 -27.16234
 -27.14334 -27.14334 -27.14334 -27.14334 -27.14334
 -27.14870 -27.14870 -27.14870 -27.14870 -27.14870
 -27.17500 -27.17500 -27.17500 -27.17500 -27.17500
 -27.21877 -27.21877 -27.21877 -27.21877 -27.21877
 --------------------/ IPRT= 1  / IGRD= 1  /PRB CALC/ Z1=24   / DATE= 13.05.98  
 -29.92972 -29.92972 -29.92972 -29.92972 -29.92972
 -30.00549 -30.00549 -30.00549 -30.00549 -30.00549
 -30.07883 -30.07883 -30.07883 -30.07883 -30.07883
 -30.14865 -30.14865 -30.14865 -30.14865 -30.14865
 -30.21325 -30.21325 -30.21325 -30.21325 -30.21325
 -30.26989 -30.26989 -30.26989 -30.26989 -30.26989
 -30.31418 -30.31418 -30.31418 -30.31418 -30.31419
 -30.33906 -30.33906 -30.33906 -30.33905 -30.33906
 -30.33297 -30.33297 -30.33297 -30.33297 -30.33297
 -30.27855 -30.27854 -30.27854 -30.27854 -30.27854
 -30.15360 -30.15359 -30.15359 -30.15359 -30.15359
 -29.93923 -29.93923 -29.93923 -29.93923 -29.93923
 -29.65362 -29.65362 -29.65362 -29.65363 -29.65364
 -29.35754 -29.35754 -29.35755 -29.35755 -29.35756
 -29.08529 -29.08529 -29.08529 -29.08530 -29.08530
 -28.83270 -28.83270 -28.83270 -28.83270 -28.83272
 -28.58833 -28.58833 -28.58833 -28.58833 -28.58834
 -28.34809 -28.34809 -28.34809 -28.34809 -28.34809
 -28.11414 -28.11414 -28.11414 -28.11414 -28.11414
 -27.89255 -27.89256 -27.89255 -27.89255 -27.89255
 -27.69065 -27.69065 -27.69065 -27.69065 -27.69065
 -27.51327 -27.51327 -27.51327 -27.51327 -27.51327
 -27.36530 -27.36530 -27.36530 -27.36530 -27.36530
 -27.25015 -27.25015 -27.25015 -27.25014 -27.25015
 -27.16982 -27.16982 -27.16982 -27.16982 -27.16982
 -27.12239 -27.12239 -27.12239 -27.12239 -27.12239
 -27.10403 -27.10403 -27.10403 -27.10403 -27.10403
 -27.10999 -27.10999 -27.10999 -27.10999 -27.10999
 -27.13624 -27.13624 -27.13624 -27.13624 -27.13624
 -27.17987 -27.17987 -27.17987 -27.17987 -27.17987
 --------------------/ IPRT= 1  / IGRD= 1  /PRB CALC/ Z1=25   / DATE= 13.05.98  
 -28.82447 -28.82447 -28.82447 -28.82447 -28.82447
 -28.90212 -28.90212 -28.90212 -28.90212 -28.90212
 -28.97827 -28.97827 -28.97827 -28.97827 -28.97827
 -29.05222 -29.05222 -29.05222 -29.05222 -29.05222
 -29.12290 -29.12290 -29.12290 -29.12290 -29.12290
 -29.18870 -29.18870 -29.18870 -29.18870 -29.18870
 -29.24716 -29.24716 -29.24716 -29.24716 -29.24716
 -29.29451 -29.29451 -29.29451 -29.29451 -29.29451
 -29.32500 -29.32500 -29.32500 -29.32500 -29.32500
 -29.33007 -29.33007 -29.33007 -29.33007 -29.33007
 -29.29774 -29.29774 -29.29774 -29.29774 -29.29774
 -29.21107 -29.21107 -29.21107 -29.21107 -29.21108
 -29.06074 -29.06074 -29.06075 -29.06075 -29.06075
 -28.87693 -28.87693 -28.87693 -28.87694 -28.87695
 -28.69804 -28.69805 -28.69805 -28.69806 -28.69807
 -28.52960 -28.52960 -28.52960 -28.52961 -28.52962
 -28.35943 -28.35943 -28.35943 -28.35944 -28.35944
 -28.17945 -28.17945 -28.17945 -28.17945 -28.17946
 -27.99072 -27.99072 -27.99072 -27.99071 -27.99072
 -27.80037 -27.80037 -27.80037 -27.80037 -27.80037
 -27.61916 -27.61916 -27.61916 -27.61916 -27.61916
 -27.45513 -27.45513 -27.45513 -27.45513 -27.45513
 -27.31557 -27.31557 -27.31557 -27.31557 -27.31557
 -27.20567 -27.20567 -27.20567 -27.20567 -27.20567
 -27.12824 -27.12824 -27.12824 -27.12824 -27.12824
 -27.08266 -27.08267 -27.08267 -27.08267 -27.08267
 -27.06541 -27.06541 -27.06541 -27.06541 -27.06541
 -27.07222 -27.07222 -27.07222 -27.07222 -27.07222
 -27.09876 -27.09876 -27.09876 -27.09876 -27.09876
 -27.14236 -27.14236 -27.14236 -27.14236 -27.14236
 --------------------/ IPRT= 1  / IGRD= 1  /PRB CALC/ Z1=26   / DATE= 13.05.98  
 -28.39020 -28.39020 -28.39020 -28.39020 -28.39020
 -28.46855 -28.46855 -28.46855 -28.46855 -28.46855
 -28.54564 -28.54564 -28.54564 -28.54564 -28.54564
 -28.62092 -28.62092 -28.62092 -28.62092 -28.62092
 -28.69349 -28.69349 -28.69349 -28.69349 -28.69349
 -28.76209 -28.76209 -28.76209 -28.76209 -28.76209
 -28.82481 -28.82480 -28.82480 -28.82480 -28.82480
 -28.87873 -28.87873 -28.87873 -28.87873 -28.87873
 -28.91951 -28.91951 -28.91951 -28.91951 -28.91951
 -28.94077 -28.94077 -28.94077 -28.94077 -28.94077
 -28.93412 -28.93412 -28.93412 -28.93412 -28.93413
 -28.89208 -28.89208 -28.89208 -28.89208 -28.89208
 -28.81069 -28.81068 -28.81068 -28.81068 -28.81069
 -28.54691 -28.54691 -28.54692 -28.54693 -28.54696
 -27.82293 -27.82294 -27.82296 -27.82299 -27.82306
 -27.16197 -27.16198 -27.16200 -27.16204 -27.16211
 -26.75229 -26.75230 -26.75230 -26.75234 -26.75241
 -26.53964 -26.53965 -26.53967 -26.53971 -26.53977
 -26.46464 -26.46464 -26.46466 -26.46469 -26.46476
 -26.48171 -26.48171 -26.48174 -26.48176 -26.48182
 -26.55551 -26.55551 -26.55553 -26.55555 -26.55560
 -26.65574 -26.65575 -26.65576 -26.65578 -26.65583
 -26.75523 -26.75523 -26.75525 -26.75527 -26.75531
 -26.83421 -26.83421 -26.83422 -26.83423 -26.83426
 -26.88752 -26.88753 -26.88753 -26.88754 -26.88755
 -26.92396 -26.92395 -26.92396 -26.92397 -26.92398
 -26.95554 -26.95553 -26.95553 -26.95553 -26.95554
 -26.99110 -26.99110 -26.99111 -26.99110 -26.99110
 -27.03459 -27.03459 -27.03460 -27.03460 -27.03460
 -27.08814 -27.08814 -27.08814 -27.08814 -27.08814
 --------------------/ IPRT= 1  / IGRD= 1  /PRB CALC/ Z1=27   / DATE= 13.05.98  
 -26.58327 -26.58327 -26.58327 -26.58327 -26.58327
 -26.66419 -26.66419 -26.66419 -26.66419 -26.66419
 -26.74507 -26.74506 -26.74506 -26.74506 -26.74506
 -26.82588 -26.82588 -26.82588 -26.82588 -26.82588
 -26.90659 -26.90659 -26.90659 -26.90659 -26.90659
 -26.98717 -26.98717 -26.98717 -26.98717 -26.98717
 -27.06754 -27.06754 -27.06754 -27.06754 -27.06754
 -27.14763 -27.14763 -27.14763 -27.14762 -27.14763
 -27.22725 -27.22725 -27.22725 -27.22725 -27.22725
 -27.30619 -27.30619 -27.30619 -27.30619 -27.30619
 -27.38402 -27.38402 -27.38402 -27.38402 -27.38402
 -27.45996 -27.45995 -27.45996 -27.45996 -27.45995
 -27.53211 -27.53211 -27.53211 -27.53211 -27.53211
 -27.56937 -27.56937 -27.56937 -27.56938 -27.56938
 -27.29454 -27.29455 -27.29455 -27.29457 -27.29462
 -26.73910 -26.73911 -26.73913 -26.73916 -26.73921
 -26.32818 -26.32819 -26.32821 -26.32824 -26.32830
 -26.10532 -26.10532 -26.10534 -26.10537 -26.10543
 -26.02332 -26.02333 -26.02335 -26.02338 -26.02343
 -26.03905 -26.03905 -26.03907 -26.03909 -26.03915
 -26.11971 -26.11972 -26.11973 -26.11976 -26.11981
 -26.23975 -26.23975 -26.23977 -26.23979 -26.23983
 -26.37737 -26.37737 -26.37738 -26.37741 -26.37745
 -26.51346 -26.51346 -26.51347 -26.51349 -26.51352
 -26.63376 -26.63375 -26.63377 -26.63378 -26.63380
 -26.73312 -26.73312 -26.73312 -26.73313 -26.73316
 -26.81466 -26.81466 -26.81466 -26.81467 -26.81468
 -26.88592 -26.88592 -26.88592 -26.88593 -26.88593
 -26.95341 -26.95341 -26.95341 -26.95342 -26.95342
 -27.02243 -27.02243 -27.02244 -27.02244 -27.02244
 --------------------/ IPRT= 1  / IGRD= 1  /PRB CALC/ Z1=28   / DATE= 13.05.98  
 -26.20904 -26.20904 -26.20904 -26.20904 -26.20904
 -26.28997 -26.28996 -26.28996 -26.28996 -26.28996
 -26.37085 -26.37085 -26.37085 -26.37085 -26.37085
 -26.45168 -26.45168 -26.45168 -26.45168 -26.45168
 -26.53242 -26.53242 -26.53242 -26.53242 -26.53242
 -26.61304 -26.61303 -26.61303 -26.61303 -26.61304
 -26.69346 -26.69345 -26.69345 -26.69345 -26.69346
 -26.77362 -26.77362 -26.77362 -26.77362 -26.77362
 -26.85335 -26.85335 -26.85335 -26.85335 -26.85334
 -26.93247 -26.93247 -26.93247 -26.93247 -26.93247
 -27.01061 -27.01061 -27.01061 -27.01061 -27.01061
 -27.08720 -27.08720 -27.08720 -27.08720 -27.08720
 -27.16128 -27.16128 -27.16128 -27.16128 -27.16128
 -27.22390 -27.22389 -27.22389 -27.22389 -27.22390
 -27.15842 -27.15842 -27.15842 -27.15843 -27.15845
 -26.80248 -26.80248 -26.80249 -26.80251 -26.80255
 -26.43349 -26.43349 -26.43350 -26.43353 -26.43358
 -26.21289 -26.21289 -26.21291 -26.21293 -26.21298
 -26.12609 -26.12611 -26.12612 -26.12613 -26.12619
 -26.13570 -26.13570 -26.13571 -26.13574 -26.13578
 -26.20929 -26.20930 -26.20931 -26.20933 -26.20937
 -26.32029 -26.32030 -26.32031 -26.32033 -26.32036
 -26.44555 -26.44555 -26.44556 -26.44557 -26.44561
 -26.56536 -26.56537 -26.56537 -26.56539 -26.56542
 -26.66684 -26.66684 -26.66684 -26.66685 -26.66688
 -26.74802 -26.74802 -26.74803 -26.74803 -26.74805
 -26.81467 -26.81467 -26.81467 -26.81468 -26.81469
 -26.87513 -26.87513 -26.87513 -26.87514 -26.87514
 -26.93528 -26.93528 -26.93528 -26.93528 -26.93529
 -26.99926 -26.99926 -26.99926 -26.99926 -26.99926
 --------------------/ IPRT= 1  / IGRD= 1  /PRB CALC/ Z1=29   / DATE= 13.05.98  
 -25.99701 -25.99701 -25.99701 -25.99701 -25.99701
 -26.07793 -26.07793 -26.07793 -26.07793 -26.07793
 -26.15881 -26.15880 -26.15880 -26.15880 -26.15880
 -26.23962 -26.23962 -26.23962 -26.23962 -26.23962
 -26.32033 -26.32033 -26.32033 -26.32033 -26.32033
 -26.40091 -26.40091 -26.40091 -26.40091 -26.40091
 -26.48128 -26.48128 -26.48128 -26.48128 -26.48128
 -26.56136 -26.56136 -26.56136 -26.56136 -26.56136
 -26.64098 -26.64098 -26.64098 -26.64098 -26.64098
 -26.71995 -26.71994 -26.71994 -26.71994 -26.71994
 -26.79790 -26.79790 -26.79790 -26.79790 -26.79790
 -26.87435 -26.87435 -26.87435 -26.87435 -26.87435
 -26.94857 -26.94856 -26.94857 -26.94857 -26.94856
 -27.01575 -27.01575 -27.01575 -27.01575 -27.01575
 -27.00373 -27.00373 -27.00374 -27.00373 -27.00375
 -26.73706 -26.73706 -26.73707 -26.73709 -26.73712
 -26.39034 -26.39034 -26.39035 -26.39038 -26.39042
 -26.16535 -26.16536 -26.16537 -26.16539 -26.16543
 -26.07085 -26.07086 -26.07087 -26.07089 -26.07093
 -26.07396 -26.07396 -26.07397 -26.07399 -26.07403
 -26.14288 -26.14288 -26.14289 -26.14291 -26.14295
 -26.25126 -26.25127 -26.25127 -26.25129 -26.25132
 -26.37638 -26.37637 -26.37638 -26.37640 -26.37643
 -26.49894 -26.49895 -26.49895 -26.49897 -26.49899
 -26.60571 -26.60571 -26.60571 -26.60572 -26.60574
 -26.69332 -26.69332 -26.69333 -26.69333 -26.69335
 -26.76612 -26.76612 -26.76613 -26.76613 -26.76614
 -26.83161 -26.83161 -26.83161 -26.83161 -26.83162
 -26.89552 -26.89553 -26.89552 -26.89552 -26.89552
 -26.96191 -26.96191 -26.96191 -26.96191 -26.96191
 --------------------/ IPRT= 1  / IGRD= 1  /PRB CALC/ Z1=30   / DATE= 13.05.98  
 -25.80608 -25.80608 -25.80608 -25.80608 -25.80608
 -25.88701 -25.88701 -25.88701 -25.88701 -25.88701
 -25.96788 -25.96788 -25.96788 -25.96788 -25.96789
 -26.04870 -26.04870 -26.04870 -26.04870 -26.04870
 -26.12942 -26.12942 -26.12942 -26.12942 -26.12942
 -26.21001 -26.21001 -26.21001 -26.21001 -26.21001
 -26.29039 -26.29039 -26.29039 -26.29040 -26.29040
 -26.37049 -26.37049 -26.37049 -26.37049 -26.37049
 -26.45017 -26.45017 -26.45017 -26.45017 -26.45017
 -26.52921 -26.52920 -26.52920 -26.52920 -26.52920
 -26.60733 -26.60733 -26.60733 -26.60733 -26.60733
 -26.68419 -26.68419 -26.68419 -26.68419 -26.68419
 -26.75922 -26.75923 -26.75923 -26.75923 -26.75923
 -26.83011 -26.83011 -26.83011 -26.83011 -26.83011
 -26.86526 -26.86525 -26.86526 -26.86526 -26.86526
 -26.74588 -26.74589 -26.74589 -26.74590 -26.74591
 -26.50034 -26.50034 -26.50035 -26.50036 -26.50039
 -26.30880 -26.30880 -26.30880 -26.30883 -26.30886
 -26.22309 -26.22310 -26.22311 -26.22313 -26.22316
 -26.22562 -26.22562 -26.22562 -26.22565 -26.22568
 -26.28800 -26.28800 -26.28801 -26.28802 -26.28805
 -26.38376 -26.38376 -26.38377 -26.38378 -26.38381
 -26.48922 -26.48923 -26.48923 -26.48924 -26.48926
 -26.58582 -26.58582 -26.58582 -26.58583 -26.58585
 -26.66403 -26.66403 -26.66403 -26.66404 -26.66405
 -26.72545 -26.72545 -26.72545 -26.72546 -26.72547
 -26.77792 -26.77792 -26.77792 -26.77792 -26.77793
 -26.82905 -26.82905 -26.82905 -26.82905 -26.82905
 -26.88356 -26.88356 -26.88356 -26.88356 -26.88356
 -26.94359 -26.94359 -26.94359 -26.94359 -26.94359
 --------------------/ IPRT= 1  / IGRD= 1  /PRB CALC/ Z1=31   / DATE= 13.05.98  
 -25.60724 -25.60724 -25.60724 -25.60724 -25.60724
 -25.68819 -25.68818 -25.68819 -25.68819 -25.68819
 -25.76907 -25.76907 -25.76908 -25.76908 -25.76908
 -25.84993 -25.84992 -25.84993 -25.84993 -25.84993
 -25.93070 -25.93070 -25.93070 -25.93070 -25.93069
 -26.01136 -26.01136 -26.01136 -26.01136 -26.01136
 -26.09184 -26.09184 -26.09184 -26.09184 -26.09184
 -26.17210 -26.17210 -26.17210 -26.17210 -26.17210
 -26.25200 -26.25200 -26.25200 -26.25200 -26.25200
 -26.33147 -26.33147 -26.33147 -26.33147 -26.33147
 -26.41032 -26.41032 -26.41032 -26.41032 -26.41032
 -26.48829 -26.48828 -26.48828 -26.48828 -26.48829
 -26.56487 -26.56487 -26.56487 -26.56487 -26.56487
 -26.63897 -26.63897 -26.63897 -26.63897 -26.63897
 -26.70081 -26.70081 -26.70081 -26.70081 -26.70081
 -26.70214 -26.70215 -26.70214 -26.70216 -26.70216
 -26.60770 -26.60769 -26.60770 -26.60771 -26.60773
 -26.49526 -26.49526 -26.49526 -26.49527 -26.49530
 -26.43714 -26.43715 -26.43715 -26.43716 -26.43719
 -26.44211 -26.44210 -26.44210 -26.44213 -26.44215
 -26.49135 -26.49135 -26.49136 -26.49137 -26.49139
 -26.56109 -26.56109 -26.56110 -26.56111 -26.56112
 -26.62978 -26.62979 -26.62980 -26.62980 -26.62982
 -26.68446 -26.68446 -26.68446 -26.68447 -26.68448
 -26.72361 -26.72362 -26.72362 -26.72362 -26.72363
 -26.75430 -26.75429 -26.75429 -26.75430 -26.75430
 -26.78566 -26.78566 -26.78566 -26.78566 -26.78567
 -26.82318 -26.82317 -26.82317 -26.82317 -26.82317
 -26.86934 -26.86934 -26.86934 -26.86935 -26.86935
 -26.92397 -26.92397 -26.92397 -26.92397 -26.92397
 --------------------/ IPRT= 1  / IGRD= 1  /PRB CALC/ Z1=32   / DATE= 13.05.98  
 -25.44309 -25.44309 -25.44309 -25.44309 -25.44309
 -25.52405 -25.52404 -25.52404 -25.52404 -25.52405
 -25.60500 -25.60500 -25.60500 -25.60500 -25.60500
 -25.68593 -25.68592 -25.68592 -25.68592 -25.68592
 -25.76686 -25.76686 -25.76686 -25.76686 -25.76686
 -25.84781 -25.84781 -25.84781 -25.84781 -25.84781
 -25.92875 -25.92874 -25.92874 -25.92874 -25.92874
 -26.00957 -26.00956 -26.00956 -26.00956 -26.00957
 -26.09014 -26.09014 -26.09014 -26.09014 -26.09014
 -26.17027 -26.17027 -26.17027 -26.17027 -26.17027
 -26.24973 -26.24972 -26.24972 -26.24972 -26.24973
 -26.32825 -26.32824 -26.32824 -26.32824 -26.32824
 -26.40550 -26.40550 -26.40550 -26.40550 -26.40550
 -26.48071 -26.48071 -26.48071 -26.48071 -26.48072
 -26.54518 -26.54518 -26.54518 -26.54517 -26.54518
 -26.54639 -26.54639 -26.54639 -26.54639 -26.54640
 -26.43466 -26.43466 -26.43467 -26.43468 -26.43469
 -26.29710 -26.29711 -26.29712 -26.29713 -26.29715
 -26.22091 -26.22091 -26.22092 -26.22094 -26.22095
 -26.21798 -26.21797 -26.21798 -26.21799 -26.21801
 -26.26989 -26.26989 -26.26989 -26.26991 -26.26993
 -26.35336 -26.35336 -26.35337 -26.35337 -26.35339
 -26.44662 -26.44663 -26.44663 -26.44664 -26.44666
 -26.53309 -26.53308 -26.53310 -26.53309 -26.53310
 -26.60479 -26.60479 -26.60480 -26.60479 -26.60480
 -26.66293 -26.66293 -26.66293 -26.66294 -26.66294
 -26.71471 -26.71472 -26.71471 -26.71471 -26.71472
 -26.76634 -26.76633 -26.76633 -26.76633 -26.76634
 -26.82201 -26.82201 -26.82201 -26.82201 -26.82201
 -26.88287 -26.88287 -26.88287 -26.88287 -26.88287
 --------------------/ IPRT= 1  / IGRD= 1  /PRB CALC/ Z1=33   / DATE= 13.05.98  
 -25.31223 -25.31223 -25.31223 -25.31223 -25.31223
 -25.39319 -25.39319 -25.39319 -25.39319 -25.39319
 -25.47411 -25.47412 -25.47412 -25.47412 -25.47412
 -25.55501 -25.55501 -25.55501 -25.55501 -25.55501
 -25.63584 -25.63584 -25.63584 -25.63584 -25.63584
 -25.71659 -25.71659 -25.71659 -25.71659 -25.71659
 -25.79723 -25.79723 -25.79723 -25.79723 -25.79723
 -25.87768 -25.87768 -25.87768 -25.87768 -25.87768
 -25.95789 -25.95788 -25.95788 -25.95788 -25.95789
 -26.03772 -26.03772 -26.03772 -26.03772 -26.03772
 -26.11705 -26.11705 -26.11705 -26.11705 -26.11705
 -26.19571 -26.19571 -26.19571 -26.19571 -26.19571
 -26.27344 -26.27343 -26.27343 -26.27343 -26.27344
 -26.34967 -26.34966 -26.34966 -26.34967 -26.34967
 -26.42150 -26.42150 -26.42150 -26.42150 -26.42150
 -26.47208 -26.47208 -26.47208 -26.47208 -26.47209
 -26.47282 -26.47282 -26.47282 -26.47283 -26.47284
 -26.43736 -26.43736 -26.43737 -26.43737 -26.43739
 -26.41407 -26.41407 -26.41407 -26.41408 -26.41409
 -26.42642 -26.42642 -26.42642 -26.42643 -26.42644
 -26.46894 -26.46894 -26.46895 -26.46895 -26.46896
 -26.52555 -26.52555 -26.52555 -26.52556 -26.52557
 -26.58066 -26.58066 -26.58066 -26.58066 -26.58067
 -26.62545 -26.62545 -26.62545 -26.62546 -26.62545
 -26.65982 -26.65982 -26.65982 -26.65983 -26.65983
 -26.68933 -26.68933 -26.68934 -26.68934 -26.68934
 -26.72155 -26.72155 -26.72155 -26.72155 -26.72155
 -26.76066 -26.76066 -26.76066 -26.76066 -26.76065
 -26.80854 -26.80854 -26.80854 -26.80854 -26.80854
 -26.86453 -26.86453 -26.86453 -26.86453 -26.86453
 --------------------/ IPRT= 1  / IGRD= 1  /PRB CALC/ Z1=34   / DATE= 13.05.98  
 -25.19214 -25.19214 -25.19214 -25.19214 -25.19214
 -25.27311 -25.27311 -25.27311 -25.27311 -25.27311
 -25.35405 -25.35404 -25.35404 -25.35404 -25.35405
 -25.43495 -25.43495 -25.43495 -25.43495 -25.43495
 -25.51580 -25.51580 -25.51580 -25.51580 -25.51580
 -25.59659 -25.59659 -25.59659 -25.59659 -25.59659
 -25.67726 -25.67725 -25.67725 -25.67725 -25.67725
 -25.75777 -25.75777 -25.75777 -25.75777 -25.75777
 -25.83809 -25.83809 -25.83809 -25.83809 -25.83809
 -25.91817 -25.91817 -25.91817 -25.91817 -25.91817
 -25.99794 -25.99794 -25.99794 -25.99794 -25.99794
 -26.07721 -26.07721 -26.07721 -26.07721 -26.07722
 -26.15564 -26.15564 -26.15564 -26.15564 -26.15564
 -26.23269 -26.23269 -26.23269 -26.23269 -26.23269
 -26.30770 -26.30771 -26.30771 -26.30771 -26.30771
 -26.37988 -26.37988 -26.37988 -26.37988 -26.37988
 -26.44808 -26.44809 -26.44809 -26.44809 -26.44808
 -26.51085 -26.51085 -26.51085 -26.51085 -26.51086
 -26.56581 -26.56581 -26.56581 -26.56581 -26.56581
 -26.60547 -26.60546 -26.60547 -26.60547 -26.60546
 -26.60828 -26.60828 -26.60828 -26.60828 -26.60828
 -26.56537 -26.56537 -26.56537 -26.56538 -26.56538
 -26.51222 -26.51221 -26.51221 -26.51222 -26.51223
 -26.48533 -26.48533 -26.48533 -26.48534 -26.48534
 -26.49319 -26.49319 -26.49319 -26.49319 -26.49320
 -26.52822 -26.52823 -26.52823 -26.52823 -26.52824
 -26.58121 -26.58121 -26.58121 -26.58121 -26.58122
 -26.64491 -26.64490 -26.64490 -26.64491 -26.64491
 -26.71515 -26.71515 -26.71515 -26.71516 -26.71515
 -26.78938 -26.78938 -26.78938 -26.78938 -26.78938
 --------------------/ IPRT= 1  / IGRD= 1  /PRB CALC/ Z1=35   / DATE= 13.05.98  
 -24.71603 -24.71603 -24.71603 -24.71603 -24.71603
 -24.79704 -24.79704 -24.79704 -24.79704 -24.79704
 -24.87806 -24.87806 -24.87806 -24.87806 -24.87806
 -24.95907 -24.95907 -24.95907 -24.95907 -24.95907
 -25.04007 -25.04006 -25.04006 -25.04006 -25.04007
 -25.12107 -25.12107 -25.12107 -25.12107 -25.12107
 -25.20207 -25.20207 -25.20207 -25.20207 -25.20207
 -25.28305 -25.28305 -25.28305 -25.28305 -25.28305
 -25.36402 -25.36401 -25.36401 -25.36401 -25.36401
 -25.44497 -25.44496 -25.44496 -25.44496 -25.44496
 -25.52588 -25.52588 -25.52588 -25.52588 -25.52588
 -25.60674 -25.60674 -25.60674 -25.60674 -25.60674
 -25.68752 -25.68751 -25.68751 -25.68752 -25.68752
 -25.76817 -25.76817 -25.76817 -25.76817 -25.76817
 -25.84865 -25.84865 -25.84864 -25.84864 -25.84865
 -25.92884 -25.92884 -25.92884 -25.92884 -25.92884
 -26.00858 -26.00858 -26.00858 -26.00858 -26.00858
 -26.08752 -26.08752 -26.08752 -26.08752 -26.08752
 -26.16496 -26.16496 -26.16496 -26.16496 -26.16496
 -26.23883 -26.23883 -26.23883 -26.23883 -26.23883
 -26.30286 -26.30287 -26.30287 -26.30286 -26.30286
 -26.34983 -26.34983 -26.34983 -26.34983 -26.34983
 -26.38332 -26.38332 -26.38332 -26.38332 -26.38332
 -26.41577 -26.41577 -26.41577 -26.41577 -26.41576
 -26.45593 -26.45593 -26.45593 -26.45593 -26.45594
 -26.50534 -26.50535 -26.50534 -26.50534 -26.50535
 -26.56292 -26.56292 -26.56293 -26.56293 -26.56293
 -26.62688 -26.62688 -26.62688 -26.62688 -26.62688
 -26.69585 -26.69585 -26.69585 -26.69585 -26.69585
 -26.76860 -26.76860 -26.76860 -26.76860 -26.76860
 --------------------/ IPRT= 1  / IGRD= 1  /PRB CALC/ Z1=36   / DATE= 13.05.98  
 -24.48292 -24.48292 -24.48292 -24.48292 -24.48292
 -24.56394 -24.56394 -24.56394 -24.56394 -24.56394
 -24.64497 -24.64497 -24.64497 -24.64497 -24.64497
 -24.72600 -24.72599 -24.72599 -24.72599 -24.72600
 -24.80703 -24.80703 -24.80703 -24.80703 -24.80703
 -24.88808 -24.88808 -24.88808 -24.88808 -24.88808
 -24.96914 -24.96914 -24.96914 -24.96914 -24.96914
 -25.05021 -25.05022 -25.05022 -25.05022 -25.05021
 -25.13131 -25.13131 -25.13131 -25.13131 -25.13131
 -25.21245 -25.21245 -25.21245 -25.21245 -25.21245
 -25.29366 -25.29366 -25.29366 -25.29366 -25.29366
 -25.37492 -25.37492 -25.37492 -25.37492 -25.37492
 -25.45631 -25.45631 -25.45631 -25.45631 -25.45631
 -25.53782 -25.53782 -25.53782 -25.53782 -25.53782
 -25.61956 -25.61956 -25.61956 -25.61956 -25.61956
 -25.70158 -25.70158 -25.70157 -25.70157 -25.70157
 -25.78393 -25.78392 -25.78393 -25.78393 -25.78393
 -25.86663 -25.86663 -25.86663 -25.86663 -25.86663
 -25.94953 -25.94953 -25.94953 -25.94953 -25.94953
 -26.03218 -26.03218 -26.03218 -26.03218 -26.03218
 -26.11367 -26.11367 -26.11367 -26.11367 -26.11367
 -26.19271 -26.19271 -26.19271 -26.19271 -26.19271
 -26.26827 -26.26827 -26.26827 -26.26827 -26.26827
 -26.33943 -26.33943 -26.33943 -26.33943 -26.33943
 -26.40642 -26.40642 -26.40642 -26.40642 -26.40642
 -26.47075 -26.47075 -26.47075 -26.47076 -26.47075
 -26.53513 -26.53513 -26.53513 -26.53513 -26.53513
 -26.60172 -26.60171 -26.60171 -26.60171 -26.60171
 -26.67143 -26.67143 -26.67143 -26.67144 -26.67143
 -26.74431 -26.74431 -26.74431 -26.74431 -26.74431
