   18    5   30    1   18           /Ar  standard Behringer data set (R.Dux)   
================================================================================
  11.00000  12.00000  13.00000  14.00000  15.00000
   0.00000   0.16203   0.32407   0.48610   0.64813   0.81017   0.97220   1.13423
   1.29627   1.45830   1.62033   1.78237   1.94440   2.10643   2.26847   2.43050
   2.59254   2.75457   2.91660   3.07864   3.24067   3.40270   3.56474   3.72677
   3.88880   4.05084   4.21287   4.37490   4.53694   4.69897
 == 1 ================== Behringer data =========================================
 -14.46418 -14.46418 -14.46418 -14.46418 -14.46418
 -12.24351 -12.24351 -12.24351 -12.24351 -12.24351
 -10.68779 -10.68779 -10.68779 -10.68779 -10.68779
  -9.58976  -9.58976  -9.58976  -9.58976  -9.58976
  -8.80646  -8.80646  -8.80646  -8.80646  -8.80646
  -8.23996  -8.23996  -8.23996  -8.23996  -8.23996
  -7.82426  -7.82426  -7.82426  -7.82426  -7.82426
  -7.51557  -7.51557  -7.51557  -7.51557  -7.51557
  -7.28491  -7.28491  -7.28491  -7.28491  -7.28491
  -7.11308  -7.11308  -7.11308  -7.11308  -7.11308
  -6.98712  -6.98712  -6.98712  -6.98712  -6.98712
  -6.89793  -6.89793  -6.89793  -6.89793  -6.89793
  -6.83855  -6.83855  -6.83855  -6.83855  -6.83855
  -6.80330  -6.80330  -6.80330  -6.80330  -6.80330
  -6.78735  -6.78735  -6.78735  -6.78735  -6.78735
  -6.78670  -6.78670  -6.78670  -6.78670  -6.78670
  -6.79808  -6.79808  -6.79808  -6.79808  -6.79808
  -6.81892  -6.81892  -6.81892  -6.81892  -6.81892
  -6.84722  -6.84722  -6.84722  -6.84722  -6.84722
  -6.88146  -6.88146  -6.88146  -6.88146  -6.88146
  -6.92050  -6.92050  -6.92050  -6.92050  -6.92050
  -6.96345  -6.96345  -6.96345  -6.96345  -6.96345
  -7.00964  -7.00964  -7.00964  -7.00964  -7.00964
  -7.05854  -7.05854  -7.05854  -7.05854  -7.05854
  -7.10976  -7.10976  -7.10976  -7.10976  -7.10976
  -7.16296  -7.16296  -7.16296  -7.16296  -7.16296
  -7.21789  -7.21789  -7.21789  -7.21789  -7.21789
  -7.27434  -7.27434  -7.27434  -7.27434  -7.27434
  -7.33213  -7.33213  -7.33213  -7.33213  -7.33213
  -7.39112  -7.39112  -7.39112  -7.39112  -7.39112
 == 2 ================== Behringer data =========================================
 -19.88106 -19.88106 -19.88106 -19.88106 -19.88106
 -16.07020 -16.07020 -16.07020 -16.07020 -16.07020
 -13.42283 -13.42283 -13.42283 -13.42283 -13.42283
 -11.57693 -11.57693 -11.57693 -11.57693 -11.57693
 -10.28258 -10.28258 -10.28258 -10.28258 -10.28258
  -9.36766  -9.36766  -9.36766  -9.36766  -9.36766
  -8.71510  -8.71510  -8.71510  -8.71510  -8.71510
  -8.24607  -8.24607  -8.24607  -8.24607  -8.24607
  -7.90724  -7.90724  -7.90724  -7.90724  -7.90724
  -7.66207  -7.66207  -7.66207  -7.66207  -7.66207
  -7.48521  -7.48521  -7.48521  -7.48521  -7.48521
  -7.35903  -7.35903  -7.35903  -7.35903  -7.35903
  -7.27126  -7.27126  -7.27126  -7.27126  -7.27126
  -7.21318  -7.21318  -7.21318  -7.21318  -7.21318
  -7.17839  -7.17839  -7.17839  -7.17839  -7.17839
  -7.16200  -7.16200  -7.16200  -7.16200  -7.16200
  -7.16023  -7.16023  -7.16023  -7.16023  -7.16023
  -7.17009  -7.17009  -7.17009  -7.17009  -7.17009
  -7.18923  -7.18923  -7.18923  -7.18923  -7.18923
  -7.21582  -7.21582  -7.21582  -7.21582  -7.21582
  -7.24844  -7.24844  -7.24844  -7.24844  -7.24844
  -7.28598  -7.28598  -7.28598  -7.28598  -7.28598
  -7.32758  -7.32758  -7.32758  -7.32758  -7.32758
  -7.37256  -7.37256  -7.37256  -7.37256  -7.37256
  -7.42039  -7.42039  -7.42039  -7.42039  -7.42039
  -7.47066  -7.47066  -7.47066  -7.47066  -7.47066
  -7.52301  -7.52301  -7.52301  -7.52301  -7.52301
  -7.57718  -7.57718  -7.57718  -7.57718  -7.57718
  -7.63295  -7.63295  -7.63295  -7.63295  -7.63295
  -7.69014  -7.69014  -7.69014  -7.69014  -7.69014
 == 3 ================== Behringer data =========================================
 -26.00795 -26.00795 -26.00795 -26.00795 -26.00795
 -20.39843 -20.39843 -20.39843 -20.39843 -20.39843
 -16.51244 -16.51244 -16.51244 -16.51244 -16.51244
 -13.81326 -13.81326 -13.81326 -13.81326 -13.81326
 -11.93004 -11.93004 -11.93004 -11.93004 -11.93004
 -10.60707 -10.60707 -10.60707 -10.60707 -10.60707
  -9.67028  -9.67028  -9.67028  -9.67028  -9.67028
  -9.00259  -9.00259  -9.00259  -9.00259  -9.00259
  -8.52486  -8.52486  -8.52486  -8.52486  -8.52486
  -8.18258  -8.18258  -8.18258  -8.18258  -8.18258
  -7.93753  -7.93753  -7.93753  -7.93753  -7.93753
  -7.76281  -7.76281  -7.76281  -7.76281  -7.76281
  -7.63953  -7.63953  -7.63953  -7.63953  -7.63953
  -7.55459  -7.55459  -7.55459  -7.55459  -7.55459
  -7.49884  -7.49884  -7.49884  -7.49884  -7.49884
  -7.46577  -7.46577  -7.46577  -7.46577  -7.46577
  -7.45055  -7.45055  -7.45055  -7.45055  -7.45055
  -7.44951  -7.44951  -7.44951  -7.44951  -7.44951
  -7.45979  -7.45979  -7.45979  -7.45979  -7.45979
  -7.47916  -7.47916  -7.47916  -7.47916  -7.47916
  -7.50585  -7.50585  -7.50585  -7.50585  -7.50585
  -7.53849  -7.53849  -7.53849  -7.53849  -7.53849
  -7.57601  -7.57601  -7.57601  -7.57601  -7.57601
  -7.61757  -7.61757  -7.61757  -7.61757  -7.61757
  -7.66250  -7.66250  -7.66250  -7.66250  -7.66250
  -7.71028  -7.71028  -7.71028  -7.71028  -7.71028
  -7.76049  -7.76049  -7.76049  -7.76049  -7.76049
  -7.81279  -7.81279  -7.81279  -7.81279  -7.81279
  -7.86691  -7.86691  -7.86691  -7.86691  -7.86691
  -7.92264  -7.92264  -7.92264  -7.92264  -7.92264
 == 4 ================== Behringer data =========================================
 -34.52937 -34.52937 -34.52937 -34.52937 -34.52937
 -26.37729 -26.37729 -26.37729 -26.37729 -26.37729
 -20.73958 -20.73958 -20.73958 -20.73958 -20.73958
 -16.83104 -16.83104 -16.83104 -16.83104 -16.83104
 -14.10981 -14.10981 -14.10981 -14.10981 -14.10981
 -12.20503 -12.20503 -12.20503 -12.20503 -12.20503
 -10.86525 -10.86525 -10.86525 -10.86525 -10.86525
  -9.91973  -9.91973  -9.91973  -9.91973  -9.91973
  -9.25126  -9.25126  -9.25126  -9.25126  -9.25126
  -8.77835  -8.77835  -8.77835  -8.77835  -8.77835
  -8.44395  -8.44395  -8.44395  -8.44395  -8.44395
  -8.20790  -8.20790  -8.20790  -8.20790  -8.20790
  -8.04196  -8.04196  -8.04196  -8.04196  -8.04196
  -7.92644  -7.92644  -7.92644  -7.92644  -7.92644
  -7.84785  -7.84785  -7.84785  -7.84785  -7.84785
  -7.79700  -7.79700  -7.79700  -7.79700  -7.79700
  -7.76751  -7.76751  -7.76751  -7.76751  -7.76751
  -7.75486  -7.75486  -7.75486  -7.75486  -7.75486
  -7.75561  -7.75561  -7.75561  -7.75561  -7.75561
  -7.76715  -7.76715  -7.76715  -7.76715  -7.76715
  -7.78740  -7.78740  -7.78740  -7.78740  -7.78740
  -7.81472  -7.81472  -7.81472  -7.81472  -7.81472
  -7.84782  -7.84782  -7.84782  -7.84782  -7.84782
  -7.88568  -7.88568  -7.88568  -7.88568  -7.88568
  -7.92749  -7.92749  -7.92749  -7.92749  -7.92749
  -7.97261  -7.97261  -7.97261  -7.97261  -7.97261
  -8.02055  -8.02055  -8.02055  -8.02055  -8.02055
  -8.07088  -8.07088  -8.07088  -8.07088  -8.07088
  -8.12329  -8.12329  -8.12329  -8.12329  -8.12329
  -8.17750  -8.17750  -8.17750  -8.17750  -8.17750
 == 5 ================== Behringer data =========================================
 -40.00000 -40.00000 -40.00000 -40.00000 -40.00000
 -31.38740 -31.38740 -31.38740 -31.38740 -31.38740
 -24.30576 -24.30576 -24.30576 -24.30576 -24.30576
 -19.40246 -19.40246 -19.40246 -19.40246 -19.40246
 -15.99364 -15.99364 -15.99364 -15.99364 -15.99364
 -13.60979 -13.60979 -13.60979 -13.60979 -13.60979
 -11.93328 -11.93328 -11.93328 -11.93328 -11.93328
 -10.74988 -10.74988 -10.74988 -10.74988 -10.74988
  -9.91305  -9.91305  -9.91305  -9.91305  -9.91305
  -9.32091  -9.32091  -9.32091  -9.32091  -9.32091
  -8.90197  -8.90197  -8.90197  -8.90197  -8.90197
  -8.60588  -8.60588  -8.60588  -8.60588  -8.60588
  -8.39711  -8.39711  -8.39711  -8.39711  -8.39711
  -8.25074  -8.25074  -8.25074  -8.25074  -8.25074
  -8.14947  -8.14947  -8.14947  -8.14947  -8.14947
  -8.08149  -8.08149  -8.08149  -8.08149  -8.08149
  -8.03876  -8.03876  -8.03876  -8.03876  -8.03876
  -8.01564  -8.01564  -8.01564  -8.01564  -8.01564
  -8.00804  -8.00804  -8.00804  -8.00804  -8.00804
  -8.01286  -8.01286  -8.01286  -8.01286  -8.01286
  -8.02767  -8.02767  -8.02767  -8.02767  -8.02767
  -8.05058  -8.05058  -8.05058  -8.05058  -8.05058
  -8.08006  -8.08006  -8.08006  -8.08006  -8.08006
  -8.11494  -8.11494  -8.11494  -8.11494  -8.11494
  -8.15427  -8.15427  -8.15427  -8.15427  -8.15427
  -8.19732  -8.19732  -8.19732  -8.19732  -8.19732
  -8.24348  -8.24348  -8.24348  -8.24348  -8.24348
  -8.29230  -8.29230  -8.29230  -8.29230  -8.29230
  -8.34340  -8.34340  -8.34340  -8.34340  -8.34340
  -8.39647  -8.39647  -8.39647  -8.39647  -8.39647
 == 6 ================== Behringer data =========================================
 -40.00000 -40.00000 -40.00000 -40.00000 -40.00000
 -36.63958 -36.63958 -36.63958 -36.63958 -36.63958
 -28.06732 -28.06732 -28.06732 -28.06732 -28.06732
 -22.13562 -22.13562 -22.13562 -22.13562 -22.13562
 -18.01158 -18.01158 -18.01158 -18.01158 -18.01158
 -15.12226 -15.12226 -15.12226 -15.12226 -15.12226
 -13.08395 -13.08395 -13.08395 -13.08395 -13.08395
 -11.64149 -11.64149 -11.64149 -11.64149 -11.64149
 -10.62029 -10.62029 -10.62029 -10.62029 -10.62029
  -9.89758  -9.89758  -9.89758  -9.89758  -9.89758
  -9.38631  -9.38631  -9.38631  -9.38631  -9.38631
  -9.02489  -9.02489  -9.02489  -9.02489  -9.02489
  -8.76977  -8.76977  -8.76977  -8.76977  -8.76977
  -8.59030  -8.59030  -8.59030  -8.59030  -8.59030
  -8.46506  -8.46506  -8.46506  -8.46506  -8.46506
  -8.37930  -8.37930  -8.37930  -8.37930  -8.37930
  -8.32302  -8.32302  -8.32302  -8.32302  -8.32302
  -8.28932  -8.28932  -8.28932  -8.28932  -8.28932
  -8.27333  -8.27333  -8.27333  -8.27333  -8.27333
  -8.27143  -8.27143  -8.27143  -8.27143  -8.27143
  -8.28082  -8.28082  -8.28082  -8.28082  -8.28082
  -8.29934  -8.29934  -8.29934  -8.29934  -8.29934
  -8.32525  -8.32525  -8.32525  -8.32525  -8.32525
  -8.35719  -8.35719  -8.35719  -8.35719  -8.35719
  -8.39410  -8.39410  -8.39410  -8.39410  -8.39410
  -8.43512  -8.43512  -8.43512  -8.43512  -8.43512
  -8.47958  -8.47958  -8.47958  -8.47958  -8.47958
  -8.52694  -8.52694  -8.52694  -8.52694  -8.52694
  -8.57679  -8.57679  -8.57679  -8.57679  -8.57679
  -8.62877  -8.62877  -8.62877  -8.62877  -8.62877
 == 7 ================== Behringer data =========================================
 -40.00000 -40.00000 -40.00000 -40.00000 -40.00000
 -40.00000 -40.00000 -40.00000 -40.00000 -40.00000
 -40.00000 -40.00000 -40.00000 -40.00000 -40.00000
 -40.00000 -40.00000 -40.00000 -40.00000 -40.00000
 -21.30860 -21.30860 -21.30860 -21.30860 -21.30860
 -17.43261 -17.43261 -17.43261 -17.43261 -17.43261
 -14.74260 -14.74260 -14.74260 -14.74260 -14.74260
 -12.87086 -12.87086 -12.87086 -12.87086 -12.87086
 -11.56459 -11.56459 -11.56459 -11.56459 -11.56459
 -10.65008 -10.65008 -10.65008 -10.65008 -10.65008
 -10.00769 -10.00769 -10.00769 -10.00769 -10.00769
  -9.55363  -9.55363  -9.55363  -9.55363  -9.55363
  -9.22777  -9.22777  -9.22777  -9.22777  -9.22777
  -8.98801  -8.98801  -8.98801  -8.98801  -8.98801
  -8.80777  -8.80777  -8.80777  -8.80777  -8.80777
  -8.67180  -8.67180  -8.67180  -8.67180  -8.67180
  -8.57105  -8.57105  -8.57105  -8.57105  -8.57105
  -8.49911  -8.49911  -8.49911  -8.49911  -8.49911
  -8.45075  -8.45075  -8.45075  -8.45075  -8.45075
  -8.42161  -8.42161  -8.42161  -8.42161  -8.42161
  -8.40815  -8.40815  -8.40815  -8.40815  -8.40815
  -8.40754  -8.40754  -8.40754  -8.40754  -8.40754
  -8.41748  -8.41748  -8.41748  -8.41748  -8.41748
  -8.43611  -8.43611  -8.43611  -8.43611  -8.43611
  -8.46191  -8.46191  -8.46191  -8.46191  -8.46191
  -8.49364  -8.49364  -8.49364  -8.49364  -8.49364
  -8.53029  -8.53029  -8.53029  -8.53029  -8.53029
  -8.57106  -8.57106  -8.57106  -8.57106  -8.57106
  -8.61529  -8.61529  -8.61529  -8.61529  -8.61529
  -8.66245  -8.66245  -8.66245  -8.66245  -8.66245
 == 8 ================== Behringer data =========================================
 -40.00000 -40.00000 -40.00000 -40.00000 -40.00000
 -40.00000 -40.00000 -40.00000 -40.00000 -40.00000
 -40.00000 -40.00000 -40.00000 -40.00000 -40.00000
 -40.00000 -40.00000 -40.00000 -40.00000 -40.00000
 -23.48243 -23.48243 -23.48243 -23.48243 -23.48243
 -19.05842 -19.05842 -19.05842 -19.05842 -19.05842
 -15.99058 -15.99058 -15.99058 -15.99058 -15.99058
 -13.85804 -13.85804 -13.85804 -13.85804 -13.85804
 -12.37140 -12.37140 -12.37140 -12.37140 -12.37140
 -11.33175 -11.33175 -11.33175 -11.33175 -11.33175
 -10.60174 -10.60174 -10.60174 -10.60174 -10.60174
 -10.08375 -10.08375 -10.08375 -10.08375 -10.08375
  -9.70564  -9.70564  -9.70564  -9.70564  -9.70564
  -9.41749  -9.41749  -9.41749  -9.41749  -9.41749
  -9.19148  -9.19148  -9.19148  -9.19148  -9.19148
  -9.01488  -9.01488  -9.01488  -9.01488  -9.01488
  -8.88045  -8.88045  -8.88045  -8.88045  -8.88045
  -8.78171  -8.78171  -8.78171  -8.78171  -8.78171
  -8.71231  -8.71231  -8.71231  -8.71231  -8.71231
  -8.66663  -8.66663  -8.66663  -8.66663  -8.66663
  -8.64007  -8.64007  -8.64007  -8.64007  -8.64007
  -8.62898  -8.62898  -8.62898  -8.62898  -8.62898
  -8.63051  -8.63051  -8.63051  -8.63051  -8.63051
  -8.64235  -8.64235  -8.64235  -8.64235  -8.64235
  -8.66265  -8.66265  -8.66265  -8.66265  -8.66265
  -8.68989  -8.68989  -8.68989  -8.68989  -8.68989
  -8.72285  -8.72285  -8.72285  -8.72285  -8.72285
  -8.76056  -8.76056  -8.76056  -8.76056  -8.76056
  -8.80222  -8.80222  -8.80222  -8.80222  -8.80222
  -8.84721  -8.84721  -8.84721  -8.84721  -8.84721
 == 9 ================== Behringer data =========================================
 -40.00000 -40.00000 -40.00000 -40.00000 -40.00000
 -40.00000 -40.00000 -40.00000 -40.00000 -40.00000
 -40.00000 -40.00000 -40.00000 -40.00000 -40.00000
 -40.00000 -40.00000 -40.00000 -40.00000 -40.00000
 -40.00000 -40.00000 -40.00000 -40.00000 -40.00000
 -38.03788 -38.03788 -38.03788 -38.03788 -38.03788
 -29.10264 -29.10264 -29.10264 -29.10264 -29.10264
 -22.92620 -22.92620 -22.92620 -22.92620 -22.92620
 -18.64897 -18.64897 -18.64897 -18.64897 -18.64897
 -15.67834 -15.67834 -15.67834 -15.67834 -15.67834
 -13.60707 -13.60707 -13.60707 -13.60707 -13.60707
 -12.15677 -12.15677 -12.15677 -12.15677 -12.15677
 -11.13757 -11.13757 -11.13757 -11.13757 -11.13757
 -10.41938 -10.41938 -10.41938 -10.41938 -10.41938
  -9.91248  -9.91248  -9.91248  -9.91248  -9.91248
  -9.55456  -9.55456  -9.55456  -9.55456  -9.55456
  -9.30208  -9.30208  -9.30208  -9.30208  -9.30208
  -9.12453  -9.12453  -9.12453  -9.12453  -9.12453
  -9.00068  -9.00068  -9.00068  -9.00068  -9.00068
  -8.91596  -8.91596  -8.91596  -8.91596  -8.91596
  -8.86046  -8.86046  -8.86046  -8.86046  -8.86046
  -8.82738  -8.82738  -8.82738  -8.82738  -8.82738
  -8.81187  -8.81187  -8.81187  -8.81187  -8.81187
  -8.81035  -8.81035  -8.81035  -8.81035  -8.81035
  -8.82006  -8.82006  -8.82006  -8.82006  -8.82006
  -8.83883  -8.83883  -8.83883  -8.83883  -8.83883
  -8.86494  -8.86494  -8.86494  -8.86494  -8.86494
  -8.89706  -8.89706  -8.89706  -8.89706  -8.89706
  -8.93410  -8.93410  -8.93410  -8.93410  -8.93410
  -8.97523  -8.97523  -8.97523  -8.97523  -8.97523
 ==10 ================== Behringer data =========================================
 -40.00000 -40.00000 -40.00000 -40.00000 -40.00000
 -40.00000 -40.00000 -40.00000 -40.00000 -40.00000
 -40.00000 -40.00000 -40.00000 -40.00000 -40.00000
 -40.00000 -40.00000 -40.00000 -40.00000 -40.00000
 -40.00000 -40.00000 -40.00000 -40.00000 -40.00000
 -40.00000 -40.00000 -40.00000 -40.00000 -40.00000
 -31.88157 -31.88157 -31.88157 -31.88157 -31.88157
 -24.89675 -24.89675 -24.89675 -24.89675 -24.89675
 -20.06118 -20.06118 -20.06118 -20.06118 -20.06118
 -16.70361 -16.70361 -16.70361 -16.70361 -16.70361
 -14.36349 -14.36349 -14.36349 -14.36349 -14.36349
 -12.72633 -12.72633 -12.72633 -12.72633 -12.72633
 -11.57725 -11.57725 -11.57725 -11.57725 -11.57725
 -10.76867 -10.76867 -10.76867 -10.76867 -10.76867
 -10.19866 -10.19866 -10.19866 -10.19866 -10.19866
  -9.79650  -9.79650  -9.79650  -9.79650  -9.79650
  -9.51286  -9.51286  -9.51286  -9.51286  -9.51286
  -9.31323  -9.31323  -9.31323  -9.31323  -9.31323
  -9.17355  -9.17355  -9.17355  -9.17355  -9.17355
  -9.07724  -9.07724  -9.07724  -9.07724  -9.07724
  -9.01301  -9.01301  -9.01301  -9.01301  -9.01301
  -8.97318  -8.97318  -8.97318  -8.97318  -8.97318
  -8.95235  -8.95235  -8.95235  -8.95235  -8.95235
  -8.94659  -8.94659  -8.94659  -8.94659  -8.94659
  -8.95289  -8.95289  -8.95289  -8.95289  -8.95289
  -8.96890  -8.96890  -8.96890  -8.96890  -8.96890
  -8.99277  -8.99277  -8.99277  -8.99277  -8.99277
  -9.02306  -9.02306  -9.02306  -9.02306  -9.02306
  -9.05859  -9.05859  -9.05859  -9.05859  -9.05859
  -9.09847  -9.09847  -9.09847  -9.09847  -9.09847
 ==11 ================== Behringer data =========================================
 -40.00000 -40.00000 -40.00000 -40.00000 -40.00000
 -40.00000 -40.00000 -40.00000 -40.00000 -40.00000
 -40.00000 -40.00000 -40.00000 -40.00000 -40.00000
 -40.00000 -40.00000 -40.00000 -40.00000 -40.00000
 -40.00000 -40.00000 -40.00000 -40.00000 -40.00000
 -40.00000 -40.00000 -40.00000 -40.00000 -40.00000
 -34.85778 -34.85778 -34.85778 -34.85778 -34.85778
 -27.00583 -27.00583 -27.00583 -27.00583 -27.00583
 -21.56994 -21.56994 -21.56994 -21.56994 -21.56994
 -17.79536 -17.79536 -17.79536 -17.79536 -17.79536
 -15.16549 -15.16549 -15.16549 -15.16549 -15.16549
 -13.32746 -13.32746 -13.32746 -13.32746 -13.32746
 -12.03933 -12.03933 -12.03933 -12.03933 -12.03933
 -11.13442 -11.13442 -11.13442 -11.13442 -11.13442
 -10.49744 -10.49744 -10.49744 -10.49744 -10.49744
 -10.04849 -10.04849 -10.04849 -10.04849 -10.04849
  -9.73200  -9.73200  -9.73200  -9.73200  -9.73200
  -9.50916  -9.50916  -9.50916  -9.50916  -9.50916
  -9.35293  -9.35293  -9.35293  -9.35293  -9.35293
  -9.24459  -9.24459  -9.24459  -9.24459  -9.24459
  -9.17139  -9.17139  -9.17139  -9.17139  -9.17139
  -9.12468  -9.12468  -9.12468  -9.12468  -9.12468
  -9.09846  -9.09846  -9.09846  -9.09846  -9.09846
  -9.08841  -9.08841  -9.08841  -9.08841  -9.08841
  -9.09127  -9.09127  -9.09127  -9.09127  -9.09127
  -9.10450  -9.10450  -9.10450  -9.10450  -9.10450
  -9.12613  -9.12613  -9.12613  -9.12613  -9.12613
  -9.15458  -9.15458  -9.15458  -9.15458  -9.15458
  -9.18860  -9.18860  -9.18860  -9.18860  -9.18860
  -9.22723  -9.22723  -9.22723  -9.22723  -9.22723
 ==12 ================== Behringer data =========================================
 -40.00000 -40.00000 -40.00000 -40.00000 -40.00000
 -40.00000 -40.00000 -40.00000 -40.00000 -40.00000
 -40.00000 -40.00000 -40.00000 -40.00000 -40.00000
 -40.00000 -40.00000 -40.00000 -40.00000 -40.00000
 -40.00000 -40.00000 -40.00000 -40.00000 -40.00000
 -40.00000 -40.00000 -40.00000 -40.00000 -40.00000
 -38.74253 -38.74253 -38.74253 -38.74253 -38.74253
 -29.73234 -29.73234 -29.73234 -29.73234 -29.73234
 -23.49093 -23.49093 -23.49093 -23.49093 -23.49093
 -19.16015 -19.16015 -19.16015 -19.16015 -19.16015
 -16.14997 -16.14997 -16.14997 -16.14997 -16.14997
 -14.05351 -14.05351 -14.05351 -14.05351 -14.05351
 -12.58987 -12.58987 -12.58987 -12.58987 -12.58987
 -11.56523 -11.56523 -11.56523 -11.56523 -11.56523
 -10.84602 -10.84602 -10.84602 -10.84602 -10.84602
 -10.34013 -10.34013 -10.34013 -10.34013 -10.34013
  -9.98393  -9.98393  -9.98393  -9.98393  -9.98393
  -9.73322  -9.73322  -9.73322  -9.73322  -9.73322
  -9.55721  -9.55721  -9.55721  -9.55721  -9.55721
  -9.43463  -9.43463  -9.43463  -9.43463  -9.43463
  -9.35092  -9.35092  -9.35092  -9.35092  -9.35092
  -9.29623  -9.29623  -9.29623  -9.29623  -9.29623
  -9.26379  -9.26379  -9.26379  -9.26379  -9.26379
  -9.24881  -9.24881  -9.24881  -9.24881  -9.24881
  -9.24773  -9.24773  -9.24773  -9.24773  -9.24773
  -9.25779  -9.25779  -9.25779  -9.25779  -9.25779
  -9.27685  -9.27685  -9.27685  -9.27685  -9.27685
  -9.30321  -9.30321  -9.30321  -9.30321  -9.30321
  -9.33552  -9.33552  -9.33552  -9.33552  -9.33552
  -9.37273  -9.37273  -9.37273  -9.37273  -9.37273
 ==13 ================== Behringer data =========================================
 -40.00000 -40.00000 -40.00000 -40.00000 -40.00000
 -40.00000 -40.00000 -40.00000 -40.00000 -40.00000
 -40.00000 -40.00000 -40.00000 -40.00000 -40.00000
 -40.00000 -40.00000 -40.00000 -40.00000 -40.00000
 -40.00000 -40.00000 -40.00000 -40.00000 -40.00000
 -40.00000 -40.00000 -40.00000 -40.00000 -40.00000
 -40.00000 -40.00000 -40.00000 -40.00000 -40.00000
 -32.15198 -32.15198 -32.15198 -32.15198 -32.15198
 -25.22352 -25.22352 -25.22352 -25.22352 -25.22352
 -20.41548 -20.41548 -20.41548 -20.41548 -20.41548
 -17.07419 -17.07419 -17.07419 -17.07419 -17.07419
 -14.74825 -14.74825 -14.74825 -14.74825 -14.74825
 -13.12554 -13.12554 -13.12554 -13.12554 -13.12554
 -11.99047 -11.99047 -11.99047 -11.99047 -11.99047
 -11.19435 -11.19435 -11.19435 -11.19435 -11.19435
 -10.63467 -10.63467 -10.63467 -10.63467 -10.63467
 -10.24066 -10.24066 -10.24066 -10.24066 -10.24066
  -9.96326  -9.96326  -9.96326  -9.96326  -9.96326
  -9.76832  -9.76832  -9.76832  -9.76832  -9.76832
  -9.63212  -9.63212  -9.63212  -9.63212  -9.63212
  -9.53842  -9.53842  -9.53842  -9.53842  -9.53842
  -9.47618  -9.47618  -9.47618  -9.47618  -9.47618
  -9.43791  -9.43791  -9.43791  -9.43791  -9.43791
  -9.41832  -9.41832  -9.41832  -9.41832  -9.41832
  -9.41356  -9.41356  -9.41356  -9.41356  -9.41356
  -9.42066  -9.42066  -9.42066  -9.42066  -9.42066
  -9.43732  -9.43732  -9.43732  -9.43732  -9.43732
  -9.46173  -9.46173  -9.46173  -9.46173  -9.46173
  -9.49245  -9.49245  -9.49245  -9.49245  -9.49245
  -9.52835  -9.52835  -9.52835  -9.52835  -9.52835
 ==14 ================== Behringer data =========================================
 -40.00000 -40.00000 -40.00000 -40.00000 -40.00000
 -40.00000 -40.00000 -40.00000 -40.00000 -40.00000
 -40.00000 -40.00000 -40.00000 -40.00000 -40.00000
 -40.00000 -40.00000 -40.00000 -40.00000 -40.00000
 -40.00000 -40.00000 -40.00000 -40.00000 -40.00000
 -40.00000 -40.00000 -40.00000 -40.00000 -40.00000
 -40.00000 -40.00000 -40.00000 -40.00000 -40.00000
 -34.70097 -34.70097 -34.70097 -34.70097 -34.70097
 -27.05900 -27.05900 -27.05900 -27.05900 -27.05900
 -21.75123 -21.75123 -21.75123 -21.75123 -21.75123
 -18.06174 -18.06174 -18.06174 -18.06174 -18.06174
 -15.49413 -15.49413 -15.49413 -15.49413 -15.49413
 -13.70392 -13.70392 -13.70392 -13.70392 -13.70392
 -12.45267 -12.45267 -12.45267 -12.45267 -12.45267
 -11.57574 -11.57574 -11.57574 -11.57574 -11.57574
 -10.95962 -10.95962 -10.95962 -10.95962 -10.95962
 -10.52603 -10.52603 -10.52603 -10.52603 -10.52603
 -10.22072 -10.22072 -10.22072 -10.22072 -10.22072
 -10.00601 -10.00601 -10.00601 -10.00601 -10.00601
  -9.85567  -9.85567  -9.85567  -9.85567  -9.85567
  -9.75165  -9.75165  -9.75165  -9.75165  -9.75165
  -9.68170  -9.68170  -9.68170  -9.68170  -9.68170
  -9.63749  -9.63749  -9.63749  -9.63749  -9.63749
  -9.61324  -9.61324  -9.61324  -9.61324  -9.61324
  -9.60476  -9.60476  -9.60476  -9.60476  -9.60476
  -9.60888  -9.60888  -9.60888  -9.60888  -9.60888
  -9.62314  -9.62314  -9.62314  -9.62314  -9.62314
  -9.64559  -9.64559  -9.64559  -9.64559  -9.64559
  -9.67471  -9.67471  -9.67471  -9.67471  -9.67471
  -9.70930  -9.70930  -9.70930  -9.70930  -9.70930
 ==15 ================== Behringer data =========================================
 -40.00000 -40.00000 -40.00000 -40.00000 -40.00000
 -40.00000 -40.00000 -40.00000 -40.00000 -40.00000
 -40.00000 -40.00000 -40.00000 -40.00000 -40.00000
 -40.00000 -40.00000 -40.00000 -40.00000 -40.00000
 -40.00000 -40.00000 -40.00000 -40.00000 -40.00000
 -40.00000 -40.00000 -40.00000 -40.00000 -40.00000
 -40.00000 -40.00000 -40.00000 -40.00000 -40.00000
 -40.00000 -40.00000 -40.00000 -40.00000 -40.00000
 -40.00000 -40.00000 -40.00000 -40.00000 -40.00000
 -40.00000 -40.00000 -40.00000 -40.00000 -40.00000
 -19.19233 -19.19233 -19.19233 -19.19233 -19.19233
 -16.34754 -16.34754 -16.34754 -16.34754 -16.34754
 -14.36893 -14.36893 -14.36893 -14.36893 -14.36893
 -12.98874 -12.98874 -12.98874 -12.98874 -12.98874
 -12.02297 -12.02297 -12.02297 -12.02297 -12.02297
 -11.34524 -11.34524 -11.34524 -11.34524 -11.34524
 -10.86863 -10.86863 -10.86863 -10.86863 -10.86863
 -10.53301 -10.53301 -10.53301 -10.53301 -10.53301
 -10.29636 -10.29636 -10.29636 -10.29636 -10.29636
 -10.12906 -10.12906 -10.12906 -10.12906 -10.12906
 -10.01065 -10.01065 -10.01065 -10.01065 -10.01065
  -9.92763  -9.92763  -9.92763  -9.92763  -9.92763
  -9.87134  -9.87134  -9.87134  -9.87134  -9.87134
  -9.83603  -9.83603  -9.83603  -9.83603  -9.83603
  -9.81762  -9.81762  -9.81762  -9.81762  -9.81762
  -9.81294  -9.81294  -9.81294  -9.81294  -9.81294
  -9.81948  -9.81948  -9.81948  -9.81948  -9.81948
  -9.83523  -9.83523  -9.83523  -9.83523  -9.83523
  -9.85856  -9.85856  -9.85856  -9.85856  -9.85856
  -9.88818  -9.88818  -9.88818  -9.88818  -9.88818
 ==16 ================== Behringer data =========================================
 -40.00000 -40.00000 -40.00000 -40.00000 -40.00000
 -40.00000 -40.00000 -40.00000 -40.00000 -40.00000
 -40.00000 -40.00000 -40.00000 -40.00000 -40.00000
 -40.00000 -40.00000 -40.00000 -40.00000 -40.00000
 -40.00000 -40.00000 -40.00000 -40.00000 -40.00000
 -40.00000 -40.00000 -40.00000 -40.00000 -40.00000
 -40.00000 -40.00000 -40.00000 -40.00000 -40.00000
 -40.00000 -40.00000 -40.00000 -40.00000 -40.00000
 -40.00000 -40.00000 -40.00000 -40.00000 -40.00000
 -40.00000 -40.00000 -40.00000 -40.00000 -40.00000
 -20.20973 -20.20973 -20.20973 -20.20973 -20.20973
 -17.16022 -17.16022 -17.16022 -17.16022 -17.16022
 -15.04032 -15.04032 -15.04032 -15.04032 -15.04032
 -13.56242 -13.56242 -13.56242 -13.56242 -13.56242
 -12.52890 -12.52890 -12.52890 -12.52890 -12.52890
 -11.80400 -11.80400 -11.80400 -11.80400 -11.80400
 -11.29436 -11.29436 -11.29436 -11.29436 -11.29436
 -10.93538 -10.93538 -10.93538 -10.93538 -10.93538
 -10.68161 -10.68161 -10.68161 -10.68161 -10.68161
 -10.50058 -10.50058 -10.50058 -10.50058 -10.50058
 -10.36987 -10.36987 -10.36987 -10.36987 -10.36987
 -10.27516 -10.27516 -10.27516 -10.27516 -10.27516
 -10.20784 -10.20784 -10.20784 -10.20784 -10.20784
 -10.16243 -10.16243 -10.16243 -10.16243 -10.16243
 -10.13504 -10.13504 -10.13504 -10.13504 -10.13504
 -10.12251 -10.12251 -10.12251 -10.12251 -10.12251
 -10.12227 -10.12227 -10.12227 -10.12227 -10.12227
 -10.13222 -10.13222 -10.13222 -10.13222 -10.13222
 -10.15063 -10.15063 -10.15063 -10.15063 -10.15063
 -10.17608 -10.17608 -10.17608 -10.17608 -10.17608
 ==17 ================== Behringer data =========================================
 -40.00000 -40.00000 -40.00000 -40.00000 -40.00000
 -40.00000 -40.00000 -40.00000 -40.00000 -40.00000
 -40.00000 -40.00000 -40.00000 -40.00000 -40.00000
 -40.00000 -40.00000 -40.00000 -40.00000 -40.00000
 -40.00000 -40.00000 -40.00000 -40.00000 -40.00000
 -40.00000 -40.00000 -40.00000 -40.00000 -40.00000
 -40.00000 -40.00000 -40.00000 -40.00000 -40.00000
 -40.00000 -40.00000 -40.00000 -40.00000 -40.00000
 -40.00000 -40.00000 -40.00000 -40.00000 -40.00000
 -40.00000 -40.00000 -40.00000 -40.00000 -40.00000
 -40.00000 -40.00000 -40.00000 -40.00000 -40.00000
 -40.00000 -40.00000 -40.00000 -40.00000 -40.00000
 -31.82732 -31.82732 -31.82732 -31.82732 -31.82732
 -25.41552 -25.41552 -25.41552 -25.41552 -25.41552
 -20.97781 -20.97781 -20.97781 -20.97781 -20.97781
 -17.90051 -17.90051 -17.90051 -17.90051 -17.90051
 -15.76145 -15.76145 -15.76145 -15.76145 -15.76145
 -14.27030 -14.27030 -14.27030 -14.27030 -14.27030
 -13.22759 -13.22759 -13.22759 -13.22759 -13.22759
 -12.49629 -12.49629 -12.49629 -12.49629 -12.49629
 -11.98220 -11.98220 -11.98220 -11.98220 -11.98220
 -11.62036 -11.62036 -11.62036 -11.62036 -11.62036
 -11.36572 -11.36572 -11.36572 -11.36572 -11.36572
 -11.18696 -11.18696 -11.18696 -11.18696 -11.18696
 -11.06241 -11.06241 -11.06241 -11.06241 -11.06241
 -10.97726 -10.97726 -10.97726 -10.97726 -10.97726
 -10.92147 -10.92147 -10.92147 -10.92147 -10.92147
 -10.88819 -10.88819 -10.88819 -10.88819 -10.88819
 -10.87255 -10.87255 -10.87255 -10.87255 -10.87255
 -10.87094 -10.87094 -10.87094 -10.87094 -10.87094
 ==18 ================== Behringer data =========================================
 -40.00000 -40.00000 -40.00000 -40.00000 -40.00000
 -40.00000 -40.00000 -40.00000 -40.00000 -40.00000
 -40.00000 -40.00000 -40.00000 -40.00000 -40.00000
 -40.00000 -40.00000 -40.00000 -40.00000 -40.00000
 -40.00000 -40.00000 -40.00000 -40.00000 -40.00000
 -40.00000 -40.00000 -40.00000 -40.00000 -40.00000
 -40.00000 -40.00000 -40.00000 -40.00000 -40.00000
 -40.00000 -40.00000 -40.00000 -40.00000 -40.00000
 -40.00000 -40.00000 -40.00000 -40.00000 -40.00000
 -40.00000 -40.00000 -40.00000 -40.00000 -40.00000
 -40.00000 -40.00000 -40.00000 -40.00000 -40.00000
 -40.00000 -40.00000 -40.00000 -40.00000 -40.00000
 -33.69532 -33.69532 -33.69532 -33.69532 -33.69532
 -26.81446 -26.81446 -26.81446 -26.81446 -26.81446
 -22.05359 -22.05359 -22.05359 -22.05359 -22.05359
 -18.75353 -18.75353 -18.75353 -18.75353 -18.75353
 -16.46077 -16.46077 -16.46077 -16.46077 -16.46077
 -14.86339 -14.86339 -14.86339 -14.86339 -14.86339
 -13.74707 -13.74707 -13.74707 -13.74707 -13.74707
 -12.96456 -12.96456 -12.96456 -12.96456 -12.96456
 -12.41468 -12.41468 -12.41468 -12.41468 -12.41468
 -12.02769 -12.02769 -12.02769 -12.02769 -12.02769
 -11.75531 -11.75531 -11.75531 -11.75531 -11.75531
 -11.56396 -11.56396 -11.56396 -11.56396 -11.56396
 -11.43036 -11.43036 -11.43036 -11.43036 -11.43036
 -11.33857 -11.33857 -11.33857 -11.33857 -11.33857
 -11.27777 -11.27777 -11.27777 -11.27777 -11.27777
 -11.24061 -11.24061 -11.24061 -11.24061 -11.24061
 -11.22190 -11.22190 -11.22190 -11.22190 -11.22190
 -11.21784 -11.21784 -11.21784 -11.21784 -11.21784
