    6    9   20    1    6     /CARBON             /GCR PROJECT      
--------------------------------------------------------------------------------
  11.00000  11.47712  12.00000  12.47712  13.00000  13.47712  14.00000  14.47712
  15.00000
   0.00020   0.30123   0.60226   0.84530   1.00020   1.30123   1.60226   1.84530
   2.00020   2.30123   2.60226   2.84530   3.00020   3.30123   3.60226   3.84530
   4.00020   4.30123   4.84530   5.00000
---------------------/ IGRD= 1  / IPRT= 1  /--------/ Z1= 1   / DATE= 23/07/02
 -12.17553 -12.11147 -12.05687 -11.99640 -11.87101 -11.67448 -11.38245 -11.08291
 -10.79552
  -9.78258  -9.74254  -9.70603  -9.66114  -9.56601  -9.42273  -9.21978  -9.03258
  -8.87861
  -8.55423  -8.52918  -8.50358  -8.46712  -8.39047  -8.27831  -8.12250  -7.98991
  -7.88304
  -7.97758  -7.96115  -7.94138  -7.91226  -7.84945  -7.75579  -7.62447  -7.50699
  -7.41911
  -7.71783  -7.70524  -7.68963  -7.66439  -7.61039  -7.52762  -7.40664  -7.29824
  -7.21475
  -7.36863  -7.35972  -7.34954  -7.33092  -7.29176  -7.22827  -7.12708  -7.03027
  -6.95492
  -7.15757  -7.15191  -7.14367  -7.13088  -7.10217  -7.05319  -6.96944  -6.88210
  -6.81271
  -7.05683  -7.05237  -7.04660  -7.03706  -7.01559  -6.97821  -6.90955  -6.83228
  -6.76781
  -7.01406  -7.01031  -7.00560  -6.99738  -6.97886  -6.94655  -6.88516  -6.81341
  -6.74936
  -6.94654  -6.94439  -6.94082  -6.93479  -6.92154  -6.89725  -6.85007  -6.78655
  -6.72755
  -6.89058  -6.88930  -6.88661  -6.88269  -6.87230  -6.85469  -6.82217  -6.77455
  -6.71496
  -6.85017  -6.84959  -6.84758  -6.84539  -6.83716  -6.82504  -6.80448  -6.76989
  -6.70956
  -6.82570  -6.82557  -6.82399  -6.82290  -6.81603  -6.80744  -6.79448  -6.76814
  -6.70739
  -6.77982  -6.78055  -6.77980  -6.78089  -6.77660  -6.77491  -6.77669  -6.76618
  -6.70475
  -6.73518  -6.73679  -6.73686  -6.74013  -6.73836  -6.74362  -6.76005  -6.76514
  -6.70319
  -6.69960  -6.70191  -6.70264  -6.70769  -6.70792  -6.71882  -6.74700  -6.76449
  -6.70223
  -6.67704  -6.67981  -6.68096  -6.68713  -6.68862  -6.70313  -6.73877  -6.76407
  -6.70166
  -6.63336  -6.63702  -6.63897  -6.64734  -6.65123  -6.67277  -6.72283  -6.76309
  -6.70053
  -6.55465  -6.55992  -6.56330  -6.57567  -6.58374  -6.61809  -6.69393  -6.76045
  -6.69804
  -6.53226  -6.53800  -6.54177  -6.55529  -6.56451  -6.60253  -6.68564  -6.75945
  -6.69719
---------------------/ IGRD= 1  / IPRT= 1  /--------/ Z1= 2   / DATE= 23/07/02
 -18.03116 -18.00276 -17.96677 -17.90716 -17.76684 -17.52013 -17.11876 -16.64055
 -16.03874
 -12.76708 -12.75033 -12.73008 -12.70389 -12.65620 -12.57264 -12.39409 -12.09476
 -11.64967
 -10.18363 -10.17209 -10.15953 -10.14204 -10.11397 -10.06928  -9.96935  -9.79083
  -9.50622
  -9.07904  -9.07108  -9.06075  -9.04737  -9.02707  -8.99428  -8.92161  -8.79297
  -8.58564
  -8.62562  -8.61928  -8.61029  -8.59868  -8.58103  -8.55403  -8.49407  -8.38701
  -8.21167
  -8.06208  -8.05758  -8.05121  -8.04294  -8.03013  -8.01053  -7.96734  -7.89057
  -7.76337
  -7.74822  -7.74641  -7.74240  -7.73570  -7.72603  -7.71163  -7.68013  -7.62510
  -7.52752
  -7.60650  -7.60307  -7.59981  -7.59502  -7.58876  -7.57666  -7.55264  -7.50943
  -7.42995
  -7.54906  -7.54745  -7.54473  -7.54039  -7.53481  -7.52510  -7.50485  -7.46680
  -7.39555
  -7.49724  -7.49596  -7.49340  -7.49078  -7.48643  -7.47889  -7.46293  -7.43248
  -7.37388
  -7.49396  -7.49251  -7.49142  -7.48942  -7.48562  -7.47975  -7.46709  -7.44226
  -7.39124
  -7.50331  -7.50230  -7.50079  -7.49959  -7.49581  -7.49165  -7.48186  -7.46052
  -7.41572
  -7.51146  -7.51121  -7.51008  -7.50873  -7.50593  -7.50194  -7.49283  -7.47419
  -7.43366
  -7.53034  -7.53168  -7.53148  -7.52994  -7.52982  -7.52528  -7.51717  -7.50363
  -7.47169
  -7.55172  -7.55459  -7.55528  -7.55361  -7.55603  -7.55096  -7.54391  -7.53533
  -7.51216
  -7.56981  -7.57388  -7.57526  -7.57352  -7.57788  -7.57241  -7.56626  -7.56157
  -7.54563
  -7.58152  -7.58633  -7.58813  -7.58637  -7.59192  -7.58621  -7.58064  -7.57839
  -7.56712
  -7.60439  -7.61061  -7.61320  -7.61143  -7.61918  -7.61301  -7.60863  -7.61099
  -7.60895
  -7.64549  -7.65408  -7.65797  -7.65636  -7.66768  -7.66080  -7.65869  -7.66897
  -7.68415
  -7.65705  -7.66628  -7.67051  -7.66898  -7.68123  -7.67416  -7.67273  -7.68517
  -7.70537
---------------------/ IGRD= 1  / IPRT= 1  /--------/ Z1= 3   / DATE= 23/07/02
 -28.27569 -28.19523 -28.09273 -27.97232 -27.79728 -27.56984 -27.19738 -26.72067
 -26.08201
 -18.02504 -17.97467 -17.91222 -17.84111 -17.73994 -17.61000 -17.39579 -17.09423
 -16.62587
 -13.05602 -13.03067 -12.99548 -12.95759 -12.90201 -12.83154 -12.71210 -12.53050
 -12.21315
 -10.93627 -10.92073 -10.90062 -10.87792 -10.84385 -10.79983 -10.72687 -10.61114
 -10.39171
 -10.06987 -10.05841 -10.04316 -10.02660 -10.00234  -9.96894  -9.91425  -9.82904
  -9.66025
  -9.02674  -9.01969  -9.01215  -9.00239  -8.98779  -8.96981  -8.93963  -8.89171
  -8.79317
  -8.48928  -8.48497  -8.48026  -8.47479  -8.46572  -8.45464  -8.43620  -8.40809
  -8.34903
  -8.25970  -8.25700  -8.25319  -8.24951  -8.24335  -8.23546  -8.22305  -8.20375
  -8.16180
  -8.17108  -8.16878  -8.16589  -8.16272  -8.15755  -8.15080  -8.14085  -8.12523
  -8.09082
  -8.06970  -8.06800  -8.06623  -8.06366  -8.06011  -8.05545  -8.04776  -8.03673
  -8.01289
  -8.01173  -8.01030  -8.00911  -8.00764  -8.00493  -8.00153  -7.99632  -7.98919
  -7.97085
  -7.98095  -7.98012  -7.97933  -7.97684  -7.97498  -7.97314  -7.96952  -7.96142
  -7.95021
  -7.96634  -7.96710  -7.96484  -7.96177  -7.96122  -7.95757  -7.95775  -7.95125
  -7.94050
  -7.94211  -7.94217  -7.94193  -7.93994  -7.93860  -7.93815  -7.93287  -7.93021
  -7.92435
  -7.92718  -7.92825  -7.92239  -7.91583  -7.92448  -7.92037  -7.91985  -7.91479
  -7.91196
  -7.91697  -7.91885  -7.90837  -7.89805  -7.91489  -7.90777  -7.91119  -7.90412
  -7.90373
  -7.91095  -7.91334  -7.89992  -7.88719  -7.90925  -7.90023  -7.90616  -7.89781
  -7.89896
  -7.89988  -7.90326  -7.88412  -7.86673  -7.89893  -7.88619  -7.89701  -7.88616
  -7.89033
  -7.88093  -7.88610  -7.85662  -7.83081  -7.88134  -7.86188  -7.88153  -7.86616
  -7.87578
  -7.87564  -7.88133  -7.84890  -7.82070  -7.87645  -7.85507  -7.87724  -7.86058
  -7.87175
---------------------/ IGRD= 1  / IPRT= 1  /--------/ Z1= 4   / DATE= 23/07/02
 -36.90696 -36.80401 -36.67087 -36.52700 -36.33691 -36.12449 -35.82459 -35.42201
 -34.65726
 -22.92701 -22.86434 -22.78138 -22.68945 -22.56707 -22.43107 -22.24104 -22.00512
 -21.51175
 -15.85004 -15.81575 -15.76835 -15.71481 -15.64069 -15.55563 -15.43511 -15.28287
 -14.96779
 -12.79091 -12.76731 -12.73496 -12.69878 -12.64878 -12.59036 -12.50388 -12.38924
 -12.15732
 -11.54348 -11.52674 -11.50276 -11.47449 -11.43657 -11.38945 -11.31883 -11.22262
 -11.02890
 -10.05551 -10.04626 -10.03100 -10.01567  -9.98988  -9.95953  -9.91298  -9.84210
  -9.69642
  -9.28506  -9.27897  -9.27042  -9.25964  -9.24331  -9.22267  -9.18941  -9.13729
  -9.02670
  -8.94564  -8.93932  -8.93112  -8.92467  -8.91305  -8.89786  -8.87244  -8.83032
  -8.73705
  -8.80652  -8.80229  -8.79672  -8.78991  -8.78026  -8.76799  -8.74470  -8.70765
  -8.62558
  -8.64541  -8.64248  -8.63851  -8.63409  -8.62603  -8.61670  -8.59988  -8.56978
  -8.50329
  -8.57292  -8.57140  -8.56891  -8.56476  -8.55914  -8.55153  -8.53837  -8.51576
  -8.46173
  -8.55978  -8.55844  -8.55581  -8.55293  -8.54809  -8.54155  -8.53041  -8.51074
  -8.46622
  -8.56732  -8.56574  -8.56327  -8.56023  -8.55617  -8.55112  -8.54134  -8.52332
  -8.48267
  -8.59739  -8.59648  -8.59479  -8.59211  -8.58847  -8.58484  -8.57586  -8.56217
  -8.53046
  -8.63564  -8.63489  -8.63381  -8.63207  -8.62889  -8.62529  -8.61869  -8.60788
  -8.58189
  -8.66676  -8.66679  -8.66785  -8.66430  -8.66291  -8.66394  -8.65578  -8.64569
  -8.62548
  -8.68705  -8.68755  -8.68992  -8.68527  -8.68496  -8.68881  -8.67970  -8.67008
  -8.65341
  -8.72649  -8.72786  -8.73262  -8.72595  -8.72766  -8.73664  -8.72586  -8.71711
  -8.70700
  -8.79497  -8.79773  -8.80626  -8.79646  -8.80137  -8.81840  -8.80513  -8.79793
  -8.79844
  -8.81339  -8.81649  -8.82595  -8.81539  -8.82110  -8.84009  -8.82626  -8.81950
  -8.82270
---------------------/ IGRD= 1  / IPRT= 1  /--------/ Z1= 5   / DATE= 23/07/02
 -73.65146 -73.65292 -73.65475 -73.65664 -73.65895 -73.66117 -73.66379 -73.66646
 -73.66967
 -72.44060 -72.44766 -72.45653 -72.46565 -72.47678 -72.48752 -72.50017 -72.51309
 -72.52859
 -52.42507 -52.36892 -52.28985 -52.18011 -52.10736 -51.99688 -51.83033 -51.59488
 -51.16883
 -34.22807 -34.18654 -34.13695 -34.08038 -34.01483 -33.93402 -33.81041 -33.63064
 -33.29219
 -26.91229 -26.88049 -26.84273 -26.80093 -26.74835 -26.68381 -26.58271 -26.43023
 -26.13495
 -18.33032 -18.31078 -18.28934 -18.26654 -18.23427 -18.19405 -18.12725 -18.02129
 -17.79882
 -13.97981 -13.96879 -13.95583 -13.94375 -13.92472 -13.90220 -13.86204 -13.79426
 -13.64333
 -12.06320 -12.05496 -12.04728 -12.03973 -12.02830 -12.01434 -11.98938 -11.94642
 -11.84722
 -11.27273 -11.26688 -11.26132 -11.25565 -11.24779 -11.23775 -11.21979 -11.18883
 -11.11729
 -10.31309 -10.30981 -10.30703 -10.30353 -10.29919 -10.29366 -10.28516 -10.26970
 -10.23626
  -9.79895  -9.79581  -9.79482  -9.79409  -9.79078  -9.78870  -9.78375  -9.77527
  -9.76140
  -9.56629  -9.56547  -9.56335  -9.56310  -9.56119  -9.55921  -9.55548  -9.55236
  -9.54340
  -9.47301  -9.47233  -9.47085  -9.47068  -9.46914  -9.46754  -9.46478  -9.46248
  -9.45605
  -9.37591  -9.37569  -9.37524  -9.37428  -9.37312  -9.37208  -9.37068  -9.36833
  -9.36551
  -9.35085  -9.35080  -9.35049  -9.34962  -9.34961  -9.34849  -9.34709  -9.34540
  -9.34388
  -9.36481  -9.36472  -9.36481  -9.36482  -9.36347  -9.36248  -9.36141  -9.36076
  -9.35937
  -9.37966  -9.37950  -9.37991  -9.38072  -9.37831  -9.37722  -9.37600  -9.37682
  -9.37480
  -9.41391  -9.41359  -9.41461  -9.41700  -9.41251  -9.41122  -9.40972  -9.41338
  -9.41007
  -9.48482  -9.48417  -9.48630  -9.49152  -9.48329  -9.48163  -9.47960  -9.48839
  -9.48270
  -9.50599  -9.50525  -9.50768  -9.51372  -9.50442  -9.50266  -9.50047  -9.51072
  -9.50435
---------------------/ IGRD= 1  / IPRT= 1  /--------/ Z1= 6   / DATE= 23/07/02
 -74.00000 -74.00000 -74.00000 -74.00000 -74.00000 -74.00000 -74.00000 -74.00000
 -74.00000
 -71.35526 -71.35378 -71.35182 -71.34978 -71.34731 -71.34469 -71.34156 -71.33831
 -71.33428
 -63.19637 -63.15541 -63.10073 -63.04388 -62.97502 -62.90202 -62.81449 -62.72378
 -62.61119
 -40.85738 -40.81808 -40.76093 -40.69989 -40.62296 -40.54346 -40.44377 -40.34024
 -40.21134
 -31.70387 -31.67280 -31.62784 -31.57893 -31.51519 -31.44836 -31.36385 -31.27244
 -31.16151
 -20.93928 -20.92414 -20.90037 -20.87311 -20.83740 -20.79750 -20.74423 -20.68609
 -20.61261
 -15.49581 -15.48811 -15.47454 -15.46045 -15.43905 -15.41525 -15.38507 -15.35015
 -15.30236
 -13.11794 -13.11382 -13.10683 -13.09708 -13.08475 -13.07000 -13.04940 -13.02696
 -12.99449
 -12.14821 -12.14520 -12.14038 -12.13337 -12.12436 -12.11303 -12.09749 -12.07999
 -12.05539
 -10.98777 -10.98664 -10.98295 -10.97935 -10.97199 -10.96574 -10.95790 -10.94813
 -10.93326
 -10.37937 -10.37880 -10.37770 -10.37499 -10.37211 -10.36748 -10.36208 -10.35555
 -10.34558
 -10.11219 -10.11168 -10.11045 -10.10881 -10.10671 -10.10352 -10.09968 -10.09492
 -10.08798
 -10.00704 -10.00647 -10.00504 -10.00408 -10.00216  -9.99958  -9.99584  -9.99185
  -9.98593
  -9.88338  -9.88332  -9.88215  -9.88001  -9.87978  -9.87663  -9.87575  -9.87259
  -9.86883
  -9.81272  -9.81271  -9.81253  -9.81223  -9.81183  -9.80889  -9.80918  -9.80634
  -9.80290
  -9.77845  -9.77847  -9.77814  -9.77561  -9.77590  -9.77612  -9.77259  -9.77103
  -9.77054
  -9.75924  -9.75789  -9.75807  -9.75886  -9.75888  -9.75846  -9.75636  -9.75685
  -9.75334
  -9.72799  -9.72363  -9.72503  -9.73381  -9.73308  -9.73062  -9.73249  -9.73715
  -9.72650
  -9.68314  -9.67334  -9.67696  -9.70016  -9.69807  -9.69193  -9.70096  -9.71318
  -9.68964
  -9.67163  -9.66027  -9.66453  -9.69184  -9.68936  -9.68217  -9.69324  -9.70761
  -9.68039
C-------------------------------------------------------------------------------
C
C     RATE COEFFICIENTS IN UNITS OF CM**3 S-1 
C     --------------------------------------- 
C
C     INPUT DATA
C         FOR YEAR: 96 AND WITH PREFIX: pj
C         FOR c  RECOMBINING ION CHARGE(S)  1 TO  6
C
C     CODE     : ADAS404
C     PRODUCER : Ralph Dux E4 ,L6 236 ,1256    
C     DATE     : 23/07/02
C
C-------------------------------------------------------------------------------
