   54    5   30    1   54     /                   /ABELS-VAN MAANEN 1985   ADF1
================================================================================
  11.00000  12.00000  13.00000  14.00000  15.00000
   0.00000   0.16203   0.32407   0.48610   0.64813   0.81017   0.97220   1.13423
   1.29627   1.45830   1.62033   1.78237   1.94440   2.10643   2.26847   2.43050
   2.59254   2.75457   2.91660   3.07864   3.24067   3.40270   3.56474   3.72677
   3.88880   4.05084   4.21287   4.37490   4.53694   4.69897
 --------------------/ IPRT= 1  / IGRD= 1  /IONIS   / Z1= 1   / DATE= 26.01.98  
 -12.12982 -12.12982 -12.12982 -12.12982 -12.12982
 -10.44277 -10.44277 -10.44277 -10.44277 -10.44277
  -9.26418  -9.26418  -9.26418  -9.26418  -9.26418
  -8.43795  -8.43795  -8.43795  -8.43795  -8.43795
  -7.85674  -7.85674  -7.85674  -7.85674  -7.85674
  -7.44657  -7.44657  -7.44657  -7.44657  -7.44657
  -7.15642  -7.15642  -7.15642  -7.15642  -7.15642
  -6.95120  -6.95120  -6.95120  -6.95120  -6.95120
  -6.80697  -6.80697  -6.80697  -6.80697  -6.80697
  -6.70740  -6.70740  -6.70740  -6.70740  -6.70740
  -6.64113  -6.64113  -6.64113  -6.64113  -6.64113
  -6.60010  -6.60010  -6.60010  -6.60010  -6.60010
  -6.57847  -6.57847  -6.57847  -6.57847  -6.57847
  -6.57196  -6.57195  -6.57195  -6.57195  -6.57195
  -6.57736  -6.57736  -6.57736  -6.57736  -6.57736
  -6.59227  -6.59227  -6.59227  -6.59227  -6.59227
  -6.61485  -6.61485  -6.61485  -6.61485  -6.61485
  -6.64371  -6.64371  -6.64371  -6.64371  -6.64371
  -6.67775  -6.67775  -6.67775  -6.67775  -6.67775
  -6.71611  -6.71611  -6.71611  -6.71611  -6.71611
  -6.75812  -6.75812  -6.75812  -6.75812  -6.75812
  -6.80325  -6.80325  -6.80325  -6.80325  -6.80325
  -6.85105  -6.85105  -6.85105  -6.85105  -6.85105
  -6.90116  -6.90116  -6.90116  -6.90116  -6.90116
  -6.95331  -6.95331  -6.95331  -6.95331  -6.95331
  -7.00723  -7.00723  -7.00723  -7.00723  -7.00723
  -7.06273  -7.06273  -7.06273  -7.06273  -7.06273
  -7.11964  -7.11964  -7.11964  -7.11964  -7.11964
  -7.17781  -7.17781  -7.17781  -7.17781  -7.17781
  -7.23713  -7.23713  -7.23713  -7.23713  -7.23713
 --------------------/ IPRT= 1  / IGRD= 1  /IONIS   / Z1= 2   / DATE= 26.01.98  
 -17.80604 -17.80604 -17.80604 -17.80604 -17.80604
 -14.54864 -14.54864 -14.54864 -14.54864 -14.54864
 -12.28548 -12.28548 -12.28548 -12.28548 -12.28548
 -10.70837 -10.70837 -10.70837 -10.70837 -10.70837
  -9.60485  -9.60485  -9.60485  -9.60485  -9.60485
  -8.82840  -8.82840  -8.82840  -8.82840  -8.82840
  -8.27851  -8.27850  -8.27850  -8.27851  -8.27851
  -7.88692  -7.88692  -7.88692  -7.88692  -7.88692
  -7.60763  -7.60763  -7.60763  -7.60763  -7.60763
  -7.40924  -7.40923  -7.40923  -7.40923  -7.40923
  -7.26998  -7.26998  -7.26998  -7.26998  -7.26998
  -7.17446  -7.17446  -7.17446  -7.17446  -7.17446
  -7.11164  -7.11164  -7.11164  -7.11164  -7.11164
  -7.07359  -7.07359  -7.07359  -7.07359  -7.07359
  -7.05452  -7.05452  -7.05452  -7.05452  -7.05452
  -7.05016  -7.05016  -7.05016  -7.05016  -7.05016
  -7.05738  -7.05737  -7.05737  -7.05737  -7.05737
  -7.07380  -7.07380  -7.07380  -7.07380  -7.07380
  -7.09766  -7.09766  -7.09766  -7.09766  -7.09766
  -7.12759  -7.12759  -7.12759  -7.12759  -7.12759
  -7.16254  -7.16254  -7.16254  -7.16254  -7.16254
  -7.20167  -7.20167  -7.20167  -7.20167  -7.20167
  -7.24435  -7.24435  -7.24435  -7.24435  -7.24435
  -7.29004  -7.29004  -7.29004  -7.29004  -7.29004
  -7.33834  -7.33834  -7.33834  -7.33834  -7.33834
  -7.38889  -7.38889  -7.38889  -7.38889  -7.38889
  -7.44141  -7.44141  -7.44141  -7.44141  -7.44141
  -7.49567  -7.49567  -7.49567  -7.49567  -7.49567
  -7.55147  -7.55147  -7.55147  -7.55147  -7.55147
  -7.60865  -7.60865  -7.60865  -7.60865  -7.60865
 --------------------/ IPRT= 1  / IGRD= 1  /IONIS   / Z1= 3   / DATE= 26.01.98  
 -23.26947 -23.26947 -23.26947 -23.26947 -23.26947
 -18.44509 -18.44509 -18.44509 -18.44509 -18.44509
 -15.10146 -15.10146 -15.10146 -15.10146 -15.10146
 -12.77794 -12.77794 -12.77794 -12.77794 -12.77794
 -11.15639 -11.15639 -11.15639 -11.15639 -11.15639
 -10.01765 -10.01765 -10.01765 -10.01765 -10.01765
  -9.21242  -9.21242  -9.21242  -9.21242  -9.21242
  -8.63981  -8.63981  -8.63981  -8.63981  -8.63981
  -8.23161  -8.23161  -8.23161  -8.23161  -8.23161
  -7.94091  -7.94091  -7.94091  -7.94091  -7.94091
  -7.73509  -7.73509  -7.73509  -7.73509  -7.73509
  -7.59103  -7.59103  -7.59103  -7.59103  -7.59103
  -7.49241  -7.49241  -7.49241  -7.49241  -7.49241
  -7.42759  -7.42759  -7.42759  -7.42759  -7.42759
  -7.38819  -7.38819  -7.38819  -7.38819  -7.38819
  -7.36819  -7.36819  -7.36819  -7.36819  -7.36819
  -7.36316  -7.36316  -7.36316  -7.36316  -7.36316
  -7.36989  -7.36989  -7.36989  -7.36989  -7.36989
  -7.38596  -7.38596  -7.38596  -7.38596  -7.38596
  -7.40954  -7.40954  -7.40954  -7.40954  -7.40954
  -7.43925  -7.43925  -7.43925  -7.43925  -7.43925
  -7.47402  -7.47402  -7.47402  -7.47402  -7.47402
  -7.51300  -7.51301  -7.51301  -7.51301  -7.51300
  -7.55556  -7.55556  -7.55556  -7.55556  -7.55556
  -7.60116  -7.60116  -7.60116  -7.60116  -7.60115
  -7.64936  -7.64936  -7.64936  -7.64936  -7.64936
  -7.69983  -7.69983  -7.69983  -7.69983  -7.69983
  -7.75228  -7.75228  -7.75228  -7.75228  -7.75228
  -7.80649  -7.80649  -7.80649  -7.80649  -7.80649
  -7.86224  -7.86224  -7.86224  -7.86224  -7.86224
 --------------------/ IPRT= 1  / IGRD= 1  /IONIS   / Z1= 4   / DATE= 26.01.98  
 -28.66374 -28.66374 -28.66374 -28.66374 -28.66374
 -22.27337 -22.27337 -22.27337 -22.27337 -22.27337
 -17.85026 -17.85026 -17.85026 -17.85026 -17.85026
 -14.78069 -14.78069 -14.78069 -14.78069 -14.78069
 -12.64046 -12.64046 -12.64046 -12.64046 -12.64046
 -11.13854 -11.13854 -11.13854 -11.13854 -11.13854
 -10.07792 -10.07791 -10.07791 -10.07791 -10.07791
  -9.32551  -9.32551  -9.32551  -9.32551  -9.32551
  -8.79062  -8.79062  -8.79062  -8.79062  -8.79062
  -8.41033  -8.41033  -8.41033  -8.41033  -8.41033
  -8.14070  -8.14070  -8.14070  -8.14070  -8.14070
  -7.95078  -7.95078  -7.95078  -7.95078  -7.95078
  -7.81878  -7.81878  -7.81878  -7.81878  -7.81878
  -7.72932  -7.72932  -7.72932  -7.72932  -7.72932
  -7.67150  -7.67150  -7.67150  -7.67150  -7.67150
  -7.63748  -7.63748  -7.63748  -7.63748  -7.63748
  -7.62167  -7.62166  -7.62166  -7.62166  -7.62167
  -7.61994  -7.61994  -7.61994  -7.61994  -7.61994
  -7.62928  -7.62928  -7.62928  -7.62928  -7.62928
  -7.64745  -7.64745  -7.64745  -7.64745  -7.64745
  -7.67275  -7.67275  -7.67275  -7.67275  -7.67275
  -7.70387  -7.70387  -7.70387  -7.70387  -7.70387
  -7.73981  -7.73981  -7.73981  -7.73981  -7.73981
  -7.77979  -7.77979  -7.77979  -7.77979  -7.77979
  -7.82318  -7.82318  -7.82318  -7.82318  -7.82318
  -7.86950  -7.86950  -7.86950  -7.86950  -7.86950
  -7.91833  -7.91833  -7.91833  -7.91833  -7.91833
  -7.96934  -7.96934  -7.96934  -7.96934  -7.96934
  -8.02228  -8.02228  -8.02228  -8.02228  -8.02228
  -8.07691  -8.07691  -8.07691  -8.07691  -8.07691
 --------------------/ IPRT= 1  / IGRD= 1  /IONIS   / Z1= 5   / DATE= 26.01.98  
 -34.70160 -34.70160 -34.70160 -34.70160 -34.70160
 -26.55052 -26.55052 -26.55052 -26.55052 -26.55052
 -20.91227 -20.91227 -20.91227 -20.91227 -20.91227
 -16.99928 -16.99928 -16.99928 -16.99928 -16.99928
 -14.26883 -14.26882 -14.26882 -14.26882 -14.26883
 -12.35224 -12.35224 -12.35224 -12.35224 -12.35225
 -11.00117 -11.00117 -11.00117 -11.00117 -11.00117
 -10.04625 -10.04625 -10.04625 -10.04625 -10.04625
  -9.37035  -9.37035  -9.37035  -9.37035  -9.37035
  -8.89153  -8.89153  -8.89153  -8.89153  -8.89153
  -8.55258  -8.55258  -8.55258  -8.55258  -8.55258
  -8.31338  -8.31338  -8.31338  -8.31338  -8.31338
  -8.14589  -8.14589  -8.14589  -8.14589  -8.14589
  -8.03055  -8.03055  -8.03055  -8.03055  -8.03055
  -7.95356  -7.95356  -7.95356  -7.95356  -7.95356
  -7.90514  -7.90514  -7.90514  -7.90514  -7.90514
  -7.87832  -7.87832  -7.87832  -7.87832  -7.87832
  -7.86808  -7.86808  -7.86808  -7.86808  -7.86808
  -7.87073  -7.87073  -7.87073  -7.87073  -7.87073
  -7.88355  -7.88355  -7.88355  -7.88355  -7.88355
  -7.90452  -7.90452  -7.90452  -7.90452  -7.90452
  -7.93211  -7.93211  -7.93211  -7.93211  -7.93211
  -7.96511  -7.96511  -7.96511  -7.96511  -7.96511
  -8.00263  -8.00263  -8.00263  -8.00263  -8.00263
  -8.04394  -8.04394  -8.04394  -8.04394  -8.04394
  -8.08846  -8.08846  -8.08846  -8.08846  -8.08846
  -8.13575  -8.13575  -8.13575  -8.13575  -8.13575
  -8.18542  -8.18542  -8.18542  -8.18542  -8.18542
  -8.23719  -8.23719  -8.23719  -8.23719  -8.23719
  -8.29077  -8.29077  -8.29077  -8.29077  -8.29077
 --------------------/ IPRT= 1  / IGRD= 1  /IONIS   / Z1= 6   / DATE= 26.01.98  
 -40.00000 -40.00000 -40.00000 -40.00000 -40.00000
 -30.63822 -30.63821 -30.63821 -30.63821 -30.63821
 -23.85850 -23.85850 -23.85850 -23.85850 -23.85850
 -19.14255 -19.14255 -19.14255 -19.14255 -19.14255
 -15.84171 -15.84170 -15.84170 -15.84170 -15.84170
 -13.52189 -13.52189 -13.52189 -13.52189 -13.52189
 -11.88920 -11.88919 -11.88919 -11.88920 -11.88920
 -10.73923 -10.73923 -10.73923 -10.73923 -10.73923
  -9.92842  -9.92842  -9.92842  -9.92842  -9.92842
  -9.35591  -9.35591  -9.35591  -9.35591  -9.35591
  -8.95142  -8.95142  -8.95142  -8.95142  -8.95142
  -8.66589  -8.66589  -8.66589  -8.66589  -8.66589
  -8.46530  -8.46530  -8.46530  -8.46530  -8.46530
  -8.32597  -8.32597  -8.32597  -8.32597  -8.32597
  -8.23136  -8.23136  -8.23136  -8.23136  -8.23136
  -8.16978  -8.16978  -8.16978  -8.16979  -8.16979
  -8.13302  -8.13302  -8.13302  -8.13302  -8.13302
  -8.11513  -8.11513  -8.11513  -8.11513  -8.11513
  -8.11181  -8.11181  -8.11181  -8.11181  -8.11181
  -8.11991  -8.11991  -8.11991  -8.11991  -8.11991
  -8.13708  -8.13708  -8.13708  -8.13708  -8.13708
  -8.16158  -8.16158  -8.16158  -8.16158  -8.16158
  -8.19204  -8.19204  -8.19204  -8.19204  -8.19204
  -8.22745  -8.22745  -8.22745  -8.22745  -8.22745
  -8.26697  -8.26697  -8.26697  -8.26697  -8.26697
  -8.30998  -8.30998  -8.30998  -8.30998  -8.30998
  -8.35596  -8.35596  -8.35596  -8.35596  -8.35596
  -8.40450  -8.40450  -8.40450  -8.40450  -8.40450
  -8.45527  -8.45527  -8.45527  -8.45527  -8.45527
  -8.50798  -8.50798  -8.50798  -8.50798  -8.50798
 --------------------/ IPRT= 1  / IGRD= 1  /IONIS   / Z1= 7   / DATE= 26.01.98  
 -40.00000 -40.00000 -40.00000 -40.00000 -40.00000
 -38.44938 -38.44938 -38.44938 -38.44938 -38.44938
 -29.24037 -29.24037 -29.24037 -29.24037 -29.24038
 -22.87606 -22.87606 -22.87606 -22.87606 -22.87606
 -18.47102 -18.47102 -18.47102 -18.47102 -18.47102
 -15.41603 -15.41603 -15.41603 -15.41603 -15.41603
 -13.28978 -13.28978 -13.28978 -13.28978 -13.28978
 -11.79416 -11.79416 -11.79416 -11.79416 -11.79416
 -10.71698 -10.71698 -10.71698 -10.71698 -10.71698
  -9.92021  -9.92021  -9.92021  -9.92021  -9.92021
  -9.32561  -9.32561  -9.32561  -9.32561  -9.32561
  -8.88545  -8.88545  -8.88545  -8.88545  -8.88545
  -8.56401  -8.56401  -8.56401  -8.56401  -8.56401
  -8.33250  -8.33250  -8.33250  -8.33250  -8.33250
  -8.16822  -8.16822  -8.16822  -8.16822  -8.16822
  -8.05404  -8.05403  -8.05403  -8.05403  -8.05404
  -7.97731  -7.97731  -7.97731  -7.97731  -7.97731
  -7.92878  -7.92878  -7.92878  -7.92878  -7.92878
  -7.90172  -7.90172  -7.90172  -7.90172  -7.90172
  -7.89120  -7.89120  -7.89120  -7.89120  -7.89120
  -7.89357  -7.89357  -7.89357  -7.89357  -7.89357
  -7.90615  -7.90615  -7.90615  -7.90615  -7.90615
  -7.92690  -7.92690  -7.92690  -7.92690  -7.92690
  -7.95430  -7.95430  -7.95430  -7.95430  -7.95430
  -7.98715  -7.98715  -7.98715  -7.98715  -7.98715
  -8.02453  -8.02453  -8.02453  -8.02453  -8.02453
  -8.06572  -8.06572  -8.06572  -8.06572  -8.06572
  -8.11015  -8.11014  -8.11014  -8.11014  -8.11014
  -8.15734  -8.15734  -8.15734  -8.15734  -8.15734
  -8.20694  -8.20694  -8.20694  -8.20694  -8.20694
 --------------------/ IPRT= 1  / IGRD= 1  /IONIS   / Z1= 8   / DATE= 26.01.98  
 -40.00000 -40.00000 -40.00000 -40.00000 -40.00000
 -40.00000 -40.00000 -40.00000 -40.00000 -40.00000
 -32.54382 -32.54382 -32.54382 -32.54382 -32.54383
 -25.31785 -25.31785 -25.31785 -25.31785 -25.31784
 -20.28013 -20.28013 -20.28013 -20.28013 -20.28013
 -16.78985 -16.78985 -16.78985 -16.78985 -16.78985
 -14.36182 -14.36182 -14.36182 -14.36182 -14.36182
 -12.64634 -12.64634 -12.64634 -12.64634 -12.64634
 -11.39134 -11.39134 -11.39134 -11.39134 -11.39134
 -10.44551 -10.44551 -10.44551 -10.44551 -10.44551
  -9.73493  -9.73493  -9.73493  -9.73493  -9.73493
  -9.21103  -9.21103  -9.21103  -9.21103  -9.21103
  -8.83100  -8.83100  -8.83100  -8.83100  -8.83100
  -8.55864  -8.55864  -8.55864  -8.55864  -8.55864
  -8.36557  -8.36557  -8.36557  -8.36557  -8.36557
  -8.23079  -8.23079  -8.23079  -8.23079  -8.23079
  -8.13910  -8.13910  -8.13910  -8.13910  -8.13910
  -8.07948  -8.07948  -8.07948  -8.07948  -8.07948
  -8.04408  -8.04408  -8.04408  -8.04408  -8.04408
  -8.02716  -8.02716  -8.02715  -8.02715  -8.02716
  -8.02456  -8.02456  -8.02456  -8.02456  -8.02456
  -8.03323  -8.03323  -8.03323  -8.03323  -8.03322
  -8.05083  -8.05083  -8.05083  -8.05083  -8.05083
  -8.07568  -8.07568  -8.07568  -8.07568  -8.07568
  -8.10642  -8.10642  -8.10642  -8.10642  -8.10642
  -8.14205  -8.14205  -8.14205  -8.14205  -8.14205
  -8.18176  -8.18176  -8.18176  -8.18176  -8.18176
  -8.22493  -8.22493  -8.22493  -8.22493  -8.22494
  -8.27106  -8.27106  -8.27106  -8.27106  -8.27106
  -8.31972  -8.31972  -8.31972  -8.31972  -8.31972
 --------------------/ IPRT= 1  / IGRD= 1  /IONIS   / Z1= 9   / DATE= 26.01.98  
 -40.00000 -40.00000 -40.00000 -40.00000 -40.00000
 -40.00000 -40.00000 -40.00000 -40.00000 -40.00000
 -40.00000 -40.00000 -40.00000 -40.00000 -40.00000
 -33.12068 -33.12068 -33.12068 -33.12068 -33.12068
 -25.39006 -25.39006 -25.39006 -25.39006 -25.39006
 -20.08180 -20.08180 -20.08180 -20.08180 -20.08180
 -16.42926 -16.42926 -16.42926 -16.42926 -16.42926
 -13.89517 -13.89517 -13.89517 -13.89517 -13.89517
 -12.13064 -12.13064 -12.13064 -12.13064 -12.13064
 -10.89685 -10.89685 -10.89685 -10.89685 -10.89685
 -10.02886 -10.02886 -10.02886 -10.02886 -10.02886
  -9.41309  -9.41309  -9.41309  -9.41309  -9.41309
  -8.97303  -8.97303  -8.97303  -8.97303  -8.97303
  -8.65760  -8.65760  -8.65760  -8.65760  -8.65760
  -8.43210  -8.43210  -8.43210  -8.43210  -8.43210
  -8.27242  -8.27242  -8.27242  -8.27242  -8.27242
  -8.16150  -8.16150  -8.16150  -8.16150  -8.16150
  -8.08700  -8.08700  -8.08700  -8.08700  -8.08700
  -8.04000  -8.04000  -8.04000  -8.04000  -8.04000
  -8.01401  -8.01401  -8.01401  -8.01401  -8.01401
  -8.00426  -8.00426  -8.00426  -8.00426  -8.00426
  -8.00720  -8.00720  -8.00720  -8.00720  -8.00720
  -8.02021  -8.02021  -8.02021  -8.02021  -8.02021
  -8.04130  -8.04130  -8.04130  -8.04130  -8.04130
  -8.06895  -8.06895  -8.06895  -8.06895  -8.06895
  -8.10201  -8.10201  -8.10201  -8.10201  -8.10201
  -8.13956  -8.13956  -8.13956  -8.13956  -8.13956
  -8.18089  -8.18089  -8.18089  -8.18089  -8.18089
  -8.22545  -8.22545  -8.22545  -8.22545  -8.22545
  -8.27275  -8.27275  -8.27275  -8.27275  -8.27275
 --------------------/ IPRT= 1  / IGRD= 1  /IONIS   / Z1=10   / DATE= 26.01.98  
 -40.00000 -40.00000 -40.00000 -40.00000 -40.00000
 -40.00000 -40.00000 -40.00000 -40.00000 -40.00000
 -40.00000 -40.00000 -40.00000 -40.00000 -40.00000
 -36.89224 -36.89223 -36.89223 -36.89223 -36.89224
 -28.38461 -28.38461 -28.38461 -28.38461 -28.38461
 -22.33922 -22.33922 -22.33922 -22.33922 -22.33922
 -18.04924 -18.04924 -18.04924 -18.04924 -18.04924
 -15.06637 -15.06637 -15.06637 -15.06637 -15.06637
 -12.99291 -12.99291 -12.99291 -12.99291 -12.99291
 -11.54485 -11.54485 -11.54485 -11.54485 -11.54485
 -10.52666 -10.52667 -10.52667 -10.52666 -10.52667
  -9.80446  -9.80445  -9.80445  -9.80445  -9.80445
  -9.28841  -9.28841  -9.28841  -9.28841  -9.28841
  -8.91859  -8.91859  -8.91859  -8.91859  -8.91858
  -8.65399  -8.65399  -8.65399  -8.65399  -8.65399
  -8.46607  -8.46607  -8.46607  -8.46607  -8.46607
  -8.33455  -8.33455  -8.33455  -8.33455  -8.33455
  -8.24487  -8.24487  -8.24487  -8.24487  -8.24487
  -8.18655  -8.18655  -8.18655  -8.18655  -8.18655
  -8.15197  -8.15197  -8.15197  -8.15197  -8.15197
  -8.13560  -8.13560  -8.13560  -8.13560  -8.13560
  -8.13339  -8.13339  -8.13339  -8.13339  -8.13339
  -8.14231  -8.14231  -8.14231  -8.14231  -8.14231
  -8.16012  -8.16012  -8.16012  -8.16012  -8.16012
  -8.18511  -8.18511  -8.18511  -8.18511  -8.18511
  -8.21597  -8.21597  -8.21597  -8.21597  -8.21597
  -8.25170  -8.25170  -8.25170  -8.25170  -8.25170
  -8.29148  -8.29148  -8.29148  -8.29148  -8.29148
  -8.33472  -8.33472  -8.33472  -8.33472  -8.33472
  -8.38089  -8.38089  -8.38089  -8.38089  -8.38089
 --------------------/ IPRT= 1  / IGRD= 1  /IONIS   / Z1=11   / DATE= 26.01.98  
 -40.00000 -40.00000 -40.00000 -40.00000 -40.00000
 -40.00000 -40.00000 -40.00000 -40.00000 -40.00000
 -40.00000 -40.00000 -40.00000 -40.00000 -40.00000
 -40.00000 -40.00000 -40.00000 -40.00000 -40.00000
 -31.62370 -31.62370 -31.62370 -31.62370 -31.62370
 -24.59196 -24.59196 -24.59196 -24.59196 -24.59196
 -19.65195 -19.65195 -19.65195 -19.65195 -19.65195
 -16.22306 -16.22306 -16.22306 -16.22306 -16.22306
 -13.84133 -13.84133 -13.84133 -13.84133 -13.84133
 -12.17912 -12.17912 -12.17912 -12.17912 -12.17912
 -11.01081 -11.01081 -11.01081 -11.01081 -11.01081
 -10.18231 -10.18231 -10.18231 -10.18231 -10.18231
  -9.59061  -9.59061  -9.59061  -9.59061  -9.59061
  -9.16683  -9.16683  -9.16683  -9.16683  -9.16683
  -8.86368  -8.86369  -8.86369  -8.86369  -8.86369
  -8.64806  -8.64806  -8.64806  -8.64806  -8.64806
  -8.49645  -8.49645  -8.49645  -8.49645  -8.49645
  -8.39206  -8.39206  -8.39206  -8.39206  -8.39206
  -8.32279  -8.32279  -8.32279  -8.32279  -8.32279
  -8.27997  -8.27997  -8.27997  -8.27997  -8.27997
  -8.25731  -8.25731  -8.25731  -8.25731  -8.25731
  -8.25021  -8.25021  -8.25021  -8.25021  -8.25021
  -8.25529  -8.25529  -8.25529  -8.25529  -8.25529
  -8.27002  -8.27002  -8.27002  -8.27002  -8.27002
  -8.29253  -8.29253  -8.29253  -8.29253  -8.29253
  -8.32135  -8.32135  -8.32135  -8.32135  -8.32135
  -8.35538  -8.35538  -8.35538  -8.35538  -8.35538
  -8.39374  -8.39374  -8.39374  -8.39374  -8.39374
  -8.43577  -8.43577  -8.43577  -8.43577  -8.43577
  -8.48092  -8.48092  -8.48092  -8.48092  -8.48092
 --------------------/ IPRT= 1  / IGRD= 1  /IONIS   / Z1=12   / DATE= 26.01.98  
 -40.00000 -40.00000 -40.00000 -40.00000 -40.00000
 -40.00000 -40.00000 -40.00000 -40.00000 -40.00000
 -40.00000 -40.00000 -40.00000 -40.00000 -40.00000
 -40.00000 -40.00000 -40.00000 -40.00000 -40.00000
 -35.51878 -35.51878 -35.51878 -35.51878 -35.51878
 -26.86179 -26.86179 -26.86179 -26.86179 -26.86179
 -21.23913 -21.23912 -21.23912 -21.23912 -21.23912
 -17.37083 -17.37083 -17.37083 -17.37083 -17.37083
 -14.68172 -14.68172 -14.68172 -14.68172 -14.68172
 -12.80483 -12.80483 -12.80483 -12.80483 -12.80483
 -11.48547 -11.48547 -11.48547 -11.48547 -11.48547
 -10.54984 -10.54984 -10.54984 -10.54984 -10.54984
  -9.88205  -9.88205  -9.88205  -9.88205  -9.88205
  -9.40434  -9.40434  -9.40434  -9.40434  -9.40434
  -9.06292  -9.06292  -9.06292  -9.06292  -9.06292
  -8.82001  -8.82001  -8.82001  -8.82001  -8.82001
  -8.64880  -8.64880  -8.64880  -8.64880  -8.64880
  -8.53012  -8.53012  -8.53012  -8.53012  -8.53012
  -8.45032  -8.45032  -8.45032  -8.45032  -8.45032
  -8.39961  -8.39961  -8.39961  -8.39961  -8.39961
  -8.37096  -8.37096  -8.37096  -8.37096  -8.37096
  -8.35924  -8.35924  -8.35924  -8.35924  -8.35924
  -8.36070  -8.36070  -8.36070  -8.36070  -8.36070
  -8.37256  -8.37256  -8.37256  -8.37256  -8.37256
  -8.39274  -8.39274  -8.39274  -8.39274  -8.39274
  -8.41967  -8.41967  -8.41967  -8.41967  -8.41967
  -8.45214  -8.45213  -8.45213  -8.45213  -8.45213
  -8.48919  -8.48919  -8.48919  -8.48919  -8.48919
  -8.53012  -8.53012  -8.53012  -8.53012  -8.53012
  -8.57432  -8.57432  -8.57432  -8.57432  -8.57432
 --------------------/ IPRT= 1  / IGRD= 1  /IONIS   / Z1=13   / DATE= 26.01.98  
 -40.00000 -40.00000 -40.00000 -40.00000 -40.00000
 -40.00000 -40.00000 -40.00000 -40.00000 -40.00000
 -40.00000 -40.00000 -40.00000 -40.00000 -40.00000
 -40.00000 -40.00000 -40.00000 -40.00000 -40.00000
 -38.55504 -38.55503 -38.55503 -38.55503 -38.55503
 -29.09610 -29.09610 -29.09610 -29.09610 -29.09610
 -22.83312 -22.83312 -22.83312 -22.83312 -22.83312
 -18.51723 -18.51723 -18.51723 -18.51723 -18.51723
 -15.51954 -15.51954 -15.51954 -15.51954 -15.51954
 -13.42793 -13.42793 -13.42793 -13.42793 -13.42793
 -11.95742 -11.95742 -11.95742 -11.95742 -11.95742
 -10.91453 -10.91453 -10.91453 -10.91453 -10.91453
 -10.17057 -10.17057 -10.17057 -10.17057 -10.17057
  -9.63886  -9.63887  -9.63887  -9.63887  -9.63887
  -9.25915  -9.25915  -9.25915  -9.25915  -9.25915
  -8.98897  -8.98897  -8.98897  -8.98897  -8.98897
  -8.79817  -8.79817  -8.79817  -8.79817  -8.79817
  -8.66527  -8.66527  -8.66527  -8.66527  -8.66527
  -8.57501  -8.57501  -8.57501  -8.57501  -8.57501
  -8.51651  -8.51651  -8.51651  -8.51651  -8.51651
  -8.48195  -8.48195  -8.48195  -8.48195  -8.48195
  -8.46567  -8.46567  -8.46567  -8.46567  -8.46567
  -8.46359  -8.46359  -8.46359  -8.46359  -8.46359
  -8.47264  -8.47264  -8.47264  -8.47264  -8.47264
  -8.49058  -8.49057  -8.49057  -8.49057  -8.49058
  -8.51568  -8.51568  -8.51568  -8.51568  -8.51568
  -8.54664  -8.54664  -8.54664  -8.54664  -8.54664
  -8.58244  -8.58244  -8.58244  -8.58244  -8.58244
  -8.62231  -8.62231  -8.62231  -8.62231  -8.62231
  -8.66560  -8.66560  -8.66560  -8.66560  -8.66560
 --------------------/ IPRT= 1  / IGRD= 1  /IONIS   / Z1=14   / DATE= 26.01.98  
 -40.00000 -40.00000 -40.00000 -40.00000 -40.00000
 -40.00000 -40.00000 -40.00000 -40.00000 -40.00000
 -40.00000 -40.00000 -40.00000 -40.00000 -40.00000
 -40.00000 -40.00000 -40.00000 -40.00000 -40.00000
 -39.03559 -39.03558 -39.03558 -39.03558 -39.03558
 -31.23573 -31.23573 -31.23573 -31.23573 -31.23573
 -24.45865 -24.45865 -24.45865 -24.45865 -24.45865
 -19.67025 -19.67025 -19.67025 -19.67025 -19.67025
 -16.36004 -16.36004 -16.36004 -16.36004 -16.36004
 -14.05303 -14.05303 -14.05303 -14.05303 -14.05303
 -12.43029 -12.43029 -12.43029 -12.43029 -12.43029
 -11.27895 -11.27895 -11.27895 -11.27895 -11.27895
 -10.45787 -10.45787 -10.45787 -10.45787 -10.45787
  -9.87157  -9.87157  -9.87157  -9.87157  -9.87157
  -9.45324  -9.45324  -9.45324  -9.45324  -9.45324
  -9.15564  -9.15564  -9.15564  -9.15564  -9.15564
  -8.94524  -8.94524  -8.94524  -8.94524  -8.94524
  -8.79815  -8.79815  -8.79815  -8.79815  -8.79815
  -8.69749  -8.69749  -8.69749  -8.69749  -8.69749
  -8.63128  -8.63127  -8.63127  -8.63127  -8.63128
  -8.59089  -8.59089  -8.59089  -8.59089  -8.59089
  -8.57017  -8.57017  -8.57017  -8.57017  -8.57017
  -8.56462  -8.56462  -8.56462  -8.56462  -8.56462
  -8.57094  -8.57094  -8.57094  -8.57094  -8.57094
  -8.58669  -8.58669  -8.58669  -8.58669  -8.58669
  -8.61002  -8.61002  -8.61002  -8.61002  -8.61002
  -8.63952  -8.63952  -8.63952  -8.63952  -8.63952
  -8.67412  -8.67412  -8.67412  -8.67412  -8.67413
  -8.71298  -8.71298  -8.71298  -8.71298  -8.71298
  -8.75542  -8.75542  -8.75542  -8.75542  -8.75542
 --------------------/ IPRT= 1  / IGRD= 1  /IONIS   / Z1=15   / DATE= 26.01.98  
 -40.00000 -40.00000 -40.00000 -40.00000 -40.00000
 -40.00000 -40.00000 -40.00000 -40.00000 -40.00000
 -40.00000 -40.00000 -40.00000 -40.00000 -40.00000
 -40.00000 -40.00000 -40.00000 -40.00000 -40.00000
 -40.00000 -40.00000 -40.00000 -40.00000 -40.00000
 -33.65213 -33.65213 -33.65213 -33.65213 -33.65213
 -26.16115 -26.16115 -26.16115 -26.16115 -26.16115
 -20.90055 -20.90055 -20.90055 -20.90055 -20.90055
 -17.26051 -17.26050 -17.26050 -17.26050 -17.26051
 -14.72121 -14.72121 -14.72121 -14.72121 -14.72121
 -12.93287 -12.93287 -12.93287 -12.93287 -12.93287
 -11.66322 -11.66322 -11.66322 -11.66322 -11.66322
 -10.75832 -10.75832 -10.75832 -10.75832 -10.75832
 -10.11312 -10.11312 -10.11312 -10.11312 -10.11312
  -9.65349  -9.65349  -9.65349  -9.65349  -9.65349
  -9.32680  -9.32680  -9.32680  -9.32680  -9.32680
  -9.09572  -9.09572  -9.09572  -9.09572  -9.09572
  -8.93378  -8.93378  -8.93378  -8.93378  -8.93378
  -8.82229  -8.82229  -8.82229  -8.82229  -8.82229
  -8.74808  -8.74808  -8.74808  -8.74808  -8.74808
  -8.70168  -8.70168  -8.70168  -8.70168  -8.70168
  -8.67640  -8.67639  -8.67639  -8.67639  -8.67639
  -8.66730  -8.66730  -8.66730  -8.66730  -8.66730
  -8.67085  -8.67085  -8.67085  -8.67085  -8.67085
  -8.68439  -8.68439  -8.68439  -8.68439  -8.68439
  -8.70593  -8.70593  -8.70593  -8.70593  -8.70593
  -8.73398  -8.73398  -8.73398  -8.73398  -8.73398
  -8.76736  -8.76736  -8.76736  -8.76736  -8.76736
  -8.80521  -8.80521  -8.80521  -8.80521  -8.80521
  -8.84678  -8.84678  -8.84678  -8.84678  -8.84678
 --------------------/ IPRT= 1  / IGRD= 1  /IONIS   / Z1=16   / DATE= 26.01.98  
 -40.00000 -40.00000 -40.00000 -40.00000 -40.00000
 -40.00000 -40.00000 -40.00000 -40.00000 -40.00000
 -40.00000 -40.00000 -40.00000 -40.00000 -40.00000
 -40.00000 -40.00000 -40.00000 -40.00000 -40.00000
 -40.00000 -40.00000 -40.00000 -40.00000 -40.00000
 -35.97044 -35.97044 -35.97044 -35.97044 -35.97043
 -27.80226 -27.80226 -27.80226 -27.80226 -27.80226
 -22.09388 -22.09388 -22.09388 -22.09388 -22.09388
 -18.14102 -18.14101 -18.14101 -18.14101 -18.14102
 -15.38061 -15.38060 -15.38060 -15.38060 -15.38060
 -13.43309 -13.43309 -13.43309 -13.43309 -13.43309
 -12.04817 -12.04817 -12.04817 -12.04817 -12.04817
 -11.06061 -11.06061 -11.06061 -11.06061 -11.06061
 -10.35680 -10.35680 -10.35680 -10.35680 -10.35680
  -9.85583  -9.85583  -9.85583  -9.85583  -9.85583
  -9.49989  -9.49989  -9.49989  -9.49989  -9.49989
  -9.24800  -9.24800  -9.24800  -9.24800  -9.24800
  -9.07110  -9.07110  -9.07110  -9.07110  -9.07110
  -8.94873  -8.94873  -8.94873  -8.94873  -8.94873
  -8.86647  -8.86647  -8.86647  -8.86647  -8.86647
  -8.81407  -8.81407  -8.81407  -8.81407  -8.81407
  -8.78421  -8.78421  -8.78421  -8.78421  -8.78421
  -8.77159  -8.77159  -8.77159  -8.77159  -8.77159
  -8.77239  -8.77239  -8.77239  -8.77239  -8.77239
  -8.78373  -8.78373  -8.78373  -8.78373  -8.78373
  -8.80351  -8.80351  -8.80351  -8.80351  -8.80351
  -8.83012  -8.83012  -8.83012  -8.83012  -8.83012
  -8.86231  -8.86231  -8.86231  -8.86231  -8.86231
  -8.89917  -8.89917  -8.89917  -8.89917  -8.89917
  -8.93990  -8.93990  -8.93990  -8.93990  -8.93990
 --------------------/ IPRT= 1  / IGRD= 1  /IONIS   / Z1=17   / DATE= 26.01.98  
 -40.00000 -40.00000 -40.00000 -40.00000 -40.00000
 -40.00000 -40.00000 -40.00000 -40.00000 -40.00000
 -40.00000 -40.00000 -40.00000 -40.00000 -40.00000
 -40.00000 -40.00000 -40.00000 -40.00000 -40.00000
 -40.00000 -40.00000 -40.00000 -40.00000 -40.00000
 -38.66504 -38.66504 -38.66504 -38.66504 -38.66505
 -29.39189 -29.39189 -29.39189 -29.39189 -29.39189
 -23.31967 -23.31967 -23.31967 -23.31967 -23.31967
 -19.06371 -19.06372 -19.06372 -19.06371 -19.06371
 -16.07493 -16.07493 -16.07493 -16.07493 -16.07493
 -13.95807 -13.95806 -13.95806 -13.95806 -13.95807
 -12.44896 -12.44896 -12.44896 -12.44896 -12.44896
 -11.37271 -11.37271 -11.37271 -11.37271 -11.37271
 -10.60675 -10.60675 -10.60675 -10.60675 -10.60675
 -10.06245 -10.06245 -10.06245 -10.06245 -10.06245
  -9.67621  -9.67621  -9.67621  -9.67621  -9.67621
  -9.40294  -9.40294  -9.40294  -9.40294  -9.40294
  -9.21079  -9.21079  -9.21079  -9.21079  -9.21079
  -9.07738  -9.07738  -9.07738  -9.07738  -9.07738
  -8.98703  -8.98703  -8.98703  -8.98703  -8.98703
  -8.92860  -8.92860  -8.92860  -8.92860  -8.92860
  -8.89418  -8.89418  -8.89418  -8.89418  -8.89418
  -8.87807  -8.87807  -8.87807  -8.87807  -8.87807
  -8.87613  -8.87613  -8.87613  -8.87613  -8.87613
  -8.88532  -8.88532  -8.88532  -8.88532  -8.88532
  -8.90337  -8.90337  -8.90337  -8.90337  -8.90337
  -8.92856  -8.92856  -8.92856  -8.92856  -8.92856
  -8.95960  -8.95960  -8.95960  -8.95960  -8.95960
  -8.99549  -8.99549  -8.99549  -8.99549  -8.99549
  -9.03541  -9.03541  -9.03541  -9.03541  -9.03541
 --------------------/ IPRT= 1  / IGRD= 1  /IONIS   / Z1=18   / DATE= 26.01.98  
 -40.00000 -40.00000 -40.00000 -40.00000 -40.00000
 -40.00000 -40.00000 -40.00000 -40.00000 -40.00000
 -40.00000 -40.00000 -40.00000 -40.00000 -40.00000
 -40.00000 -40.00000 -40.00000 -40.00000 -40.00000
 -40.00000 -40.00000 -40.00000 -40.00000 -40.00000
 -40.00000 -40.00000 -40.00000 -40.00000 -40.00000
 -31.21880 -31.21880 -31.21880 -31.21880 -31.21880
 -24.67772 -24.67772 -24.67772 -24.67772 -24.67771
 -20.09058 -20.09057 -20.09057 -20.09057 -20.09058
 -16.84688 -16.84688 -16.84688 -16.84688 -16.84688
 -14.53134 -14.53134 -14.53134 -14.53134 -14.53134
 -12.87705 -12.87705 -12.87705 -12.87705 -12.87705
 -11.70038 -11.70038 -11.70038 -11.70038 -11.70038
 -10.86634 -10.86634 -10.86634 -10.86634 -10.86634
 -10.27577 -10.27577 -10.27577 -10.27577 -10.27577
  -9.85777  -9.85777  -9.85777  -9.85777  -9.85777
  -9.56239  -9.56239  -9.56239  -9.56239  -9.56239
  -9.35462  -9.35462  -9.35462  -9.35462  -9.35462
  -9.21000  -9.21000  -9.21000  -9.21000  -9.21000
  -9.11149  -9.11149  -9.11149  -9.11149  -9.11149
  -9.04701  -9.04701  -9.04701  -9.04701  -9.04702
  -9.00804  -9.00804  -9.00804  -9.00804  -9.00804
  -8.98845  -8.98845  -8.98845  -8.98845  -8.98845
  -8.98380  -8.98380  -8.98380  -8.98380  -8.98380
  -8.99086  -8.99086  -8.99086  -8.99086  -8.99086
  -9.00721  -9.00721  -9.00721  -9.00721  -9.00721
  -9.03102  -9.03102  -9.03102  -9.03102  -9.03102
  -9.06093  -9.06093  -9.06093  -9.06093  -9.06093
  -9.09587  -9.09587  -9.09587  -9.09587  -9.09587
  -9.13500  -9.13500  -9.13500  -9.13500  -9.13500
 --------------------/ IPRT= 1  / IGRD= 1  /IONIS   / Z1=19   / DATE= 26.01.98  
 -40.00000 -40.00000 -40.00000 -40.00000 -40.00000
 -40.00000 -40.00000 -40.00000 -40.00000 -40.00000
 -40.00000 -40.00000 -40.00000 -40.00000 -40.00000
 -40.00000 -40.00000 -40.00000 -40.00000 -40.00000
 -40.00000 -40.00000 -40.00000 -40.00000 -40.00000
 -40.00000 -40.00000 -40.00000 -40.00000 -40.00000
 -36.55692 -36.55692 -36.55692 -36.55692 -36.55692
 -27.98642 -27.98642 -27.98642 -27.98642 -27.98642
 -22.18507 -22.18507 -22.18507 -22.18507 -22.18507
 -18.18588 -18.18588 -18.18588 -18.18588 -18.18588
 -15.40501 -15.40501 -15.40501 -15.40501 -15.40501
 -13.46460 -13.46460 -13.46460 -13.46460 -13.46460
 -12.10674 -12.10674 -12.10674 -12.10674 -12.10674
 -11.15393 -11.15393 -11.15393 -11.15393 -11.15393
 -10.48335 -10.48335 -10.48335 -10.48335 -10.48335
 -10.01037 -10.01037 -10.01037 -10.01037 -10.01037
  -9.67661  -9.67662  -9.67661  -9.67661  -9.67661
  -9.44167  -9.44166  -9.44166  -9.44166  -9.44167
  -9.27753  -9.27753  -9.27753  -9.27753  -9.27753
  -9.16479  -9.16479  -9.16479  -9.16479  -9.16479
  -9.08979  -9.08979  -9.08979  -9.08979  -9.08979
  -9.04291  -9.04291  -9.04291  -9.04291  -9.04291
  -9.01729  -9.01729  -9.01729  -9.01729  -9.01730
  -9.00798  -9.00798  -9.00798  -9.00798  -9.00798
  -9.01137  -9.01137  -9.01137  -9.01137  -9.01137
  -9.02479  -9.02479  -9.02479  -9.02479  -9.02479
  -9.04624  -9.04624  -9.04624  -9.04624  -9.04624
  -9.07422  -9.07422  -9.07422  -9.07422  -9.07422
  -9.10755  -9.10755  -9.10755  -9.10755  -9.10755
  -9.14534  -9.14534  -9.14534  -9.14534  -9.14534
 --------------------/ IPRT= 1  / IGRD= 1  /IONIS   / Z1=20   / DATE= 26.01.98  
 -40.00000 -40.00000 -40.00000 -40.00000 -40.00000
 -40.00000 -40.00000 -40.00000 -40.00000 -40.00000
 -40.00000 -40.00000 -40.00000 -40.00000 -40.00000
 -40.00000 -40.00000 -40.00000 -40.00000 -40.00000
 -40.00000 -40.00000 -40.00000 -40.00000 -40.00000
 -40.00000 -40.00000 -40.00000 -40.00000 -40.00000
 -38.26887 -38.26887 -38.26887 -38.26887 -38.26887
 -29.23192 -29.23192 -29.23192 -29.23192 -29.23192
 -23.08539 -23.08539 -23.08539 -23.08539 -23.08539
 -18.84243 -18.84243 -18.84243 -18.84243 -18.84243
 -15.89218 -15.89218 -15.89218 -15.89218 -15.89218
 -13.83415 -13.83415 -13.83415 -13.83415 -13.83415
 -12.39459 -12.39460 -12.39459 -12.39459 -12.39460
 -11.38499 -11.38499 -11.38499 -11.38499 -11.38499
 -10.67482 -10.67482 -10.67482 -10.67482 -10.67482
 -10.17411 -10.17411 -10.17411 -10.17411 -10.17411
  -9.82078  -9.82078  -9.82078  -9.82078  -9.82078
  -9.57190  -9.57190  -9.57190  -9.57190  -9.57190
  -9.39774  -9.39774  -9.39774  -9.39774  -9.39774
  -9.27769  -9.27769  -9.27769  -9.27769  -9.27769
  -9.19730  -9.19730  -9.19730  -9.19730  -9.19730
  -9.14637  -9.14637  -9.14637  -9.14637  -9.14637
  -9.11767  -9.11767  -9.11767  -9.11767  -9.11767
  -9.10600  -9.10600  -9.10600  -9.10600  -9.10600
  -9.10751  -9.10751  -9.10751  -9.10751  -9.10751
  -9.11946  -9.11946  -9.11946  -9.11946  -9.11946
  -9.13972  -9.13972  -9.13972  -9.13972  -9.13972
  -9.16672  -9.16672  -9.16672  -9.16672  -9.16672
  -9.19926  -9.19926  -9.19926  -9.19926  -9.19926
  -9.23637  -9.23637  -9.23637  -9.23637  -9.23637
 --------------------/ IPRT= 1  / IGRD= 1  /IONIS   / Z1=21   / DATE= 26.01.98  
 -40.00000 -40.00000 -40.00000 -40.00000 -40.00000
 -40.00000 -40.00000 -40.00000 -40.00000 -40.00000
 -40.00000 -40.00000 -40.00000 -40.00000 -40.00000
 -40.00000 -40.00000 -40.00000 -40.00000 -40.00000
 -40.00000 -40.00000 -40.00000 -40.00000 -40.00000
 -40.00000 -40.00000 -40.00000 -40.00000 -40.00000
 -38.51678 -38.51678 -38.51678 -38.51678 -38.51678
 -30.30002 -30.30002 -30.30002 -30.30001 -30.30002
 -24.00065 -24.00066 -24.00066 -24.00066 -24.00065
 -19.51210 -19.51209 -19.51209 -19.51209 -19.51210
 -16.38805 -16.38805 -16.38805 -16.38805 -16.38805
 -14.21110 -14.21110 -14.21110 -14.21110 -14.21110
 -12.68926 -12.68927 -12.68927 -12.68927 -12.68926
 -11.62259 -11.62259 -11.62259 -11.62259 -11.62259
 -10.87273 -10.87273 -10.87273 -10.87273 -10.87273
 -10.34427 -10.34427 -10.34427 -10.34427 -10.34427
  -9.97143  -9.97143  -9.97143  -9.97143  -9.97143
  -9.70869  -9.70869  -9.70869  -9.70869  -9.70869
  -9.52458  -9.52458  -9.52458  -9.52458  -9.52458
  -9.39730  -9.39730  -9.39730  -9.39730  -9.39730
  -9.31157  -9.31157  -9.31157  -9.31157  -9.31157
  -9.25665  -9.25665  -9.25665  -9.25665  -9.25665
  -9.22494  -9.22494  -9.22494  -9.22494  -9.22494
  -9.21093  -9.21093  -9.21093  -9.21093  -9.21093
  -9.21064  -9.21064  -9.21064  -9.21064  -9.21064
  -9.22113  -9.22113  -9.22113  -9.22113  -9.22113
  -9.24023  -9.24023  -9.24023  -9.24023  -9.24023
  -9.26629  -9.26628  -9.26628  -9.26628  -9.26628
  -9.29804  -9.29804  -9.29804  -9.29804  -9.29804
  -9.33451  -9.33451  -9.33451  -9.33451  -9.33451
 --------------------/ IPRT= 1  / IGRD= 1  /IONIS   / Z1=22   / DATE= 26.01.98  
 -40.00000 -40.00000 -40.00000 -40.00000 -40.00000
 -40.00000 -40.00000 -40.00000 -40.00000 -40.00000
 -40.00000 -40.00000 -40.00000 -40.00000 -40.00000
 -40.00000 -40.00000 -40.00000 -40.00000 -40.00000
 -40.00000 -40.00000 -40.00000 -40.00000 -40.00000
 -40.00000 -40.00000 -40.00000 -40.00000 -40.00000
 -40.00000 -40.00000 -40.00000 -40.00000 -40.00000
 -31.60809 -31.60809 -31.60809 -31.60809 -31.60809
 -24.93421 -24.93421 -24.93421 -24.93421 -24.93421
 -20.19748 -20.19748 -20.19748 -20.19748 -20.19748
 -16.90054 -16.90054 -16.90054 -16.90054 -16.90054
 -14.60312 -14.60312 -14.60312 -14.60312 -14.60312
 -12.99767 -12.99767 -12.99767 -12.99767 -12.99768
 -11.87302 -11.87302 -11.87302 -11.87302 -11.87302
 -11.08285 -11.08285 -11.08285 -11.08285 -11.08285
 -10.52624 -10.52624 -10.52624 -10.52624 -10.52624
 -10.13361 -10.13361 -10.13361 -10.13361 -10.13361
  -9.85683  -9.85682  -9.85682  -9.85682  -9.85683
  -9.66267  -9.66267  -9.66267  -9.66267  -9.66267
  -9.52808  -9.52808  -9.52808  -9.52808  -9.52808
  -9.43699  -9.43699  -9.43699  -9.43699  -9.43699
  -9.37807  -9.37807  -9.37807  -9.37807  -9.37807
  -9.34332  -9.34332  -9.34332  -9.34332  -9.34332
  -9.32698  -9.32698  -9.32698  -9.32698  -9.32698
  -9.32487  -9.32487  -9.32487  -9.32487  -9.32487
  -9.33394  -9.33394  -9.33394  -9.33394  -9.33394
  -9.35188  -9.35188  -9.35188  -9.35188  -9.35188
  -9.37700  -9.37700  -9.37700  -9.37700  -9.37700
  -9.40798  -9.40798  -9.40798  -9.40798  -9.40798
  -9.44381  -9.44381  -9.44381  -9.44381  -9.44381
 --------------------/ IPRT= 1  / IGRD= 1  /IONIS   / Z1=23   / DATE= 26.01.98  
 -40.00000 -40.00000 -40.00000 -40.00000 -40.00000
 -40.00000 -40.00000 -40.00000 -40.00000 -40.00000
 -40.00000 -40.00000 -40.00000 -40.00000 -40.00000
 -40.00000 -40.00000 -40.00000 -40.00000 -40.00000
 -40.00000 -40.00000 -40.00000 -40.00000 -40.00000
 -40.00000 -40.00000 -40.00000 -40.00000 -40.00000
 -40.00000 -40.00000 -40.00000 -40.00000 -40.00000
 -33.36050 -33.36050 -33.36050 -33.36050 -33.36050
 -26.16223 -26.16223 -26.16223 -26.16223 -26.16223
 -21.08034 -21.08034 -21.08034 -21.08034 -21.08034
 -17.54792 -17.54792 -17.54792 -17.54792 -17.54792
 -15.09058 -15.09058 -15.09058 -15.09058 -15.09058
 -13.37669 -13.37669 -13.37669 -13.37669 -13.37669
 -12.17822 -12.17822 -12.17822 -12.17822 -12.17822
 -11.33746 -11.33746 -11.33746 -11.33746 -11.33746
 -10.74591 -10.74591 -10.74591 -10.74591 -10.74591
 -10.32894 -10.32894 -10.32894 -10.32894 -10.32894
 -10.03500 -10.03500 -10.03500 -10.03500 -10.03500
  -9.82860  -9.82860  -9.82860  -9.82860  -9.82860
  -9.68519  -9.68519  -9.68519  -9.68519  -9.68518
  -9.58762  -9.58761  -9.58761  -9.58761  -9.58762
  -9.52389  -9.52389  -9.52389  -9.52389  -9.52389
  -9.48551  -9.48551  -9.48551  -9.48551  -9.48551
  -9.46639  -9.46639  -9.46639  -9.46639  -9.46639
  -9.46212  -9.46212  -9.46212  -9.46212  -9.46212
  -9.46947  -9.46947  -9.46947  -9.46947  -9.46947
  -9.48605  -9.48605  -9.48605  -9.48605  -9.48605
  -9.51007  -9.51007  -9.51007  -9.51007  -9.51007
  -9.54013  -9.54013  -9.54013  -9.54013  -9.54013
  -9.57521  -9.57521  -9.57521  -9.57521  -9.57521
 --------------------/ IPRT= 1  / IGRD= 1  /IONIS   / Z1=24   / DATE= 26.01.98  
 -40.00000 -40.00000 -40.00000 -40.00000 -40.00000
 -40.00000 -40.00000 -40.00000 -40.00000 -40.00000
 -40.00000 -40.00000 -40.00000 -40.00000 -40.00000
 -40.00000 -40.00000 -40.00000 -40.00000 -40.00000
 -40.00000 -40.00000 -40.00000 -40.00000 -40.00000
 -40.00000 -40.00000 -40.00000 -40.00000 -40.00000
 -40.00000 -40.00000 -40.00000 -40.00000 -40.00000
 -34.81834 -34.81834 -34.81834 -34.81834 -34.81834
 -27.20510 -27.20510 -27.20510 -27.20510 -27.20509
 -21.84884 -21.84884 -21.84884 -21.84884 -21.84884
 -18.12769 -18.12769 -18.12769 -18.12769 -18.12769
 -15.54064 -15.54063 -15.54063 -15.54064 -15.54064
 -13.73768 -13.73768 -13.73768 -13.73768 -13.73768
 -12.47793 -12.47793 -12.47793 -12.47793 -12.47793
 -11.59482 -11.59482 -11.59482 -11.59482 -11.59482
 -10.97383 -10.97383 -10.97383 -10.97383 -10.97383
 -10.53624 -10.53624 -10.53624 -10.53624 -10.53624
 -10.22775 -10.22775 -10.22775 -10.22775 -10.22775
 -10.01097 -10.01097 -10.01097 -10.01097 -10.01097
  -9.86005  -9.86005  -9.86005  -9.86005  -9.86005
  -9.75699  -9.75699  -9.75699  -9.75699  -9.75699
  -9.68919  -9.68919  -9.68919  -9.68919  -9.68919
  -9.64774  -9.64774  -9.64774  -9.64774  -9.64774
  -9.62627  -9.62627  -9.62627  -9.62627  -9.62627
  -9.62017  -9.62017  -9.62017  -9.62017  -9.62017
  -9.62609  -9.62609  -9.62609  -9.62609  -9.62609
  -9.64152  -9.64152  -9.64152  -9.64152  -9.64152
  -9.66461  -9.66461  -9.66461  -9.66461  -9.66461
  -9.69392  -9.69391  -9.69391  -9.69391  -9.69392
  -9.72835  -9.72835  -9.72835  -9.72835  -9.72835
 --------------------/ IPRT= 1  / IGRD= 1  /IONIS   / Z1=25   / DATE= 26.01.98  
 -40.00000 -40.00000 -40.00000 -40.00000 -40.00000
 -40.00000 -40.00000 -40.00000 -40.00000 -40.00000
 -40.00000 -40.00000 -40.00000 -40.00000 -40.00000
 -40.00000 -40.00000 -40.00000 -40.00000 -40.00000
 -40.00000 -40.00000 -40.00000 -40.00000 -40.00000
 -40.00000 -40.00000 -40.00000 -40.00000 -40.00000
 -40.00000 -40.00000 -40.00000 -40.00000 -40.00000
 -38.25619 -38.25619 -38.25619 -38.25619 -38.25619
 -29.15471 -29.15471 -29.15471 -29.15471 -29.15471
 -23.24788 -23.24788 -23.24788 -23.24788 -23.24788
 -19.16685 -19.16685 -19.16685 -19.16685 -19.16685
 -16.33058 -16.33058 -16.33058 -16.33058 -16.33058
 -14.35596 -14.35596 -14.35596 -14.35596 -14.35596
 -12.97075 -12.97075 -12.97075 -12.97075 -12.97075
 -11.97838 -11.97838 -11.97838 -11.97838 -11.97838
 -11.24545 -11.24545 -11.24545 -11.24545 -11.24545
 -10.69438 -10.69438 -10.69438 -10.69438 -10.69438
 -10.28160 -10.28160 -10.28160 -10.28160 -10.28160
  -9.97691  -9.97691  -9.97691  -9.97691  -9.97691
  -9.75581  -9.75581  -9.75581  -9.75581  -9.75581
  -9.59820  -9.59820  -9.59820  -9.59820  -9.59820
  -9.48845  -9.48845  -9.48845  -9.48846  -9.48845
  -9.41478  -9.41478  -9.41478  -9.41478  -9.41478
  -9.36843  -9.36843  -9.36843  -9.36843  -9.36843
  -9.34295  -9.34295  -9.34295  -9.34295  -9.34295
  -9.33361  -9.33361  -9.33361  -9.33361  -9.33361
  -9.33689  -9.33689  -9.33689  -9.33689  -9.33689
  -9.35018  -9.35018  -9.35018  -9.35018  -9.35018
  -9.37150  -9.37150  -9.37150  -9.37150  -9.37150
  -9.39936  -9.39936  -9.39936  -9.39936  -9.39936
 --------------------/ IPRT= 1  / IGRD= 1  /IONIS   / Z1=26   / DATE= 26.01.98  
 -40.00000 -40.00000 -40.00000 -40.00000 -40.00000
 -40.00000 -40.00000 -40.00000 -40.00000 -40.00000
 -40.00000 -40.00000 -40.00000 -40.00000 -40.00000
 -40.00000 -40.00000 -40.00000 -40.00000 -40.00000
 -40.00000 -40.00000 -40.00000 -40.00000 -40.00000
 -40.00000 -40.00000 -40.00000 -40.00000 -40.00000
 -40.00000 -40.00000 -40.00000 -40.00000 -40.00000
 -39.73694 -39.73694 -39.73694 -39.73694 -39.73694
 -30.32621 -30.32621 -30.32621 -30.32621 -30.32621
 -24.16011 -24.16011 -24.16011 -24.16011 -24.16011
 -19.89947 -19.89947 -19.89947 -19.89947 -19.89947
 -16.93992 -16.93992 -16.93992 -16.93992 -16.93992
 -14.87949 -14.87948 -14.87948 -14.87948 -14.87949
 -13.42913 -13.42913 -13.42913 -13.42913 -13.42913
 -12.37396 -12.37396 -12.37396 -12.37396 -12.37396
 -11.57324 -11.57324 -11.57324 -11.57324 -11.57324
 -10.95871 -10.95871 -10.95871 -10.95871 -10.95871
 -10.49573 -10.49573 -10.49573 -10.49573 -10.49573
 -10.15476 -10.15476 -10.15476 -10.15476 -10.15476
  -9.90820  -9.90820  -9.90820  -9.90820  -9.90820
  -9.73274  -9.73273  -9.73274  -9.73274  -9.73273
  -9.61029  -9.61029  -9.61029  -9.61029  -9.61029
  -9.52744  -9.52744  -9.52744  -9.52744  -9.52744
  -9.47432  -9.47432  -9.47432  -9.47432  -9.47432
  -9.44376  -9.44376  -9.44376  -9.44376  -9.44377
  -9.43055  -9.43055  -9.43055  -9.43055  -9.43055
  -9.43082  -9.43082  -9.43082  -9.43082  -9.43082
  -9.44173  -9.44173  -9.44173  -9.44173  -9.44173
  -9.46115  -9.46115  -9.46115  -9.46115  -9.46115
  -9.48745  -9.48745  -9.48745  -9.48745  -9.48745
 --------------------/ IPRT= 1  / IGRD= 1  /IONIS   / Z1=27   / DATE= 26.01.98  
 -40.00000 -40.00000 -40.00000 -40.00000 -40.00000
 -40.00000 -40.00000 -40.00000 -40.00000 -40.00000
 -40.00000 -40.00000 -40.00000 -40.00000 -40.00000
 -40.00000 -40.00000 -40.00000 -40.00000 -40.00000
 -40.00000 -40.00000 -40.00000 -40.00000 -40.00000
 -40.00000 -40.00000 -40.00000 -40.00000 -40.00000
 -40.00000 -40.00000 -40.00000 -40.00000 -40.00000
 -40.00000 -40.00000 -40.00000 -40.00000 -40.00000
 -40.00000 -40.00000 -40.00000 -40.00000 -40.00000
 -31.04799 -31.04799 -31.04799 -31.04799 -31.04798
 -24.51465 -24.51464 -24.51464 -24.51464 -24.51465
 -19.92915 -19.92915 -19.92915 -19.92915 -19.92915
 -16.74163 -16.74163 -16.74163 -16.74163 -16.74163
 -14.52315 -14.52315 -14.52315 -14.52315 -14.52315
 -12.96965 -12.96965 -12.96965 -12.96965 -12.96965
 -11.87430 -11.87430 -11.87430 -11.87430 -11.87430
 -11.09782 -11.09782 -11.09782 -11.09782 -11.09782
 -10.54559 -10.54559 -10.54559 -10.54559 -10.54559
 -10.15262 -10.15261 -10.15261 -10.15261 -10.15262
  -9.87364  -9.87364  -9.87364  -9.87364  -9.87364
  -9.67680  -9.67680  -9.67680  -9.67680  -9.67680
  -9.53964  -9.53964  -9.53964  -9.53964  -9.53964
  -9.44633  -9.44633  -9.44633  -9.44633  -9.44633
  -9.38558  -9.38558  -9.38558  -9.38558  -9.38558
  -9.34934  -9.34934  -9.34934  -9.34934  -9.34934
  -9.33180  -9.33179  -9.33179  -9.33179  -9.33180
  -9.32872  -9.32872  -9.32872  -9.32872  -9.32872
  -9.33699  -9.33699  -9.33699  -9.33699  -9.33699
  -9.35430  -9.35430  -9.35430  -9.35430  -9.35430
  -9.37889  -9.37889  -9.37889  -9.37889  -9.37889
 --------------------/ IPRT= 1  / IGRD= 1  /IONIS   / Z1=28   / DATE= 26.01.98  
 -40.00000 -40.00000 -40.00000 -40.00000 -40.00000
 -40.00000 -40.00000 -40.00000 -40.00000 -40.00000
 -40.00000 -40.00000 -40.00000 -40.00000 -40.00000
 -40.00000 -40.00000 -40.00000 -40.00000 -40.00000
 -40.00000 -40.00000 -40.00000 -40.00000 -40.00000
 -40.00000 -40.00000 -40.00000 -40.00000 -40.00000
 -40.00000 -40.00000 -40.00000 -40.00000 -40.00000
 -40.00000 -40.00000 -40.00000 -40.00000 -40.00000
 -40.00000 -40.00000 -40.00000 -40.00000 -40.00000
 -32.63866 -32.63866 -32.63866 -32.63866 -32.63866
 -25.62928 -25.62928 -25.62928 -25.62928 -25.62928
 -20.72720 -20.72719 -20.72719 -20.72719 -20.72720
 -17.32189 -17.32189 -17.32189 -17.32189 -17.32189
 -14.95138 -14.95138 -14.95138 -14.95138 -14.95138
 -13.29080 -13.29080 -13.29080 -13.29080 -13.29080
 -12.11992 -12.11992 -12.11992 -12.11992 -12.11992
 -11.29040 -11.29040 -11.29040 -11.29041 -11.29040
 -10.70110 -10.70110 -10.70110 -10.70110 -10.70110
 -10.28220 -10.28220 -10.28220 -10.28220 -10.28220
  -9.98500  -9.98500  -9.98500  -9.98500  -9.98500
  -9.77521  -9.77521  -9.77521  -9.77521  -9.77521
  -9.62874  -9.62874  -9.62874  -9.62874  -9.62874
  -9.52864  -9.52864  -9.52864  -9.52864  -9.52864
  -9.46287  -9.46287  -9.46287  -9.46287  -9.46287
  -9.42285  -9.42284  -9.42284  -9.42284  -9.42285
  -9.40242  -9.40242  -9.40242  -9.40242  -9.40242
  -9.39710  -9.39710  -9.39710  -9.39710  -9.39710
  -9.40361  -9.40361  -9.40361  -9.40361  -9.40361
  -9.41951  -9.41951  -9.41951  -9.41951  -9.41951
  -9.44297  -9.44297  -9.44297  -9.44297  -9.44297
 --------------------/ IPRT= 1  / IGRD= 1  /IONIS   / Z1=29   / DATE= 26.01.98  
 -40.00000 -40.00000 -40.00000 -40.00000 -40.00000
 -40.00000 -40.00000 -40.00000 -40.00000 -40.00000
 -40.00000 -40.00000 -40.00000 -40.00000 -40.00000
 -40.00000 -40.00000 -40.00000 -40.00000 -40.00000
 -40.00000 -40.00000 -40.00000 -40.00000 -40.00000
 -40.00000 -40.00000 -40.00000 -40.00000 -40.00000
 -40.00000 -40.00000 -40.00000 -40.00000 -40.00000
 -40.00000 -40.00000 -40.00000 -40.00000 -40.00000
 -40.00000 -40.00000 -40.00000 -40.00000 -40.00000
 -34.81363 -34.81363 -34.81363 -34.81363 -34.81364
 -26.77797 -26.77797 -26.77797 -26.77797 -26.77797
 -21.51470 -21.51470 -21.51470 -21.51470 -21.51470
 -17.89768 -17.89768 -17.89768 -17.89768 -17.89768
 -15.37804 -15.37804 -15.37804 -15.37804 -15.37804
 -13.61201 -13.61201 -13.61201 -13.61201 -13.61202
 -12.36675 -12.36675 -12.36675 -12.36675 -12.36675
 -11.48486 -11.48486 -11.48486 -11.48486 -11.48486
 -10.85876 -10.85876 -10.85876 -10.85876 -10.85876
 -10.41396 -10.41396 -10.41396 -10.41396 -10.41396
 -10.09844 -10.09844 -10.09844 -10.09844 -10.09844
  -9.87559  -9.87559  -9.87559  -9.87559  -9.87558
  -9.71969  -9.71969  -9.71969  -9.71969  -9.71969
  -9.61271  -9.61271  -9.61271  -9.61271  -9.61271
  -9.54184  -9.54184  -9.54184  -9.54184  -9.54184
  -9.49799  -9.49799  -9.49799  -9.49799  -9.49799
  -9.47462  -9.47462  -9.47462  -9.47462  -9.47462
  -9.46704  -9.46704  -9.46704  -9.46704  -9.46704
  -9.47177  -9.47177  -9.47177  -9.47177  -9.47177
  -9.48625  -9.48625  -9.48625  -9.48625  -9.48625
  -9.50855  -9.50855  -9.50855  -9.50855  -9.50855
 --------------------/ IPRT= 1  / IGRD= 1  /IONIS   / Z1=30   / DATE= 26.01.98  
 -40.00000 -40.00000 -40.00000 -40.00000 -40.00000
 -40.00000 -40.00000 -40.00000 -40.00000 -40.00000
 -40.00000 -40.00000 -40.00000 -40.00000 -40.00000
 -40.00000 -40.00000 -40.00000 -40.00000 -40.00000
 -40.00000 -40.00000 -40.00000 -40.00000 -40.00000
 -40.00000 -40.00000 -40.00000 -40.00000 -40.00000
 -40.00000 -40.00000 -40.00000 -40.00000 -40.00000
 -40.00000 -40.00000 -40.00000 -40.00000 -40.00000
 -40.00000 -40.00000 -40.00000 -40.00000 -40.00000
 -37.78134 -37.78133 -37.78133 -37.78134 -37.78133
 -28.94481 -28.94481 -28.94481 -28.94481 -28.94481
 -23.05809 -23.05808 -23.05808 -23.05809 -23.05809
 -18.99681 -18.99681 -18.99681 -18.99681 -18.99681
 -16.16376 -16.16376 -16.16376 -16.16376 -16.16376
 -14.17804 -14.17804 -14.17804 -14.17804 -14.17804
 -12.78156 -12.78156 -12.78156 -12.78156 -12.78156
 -11.79725 -11.79725 -11.79725 -11.79725 -11.79725
 -11.10207 -11.10207 -11.10207 -11.10207 -11.10207
 -10.61046 -10.61046 -10.61046 -10.61046 -10.61046
 -10.26284 -10.26284 -10.26284 -10.26284 -10.26284
 -10.01765 -10.01765 -10.01765 -10.01765 -10.01765
  -9.84596  -9.84596  -9.84596  -9.84596  -9.84596
  -9.72760  -9.72760  -9.72760  -9.72760  -9.72760
  -9.64840  -9.64840  -9.64840  -9.64840  -9.64840
  -9.59835  -9.59834  -9.59834  -9.59834  -9.59835
  -9.57030  -9.57030  -9.57030  -9.57030  -9.57030
  -9.55910  -9.55910  -9.55910  -9.55910  -9.55910
  -9.56101  -9.56101  -9.56101  -9.56101  -9.56100
  -9.57324  -9.57324  -9.57324  -9.57324  -9.57324
  -9.59374  -9.59374  -9.59374  -9.59374  -9.59374
 --------------------/ IPRT= 1  / IGRD= 1  /IONIS   / Z1=31   / DATE= 26.01.98  
 -40.00000 -40.00000 -40.00000 -40.00000 -40.00000
 -40.00000 -40.00000 -40.00000 -40.00000 -40.00000
 -40.00000 -40.00000 -40.00000 -40.00000 -40.00000
 -40.00000 -40.00000 -40.00000 -40.00000 -40.00000
 -40.00000 -40.00000 -40.00000 -40.00000 -40.00000
 -40.00000 -40.00000 -40.00000 -40.00000 -40.00000
 -40.00000 -40.00000 -40.00000 -40.00000 -40.00000
 -40.00000 -40.00000 -40.00000 -40.00000 -40.00000
 -40.00000 -40.00000 -40.00000 -40.00000 -40.00000
 -37.84677 -37.84676 -37.84676 -37.84677 -37.84677
 -29.01237 -29.01237 -29.01237 -29.01237 -29.01237
 -23.12869 -23.12868 -23.12868 -23.12868 -23.12868
 -19.07342 -19.07342 -19.07342 -19.07342 -19.07342
 -16.24668 -16.24668 -16.24668 -16.24668 -16.24668
 -14.26362 -14.26362 -14.26362 -14.26362 -14.26362
 -12.86513 -12.86513 -12.86513 -12.86513 -12.86513
 -11.87582 -11.87582 -11.87582 -11.87582 -11.87582
 -11.17474 -11.17474 -11.17474 -11.17474 -11.17474
 -10.67758 -10.67758 -10.67758 -10.67758 -10.67758
 -10.32527 -10.32527 -10.32527 -10.32527 -10.32527
 -10.07634 -10.07634 -10.07634 -10.07634 -10.07634
  -9.90176  -9.90176  -9.90176  -9.90176  -9.90176
  -9.78118  -9.78118  -9.78118  -9.78118  -9.78118
  -9.70028  -9.70028  -9.70028  -9.70029  -9.70029
  -9.64893  -9.64893  -9.64893  -9.64893  -9.64893
  -9.61987  -9.61987  -9.61987  -9.61987  -9.61987
  -9.60789  -9.60789  -9.60789  -9.60789  -9.60789
  -9.60917  -9.60917  -9.60917  -9.60917  -9.60918
  -9.62091  -9.62091  -9.62091  -9.62091  -9.62091
  -9.64101  -9.64101  -9.64101  -9.64101  -9.64101
 --------------------/ IPRT= 1  / IGRD= 1  /IONIS   / Z1=32   / DATE= 26.01.98  
 -40.00000 -40.00000 -40.00000 -40.00000 -40.00000
 -40.00000 -40.00000 -40.00000 -40.00000 -40.00000
 -40.00000 -40.00000 -40.00000 -40.00000 -40.00000
 -40.00000 -40.00000 -40.00000 -40.00000 -40.00000
 -40.00000 -40.00000 -40.00000 -40.00000 -40.00000
 -40.00000 -40.00000 -40.00000 -40.00000 -40.00000
 -40.00000 -40.00000 -40.00000 -40.00000 -40.00000
 -40.00000 -40.00000 -40.00000 -40.00000 -40.00000
 -40.00000 -40.00000 -40.00000 -40.00000 -40.00000
 -39.36082 -39.36082 -39.36082 -39.36082 -39.36082
 -30.13143 -30.13143 -30.13143 -30.13143 -30.13143
 -23.94039 -23.94039 -23.94039 -23.94039 -23.94039
 -19.66712 -19.66712 -19.66712 -19.66712 -19.66712
 -16.68654 -16.68654 -16.68654 -16.68654 -16.68654
 -14.59405 -14.59405 -14.59405 -14.59405 -14.59405
 -13.11808 -13.11808 -13.11808 -13.11808 -13.11808
 -12.07447 -12.07447 -12.07447 -12.07447 -12.07447
 -11.33552 -11.33552 -11.33552 -11.33552 -11.33552
 -10.81195 -10.81195 -10.81195 -10.81195 -10.81195
 -10.44112 -10.44112 -10.44112 -10.44112 -10.44112
 -10.17910 -10.17909 -10.17909 -10.17909 -10.17909
  -9.99513  -9.99513  -9.99513  -9.99513  -9.99513
  -9.86775  -9.86775  -9.86775  -9.86775  -9.86775
  -9.78186  -9.78186  -9.78186  -9.78186  -9.78186
  -9.72677  -9.72677  -9.72677  -9.72677  -9.72677
  -9.69489  -9.69489  -9.69489  -9.69489  -9.69489
  -9.68073  -9.68073  -9.68073  -9.68073  -9.68073
  -9.68032  -9.68032  -9.68032  -9.68032  -9.68032
  -9.69072  -9.69072  -9.69072  -9.69072  -9.69072
  -9.70973  -9.70973  -9.70973  -9.70973  -9.70973
 --------------------/ IPRT= 1  / IGRD= 1  /IONIS   / Z1=33   / DATE= 26.01.98  
 -40.00000 -40.00000 -40.00000 -40.00000 -40.00000
 -40.00000 -40.00000 -40.00000 -40.00000 -40.00000
 -40.00000 -40.00000 -40.00000 -40.00000 -40.00000
 -40.00000 -40.00000 -40.00000 -40.00000 -40.00000
 -40.00000 -40.00000 -40.00000 -40.00000 -40.00000
 -40.00000 -40.00000 -40.00000 -40.00000 -40.00000
 -40.00000 -40.00000 -40.00000 -40.00000 -40.00000
 -40.00000 -40.00000 -40.00000 -40.00000 -40.00000
 -40.00000 -40.00000 -40.00000 -40.00000 -40.00000
 -40.00000 -40.00000 -40.00000 -40.00000 -40.00000
 -31.41690 -31.41690 -31.41690 -31.41690 -31.41690
 -24.87257 -24.87256 -24.87256 -24.87256 -24.87256
 -20.34680 -20.34680 -20.34680 -20.34680 -20.34680
 -17.18636 -17.18636 -17.18636 -17.18636 -17.18636
 -14.96568 -14.96568 -14.96568 -14.96568 -14.96568
 -13.39964 -13.39963 -13.39963 -13.39963 -13.39963
 -12.29363 -12.29363 -12.29363 -12.29363 -12.29363
 -11.51168 -11.51168 -11.51168 -11.51168 -11.51168
 -10.95840 -10.95840 -10.95840 -10.95840 -10.95840
 -10.56690 -10.56689 -10.56689 -10.56689 -10.56689
 -10.29030 -10.29030 -10.29030 -10.29030 -10.29030
 -10.09598 -10.09598 -10.09598 -10.09598 -10.09598
  -9.96111  -9.96111  -9.96111  -9.96111  -9.96111
  -9.86973  -9.86973  -9.86973  -9.86973  -9.86973
  -9.81058  -9.81057  -9.81057  -9.81057  -9.81058
  -9.77560  -9.77560  -9.77560  -9.77560  -9.77560
  -9.75908  -9.75908  -9.75908  -9.75908  -9.75908
  -9.75682  -9.75682  -9.75682  -9.75682  -9.75682
  -9.76576  -9.76576  -9.76576  -9.76576  -9.76576
  -9.78361  -9.78361  -9.78361  -9.78361  -9.78361
 --------------------/ IPRT= 1  / IGRD= 1  /IONIS   / Z1=34   / DATE= 26.01.98  
 -40.00000 -40.00000 -40.00000 -40.00000 -40.00000
 -40.00000 -40.00000 -40.00000 -40.00000 -40.00000
 -40.00000 -40.00000 -40.00000 -40.00000 -40.00000
 -40.00000 -40.00000 -40.00000 -40.00000 -40.00000
 -40.00000 -40.00000 -40.00000 -40.00000 -40.00000
 -40.00000 -40.00000 -40.00000 -40.00000 -40.00000
 -40.00000 -40.00000 -40.00000 -40.00000 -40.00000
 -40.00000 -40.00000 -40.00000 -40.00000 -40.00000
 -40.00000 -40.00000 -40.00000 -40.00000 -40.00000
 -40.00000 -40.00000 -40.00000 -40.00000 -40.00000
 -32.45695 -32.45695 -32.45695 -32.45695 -32.45695
 -25.75237 -25.75237 -25.75237 -25.75237 -25.75237
 -20.98521 -20.98521 -20.98521 -20.98521 -20.98521
 -17.65554 -17.65554 -17.65554 -17.65554 -17.65554
 -15.31535 -15.31535 -15.31534 -15.31534 -15.31535
 -13.66549 -13.66548 -13.66548 -13.66548 -13.66548
 -12.50160 -12.50160 -12.50160 -12.50160 -12.50160
 -11.67990 -11.67990 -11.67990 -11.67990 -11.67990
 -11.09922 -11.09923 -11.09923 -11.09923 -11.09923
 -10.68869 -10.68869 -10.68869 -10.68869 -10.68869
 -10.39874 -10.39874 -10.39874 -10.39874 -10.39874
 -10.19492 -10.19491 -10.19491 -10.19491 -10.19492
 -10.05320 -10.05320 -10.05320 -10.05320 -10.05320
  -9.95682  -9.95682  -9.95682  -9.95681  -9.95682
  -9.89393  -9.89393  -9.89393  -9.89393  -9.89393
  -9.85616  -9.85616  -9.85616  -9.85616  -9.85616
  -9.83749  -9.83749  -9.83749  -9.83749  -9.83749
  -9.83356  -9.83356  -9.83356  -9.83356  -9.83356
  -9.84119  -9.84119  -9.84119  -9.84119  -9.84119
  -9.85799  -9.85799  -9.85799  -9.85799  -9.85799
 --------------------/ IPRT= 1  / IGRD= 1  /IONIS   / Z1=35   / DATE= 26.01.98  
 -40.00000 -40.00000 -40.00000 -40.00000 -40.00000
 -40.00000 -40.00000 -40.00000 -40.00000 -40.00000
 -40.00000 -40.00000 -40.00000 -40.00000 -40.00000
 -40.00000 -40.00000 -40.00000 -40.00000 -40.00000
 -40.00000 -40.00000 -40.00000 -40.00000 -40.00000
 -40.00000 -40.00000 -40.00000 -40.00000 -40.00000
 -40.00000 -40.00000 -40.00000 -40.00000 -40.00000
 -40.00000 -40.00000 -40.00000 -40.00000 -40.00000
 -40.00000 -40.00000 -40.00000 -40.00000 -40.00000
 -40.00000 -40.00000 -40.00000 -40.00000 -40.00000
 -33.70555 -33.70555 -33.70555 -33.70555 -33.70555
 -26.66099 -26.66099 -26.66099 -26.66099 -26.66098
 -21.65998 -21.65998 -21.65998 -21.65998 -21.65998
 -18.15634 -18.15634 -18.15634 -18.15634 -18.15634
 -15.68930 -15.68930 -15.68930 -15.68930 -15.68930
 -13.95010 -13.95010 -13.95010 -13.95010 -13.95010
 -12.72455 -12.72455 -12.72455 -12.72455 -12.72455
 -11.86049 -11.86049 -11.86049 -11.86049 -11.86049
 -11.25061 -11.25061 -11.25061 -11.25061 -11.25061
 -10.81978 -10.81978 -10.81978 -10.81978 -10.81978
 -10.51557 -10.51557 -10.51557 -10.51557 -10.51557
 -10.30162 -10.30162 -10.30162 -10.30162 -10.30162
 -10.15261 -10.15261 -10.15261 -10.15261 -10.15261
 -10.05090 -10.05090 -10.05090 -10.05090 -10.05090
  -9.98406  -9.98406  -9.98406  -9.98406  -9.98406
  -9.94333  -9.94333  -9.94333  -9.94333  -9.94333
  -9.92239  -9.92239  -9.92239  -9.92239  -9.92239
  -9.91670  -9.91670  -9.91670  -9.91670  -9.91670
  -9.92292  -9.92292  -9.92292  -9.92292  -9.92292
  -9.93862  -9.93862  -9.93862  -9.93862  -9.93862
 --------------------/ IPRT= 1  / IGRD= 1  /IONIS   / Z1=36   / DATE= 26.01.98  
 -40.00000 -40.00000 -40.00000 -40.00000 -40.00000
 -40.00000 -40.00000 -40.00000 -40.00000 -40.00000
 -40.00000 -40.00000 -40.00000 -40.00000 -40.00000
 -40.00000 -40.00000 -40.00000 -40.00000 -40.00000
 -40.00000 -40.00000 -40.00000 -40.00000 -40.00000
 -40.00000 -40.00000 -40.00000 -40.00000 -40.00000
 -40.00000 -40.00000 -40.00000 -40.00000 -40.00000
 -40.00000 -40.00000 -40.00000 -40.00000 -40.00000
 -40.00000 -40.00000 -40.00000 -40.00000 -40.00000
 -40.00000 -40.00000 -40.00000 -40.00000 -40.00000
 -35.07534 -35.07534 -35.07534 -35.07534 -35.07534
 -27.67812 -27.67812 -27.67812 -27.67812 -27.67812
 -22.41802 -22.41802 -22.41802 -22.41802 -22.41802
 -18.71220 -18.71220 -18.71220 -18.71220 -18.71220
 -16.09809 -16.09809 -16.09809 -16.09809 -16.09809
 -14.25784 -14.25784 -14.25784 -14.25784 -14.25784
 -12.96418 -12.96418 -12.96418 -12.96418 -12.96418
 -12.05413 -12.05413 -12.05413 -12.05413 -12.05413
 -11.41289 -11.41289 -11.41289 -11.41289 -11.41289
 -10.96044 -10.96044 -10.96044 -10.96044 -10.96044
 -10.64114 -10.64114 -10.64114 -10.64114 -10.64115
 -10.41650 -10.41650 -10.41650 -10.41650 -10.41650
 -10.25984 -10.25984 -10.25984 -10.25984 -10.25984
 -10.15255 -10.15255 -10.15255 -10.15255 -10.15255
 -10.08159 -10.08159 -10.08159 -10.08159 -10.08159
 -10.03775 -10.03775 -10.03775 -10.03775 -10.03775
 -10.01445 -10.01445 -10.01445 -10.01445 -10.01445
 -10.00693 -10.00693 -10.00693 -10.00693 -10.00693
 -10.01173 -10.01173 -10.01173 -10.01173 -10.01173
 -10.02627 -10.02627 -10.02627 -10.02627 -10.02627
 --------------------/ IPRT= 1  / IGRD= 1  /IONIS   / Z1=37   / DATE= 26.01.98  
 -40.00000 -40.00000 -40.00000 -40.00000 -40.00000
 -40.00000 -40.00000 -40.00000 -40.00000 -40.00000
 -40.00000 -40.00000 -40.00000 -40.00000 -40.00000
 -40.00000 -40.00000 -40.00000 -40.00000 -40.00000
 -40.00000 -40.00000 -40.00000 -40.00000 -40.00000
 -40.00000 -40.00000 -40.00000 -40.00000 -40.00000
 -40.00000 -40.00000 -40.00000 -40.00000 -40.00000
 -40.00000 -40.00000 -40.00000 -40.00000 -40.00000
 -40.00000 -40.00000 -40.00000 -40.00000 -40.00000
 -40.00000 -40.00000 -40.00000 -40.00000 -40.00000
 -37.78067 -37.78067 -37.78067 -37.78067 -37.78067
 -28.88123 -28.88123 -28.88123 -28.88123 -28.88123
 -23.15356 -23.15356 -23.15356 -23.15356 -23.15356
 -19.16278 -19.16278 -19.16278 -19.16278 -19.16278
 -16.37947 -16.37947 -16.37947 -16.37947 -16.37947
 -14.43740 -14.43740 -14.43740 -14.43740 -14.43740
 -13.07897 -13.07897 -13.07897 -13.07897 -13.07897
 -12.12580 -12.12580 -12.12580 -12.12580 -12.12580
 -11.45508 -11.45508 -11.45508 -11.45508 -11.45508
 -10.98212 -10.98212 -10.98212 -10.98212 -10.98212
 -10.64838 -10.64838 -10.64838 -10.64838 -10.64838
 -10.41344 -10.41344 -10.41344 -10.41344 -10.41345
 -10.24936 -10.24936 -10.24936 -10.24936 -10.24936
 -10.13665 -10.13665 -10.13665 -10.13665 -10.13665
 -10.06167 -10.06167 -10.06167 -10.06167 -10.06167
 -10.01481 -10.01481 -10.01481 -10.01481 -10.01481
  -9.98921  -9.98921  -9.98921  -9.98921  -9.98921
  -9.97991  -9.97991  -9.97991  -9.97991  -9.97991
  -9.98331  -9.98331  -9.98331  -9.98331  -9.98331
  -9.99674  -9.99674  -9.99674  -9.99674  -9.99674
 --------------------/ IPRT= 1  / IGRD= 1  /IONIS   / Z1=38   / DATE= 26.01.98  
 -40.00000 -40.00000 -40.00000 -40.00000 -40.00000
 -40.00000 -40.00000 -40.00000 -40.00000 -40.00000
 -40.00000 -40.00000 -40.00000 -40.00000 -40.00000
 -40.00000 -40.00000 -40.00000 -40.00000 -40.00000
 -40.00000 -40.00000 -40.00000 -40.00000 -40.00000
 -40.00000 -40.00000 -40.00000 -40.00000 -40.00000
 -40.00000 -40.00000 -40.00000 -40.00000 -40.00000
 -40.00000 -40.00000 -40.00000 -40.00000 -40.00000
 -40.00000 -40.00000 -40.00000 -40.00000 -40.00000
 -40.00000 -40.00000 -40.00000 -40.00000 -40.00000
 -38.77855 -38.77855 -38.77855 -38.77855 -38.77855
 -29.63065 -29.63065 -29.63065 -29.63065 -29.63065
 -23.69892 -23.69892 -23.69892 -23.69892 -23.69892
 -19.56736 -19.56736 -19.56736 -19.56736 -19.56737
 -16.68638 -16.68638 -16.68638 -16.68638 -16.68638
 -14.67630 -14.67630 -14.67630 -14.67630 -14.67630
 -13.27054 -13.27054 -13.27054 -13.27054 -13.27054
 -12.28444 -12.28444 -12.28444 -12.28444 -12.28444
 -11.59075 -11.59075 -11.59075 -11.59075 -11.59075
 -11.10170 -11.10170 -11.10170 -11.10170 -11.10170
 -10.75661 -10.75661 -10.75661 -10.75661 -10.75661
 -10.51360 -10.51360 -10.51360 -10.51360 -10.51360
 -10.34369 -10.34369 -10.34369 -10.34369 -10.34369
 -10.22673 -10.22673 -10.22673 -10.22673 -10.22673
 -10.14863 -10.14863 -10.14863 -10.14863 -10.14863
 -10.09941 -10.09941 -10.09941 -10.09941 -10.09941
 -10.07202 -10.07202 -10.07202 -10.07202 -10.07202
 -10.06134 -10.06134 -10.06134 -10.06134 -10.06134
 -10.06366 -10.06366 -10.06366 -10.06366 -10.06366
 -10.07622 -10.07622 -10.07622 -10.07622 -10.07622
 --------------------/ IPRT= 1  / IGRD= 1  /IONIS   / Z1=39   / DATE= 26.01.98  
 -40.00000 -40.00000 -40.00000 -40.00000 -40.00000
 -40.00000 -40.00000 -40.00000 -40.00000 -40.00000
 -40.00000 -40.00000 -40.00000 -40.00000 -40.00000
 -40.00000 -40.00000 -40.00000 -40.00000 -40.00000
 -40.00000 -40.00000 -40.00000 -40.00000 -40.00000
 -40.00000 -40.00000 -40.00000 -40.00000 -40.00000
 -40.00000 -40.00000 -40.00000 -40.00000 -40.00000
 -40.00000 -40.00000 -40.00000 -40.00000 -40.00000
 -40.00000 -40.00000 -40.00000 -40.00000 -40.00000
 -40.00000 -40.00000 -40.00000 -40.00000 -40.00000
 -39.79269 -39.79269 -39.79269 -39.79269 -39.79270
 -30.39656 -30.39656 -30.39656 -30.39656 -30.39656
 -24.26019 -24.26019 -24.26019 -24.26019 -24.26018
 -19.98695 -19.98695 -19.98695 -19.98695 -19.98695
 -17.00721 -17.00721 -17.00721 -17.00721 -17.00721
 -14.92800 -14.92800 -14.92800 -14.92800 -14.92800
 -13.47395 -13.47395 -13.47395 -13.47395 -13.47395
 -12.45416 -12.45416 -12.45416 -12.45416 -12.45416
 -11.73691 -11.73691 -11.73691 -11.73691 -11.73691
 -11.23134 -11.23134 -11.23134 -11.23134 -11.23134
 -10.87458 -10.87458 -10.87458 -10.87458 -10.87458
 -10.62326 -10.62326 -10.62326 -10.62326 -10.62326
 -10.44738 -10.44738 -10.44738 -10.44738 -10.44738
 -10.32606 -10.32606 -10.32606 -10.32606 -10.32606
 -10.24474 -10.24474 -10.24474 -10.24474 -10.24474
 -10.19312 -10.19312 -10.19312 -10.19312 -10.19312
 -10.16390 -10.16390 -10.16390 -10.16390 -10.16390
 -10.15181 -10.15180 -10.15180 -10.15180 -10.15181
 -10.15301 -10.15301 -10.15301 -10.15301 -10.15301
 -10.16471 -10.16471 -10.16471 -10.16471 -10.16471
 --------------------/ IPRT= 1  / IGRD= 1  /IONIS   / Z1=40   / DATE= 26.01.98  
 -40.00000 -40.00000 -40.00000 -40.00000 -40.00000
 -40.00000 -40.00000 -40.00000 -40.00000 -40.00000
 -40.00000 -40.00000 -40.00000 -40.00000 -40.00000
 -40.00000 -40.00000 -40.00000 -40.00000 -40.00000
 -40.00000 -40.00000 -40.00000 -40.00000 -40.00000
 -40.00000 -40.00000 -40.00000 -40.00000 -40.00000
 -40.00000 -40.00000 -40.00000 -40.00000 -40.00000
 -40.00000 -40.00000 -40.00000 -40.00000 -40.00000
 -40.00000 -40.00000 -40.00000 -40.00000 -40.00000
 -40.00000 -40.00000 -40.00000 -40.00000 -40.00000
 -40.00000 -40.00000 -40.00000 -40.00000 -40.00000
 -31.18055 -31.18055 -31.18055 -31.18055 -31.18055
 -24.83959 -24.83959 -24.83959 -24.83959 -24.83959
 -20.42352 -20.42352 -20.42352 -20.42352 -20.42352
 -17.34355 -17.34355 -17.34355 -17.34355 -17.34355
 -15.19398 -15.19398 -15.19398 -15.19398 -15.19398
 -13.69075 -13.69075 -13.69075 -13.69075 -13.69075
 -12.63666 -12.63666 -12.63666 -12.63666 -12.63666
 -11.89548 -11.89548 -11.89548 -11.89548 -11.89548
 -11.37315 -11.37315 -11.37315 -11.37315 -11.37315
 -11.00458 -11.00458 -11.00458 -11.00458 -11.00458
 -10.74486 -10.74486 -10.74486 -10.74486 -10.74486
 -10.56295 -10.56295 -10.56295 -10.56295 -10.56295
 -10.43725 -10.43725 -10.43725 -10.43725 -10.43725
 -10.35269 -10.35269 -10.35269 -10.35269 -10.35269
 -10.29865 -10.29865 -10.29865 -10.29865 -10.29865
 -10.26760 -10.26760 -10.26760 -10.26760 -10.26760
 -10.25409 -10.25408 -10.25408 -10.25408 -10.25409
 -10.25419 -10.25419 -10.25419 -10.25419 -10.25419
 -10.26500 -10.26500 -10.26500 -10.26500 -10.26500
 --------------------/ IPRT= 1  / IGRD= 1  /IONIS   / Z1=41   / DATE= 26.01.98  
 -40.00000 -40.00000 -40.00000 -40.00000 -40.00000
 -40.00000 -40.00000 -40.00000 -40.00000 -40.00000
 -40.00000 -40.00000 -40.00000 -40.00000 -40.00000
 -40.00000 -40.00000 -40.00000 -40.00000 -40.00000
 -40.00000 -40.00000 -40.00000 -40.00000 -40.00000
 -40.00000 -40.00000 -40.00000 -40.00000 -40.00000
 -40.00000 -40.00000 -40.00000 -40.00000 -40.00000
 -40.00000 -40.00000 -40.00000 -40.00000 -40.00000
 -40.00000 -40.00000 -40.00000 -40.00000 -40.00000
 -40.00000 -40.00000 -40.00000 -40.00000 -40.00000
 -40.00000 -40.00000 -40.00000 -40.00000 -40.00000
 -32.69271 -32.69271 -32.69271 -32.69271 -32.69271
 -25.90038 -25.90038 -25.90038 -25.90038 -25.90038
 -21.17883 -21.17882 -21.17882 -21.17882 -21.17882
 -17.89519 -17.89518 -17.89518 -17.89518 -17.89519
 -15.61026 -15.61026 -15.61026 -15.61026 -15.61026
 -14.01688 -14.01688 -14.01688 -14.01688 -14.01688
 -12.90228 -12.90228 -12.90228 -12.90228 -12.90228
 -12.12008 -12.12008 -12.12008 -12.12008 -12.12008
 -11.56962 -11.56962 -11.56962 -11.56962 -11.56962
 -11.18154 -11.18154 -11.18154 -11.18154 -11.18154
 -10.90811 -10.90811 -10.90811 -10.90811 -10.90811
 -10.71643 -10.71643 -10.71643 -10.71643 -10.71643
 -10.58368 -10.58368 -10.58368 -10.58368 -10.58368
 -10.49395 -10.49395 -10.49395 -10.49395 -10.49395
 -10.43606 -10.43606 -10.43606 -10.43606 -10.43606
 -10.40209 -10.40209 -10.40209 -10.40209 -10.40209
 -10.38635 -10.38635 -10.38635 -10.38635 -10.38635
 -10.38471 -10.38471 -10.38471 -10.38471 -10.38471
 -10.39415 -10.39415 -10.39415 -10.39415 -10.39415
 --------------------/ IPRT= 1  / IGRD= 1  /IONIS   / Z1=42   / DATE= 26.01.98  
 -40.00000 -40.00000 -40.00000 -40.00000 -40.00000
 -40.00000 -40.00000 -40.00000 -40.00000 -40.00000
 -40.00000 -40.00000 -40.00000 -40.00000 -40.00000
 -40.00000 -40.00000 -40.00000 -40.00000 -40.00000
 -40.00000 -40.00000 -40.00000 -40.00000 -40.00000
 -40.00000 -40.00000 -40.00000 -40.00000 -40.00000
 -40.00000 -40.00000 -40.00000 -40.00000 -40.00000
 -40.00000 -40.00000 -40.00000 -40.00000 -40.00000
 -40.00000 -40.00000 -40.00000 -40.00000 -40.00000
 -40.00000 -40.00000 -40.00000 -40.00000 -40.00000
 -40.00000 -40.00000 -40.00000 -40.00000 -40.00000
 -33.55340 -33.55340 -33.55340 -33.55340 -33.55340
 -26.52873 -26.52873 -26.52873 -26.52873 -26.52873
 -21.65207 -21.65207 -21.65207 -21.65207 -21.65207
 -18.26464 -18.26464 -18.26464 -18.26464 -18.26464
 -15.90956 -15.90956 -15.90956 -15.90956 -15.90956
 -14.26848 -14.26848 -14.26848 -14.26848 -14.26849
 -13.12123 -13.12123 -13.12123 -13.12123 -13.12123
 -12.31655 -12.31654 -12.31654 -12.31654 -12.31654
 -11.75048 -11.75048 -11.75048 -11.75048 -11.75048
 -11.35148 -11.35148 -11.35148 -11.35148 -11.35148
 -11.07032 -11.07032 -11.07032 -11.07032 -11.07032
 -10.87313 -10.87313 -10.87313 -10.87313 -10.87313
 -10.73639 -10.73638 -10.73638 -10.73638 -10.73639
 -10.64372 -10.64372 -10.64372 -10.64372 -10.64372
 -10.58364 -10.58365 -10.58365 -10.58365 -10.58365
 -10.54804 -10.54803 -10.54803 -10.54803 -10.54803
 -10.53102 -10.53103 -10.53103 -10.53103 -10.53103
 -10.52839 -10.52839 -10.52839 -10.52839 -10.52840
 -10.53705 -10.53705 -10.53705 -10.53705 -10.53705
 --------------------/ IPRT= 1  / IGRD= 1  /IONIS   / Z1=43   / DATE= 26.01.98  
 -40.00000 -40.00000 -40.00000 -40.00000 -40.00000
 -40.00000 -40.00000 -40.00000 -40.00000 -40.00000
 -40.00000 -40.00000 -40.00000 -40.00000 -40.00000
 -40.00000 -40.00000 -40.00000 -40.00000 -40.00000
 -40.00000 -40.00000 -40.00000 -40.00000 -40.00000
 -40.00000 -40.00000 -40.00000 -40.00000 -40.00000
 -40.00000 -40.00000 -40.00000 -40.00000 -40.00000
 -40.00000 -40.00000 -40.00000 -40.00000 -40.00000
 -40.00000 -40.00000 -40.00000 -40.00000 -40.00000
 -40.00000 -40.00000 -40.00000 -40.00000 -40.00000
 -40.00000 -40.00000 -40.00000 -40.00000 -40.00000
 -35.18578 -35.18578 -35.18578 -35.18579 -35.18579
 -27.60316 -27.60316 -27.60316 -27.60316 -27.60317
 -22.42240 -22.42240 -22.42240 -22.42240 -22.42240
 -18.85798 -18.85798 -18.85798 -18.85798 -18.85798
 -16.38430 -16.38430 -16.38430 -16.38430 -16.38430
 -14.66184 -14.66184 -14.66184 -14.66184 -14.66184
 -13.45847 -13.45847 -13.45847 -13.45847 -13.45847
 -12.61371 -12.61371 -12.61371 -12.61371 -12.61371
 -12.01442 -12.01442 -12.01442 -12.01442 -12.01442
 -11.58026 -11.58026 -11.58026 -11.58026 -11.58026
 -11.25783 -11.25783 -11.25783 -11.25783 -11.25783
 -11.01524 -11.01524 -11.01524 -11.01524 -11.01524
 -10.83368 -10.83368 -10.83368 -10.83368 -10.83368
 -10.70048 -10.70048 -10.70048 -10.70048 -10.70048
 -10.60579 -10.60579 -10.60579 -10.60579 -10.60579
 -10.54155 -10.54155 -10.54155 -10.54155 -10.54155
 -10.50130 -10.50129 -10.50129 -10.50129 -10.50130
 -10.47989 -10.47989 -10.47989 -10.47989 -10.47989
 -10.47337 -10.47337 -10.47337 -10.47337 -10.47337
 --------------------/ IPRT= 1  / IGRD= 1  /IONIS   / Z1=44   / DATE= 26.01.98  
 -40.00000 -40.00000 -40.00000 -40.00000 -40.00000
 -40.00000 -40.00000 -40.00000 -40.00000 -40.00000
 -40.00000 -40.00000 -40.00000 -40.00000 -40.00000
 -40.00000 -40.00000 -40.00000 -40.00000 -40.00000
 -40.00000 -40.00000 -40.00000 -40.00000 -40.00000
 -40.00000 -40.00000 -40.00000 -40.00000 -40.00000
 -40.00000 -40.00000 -40.00000 -40.00000 -40.00000
 -40.00000 -40.00000 -40.00000 -40.00000 -40.00000
 -40.00000 -40.00000 -40.00000 -40.00000 -40.00000
 -40.00000 -40.00000 -40.00000 -40.00000 -40.00000
 -40.00000 -40.00000 -40.00000 -40.00000 -40.00000
 -36.14085 -36.14085 -36.14085 -36.14085 -36.14085
 -28.36851 -28.36851 -28.36851 -28.36851 -28.36850
 -23.05225 -23.05225 -23.05225 -23.05225 -23.05225
 -19.39253 -19.39253 -19.39253 -19.39253 -19.39252
 -16.85300 -16.85300 -16.85300 -16.85300 -16.85300
 -15.08510 -15.08510 -15.08510 -15.08510 -15.08510
 -13.85017 -13.85017 -13.85017 -13.85017 -13.85017
 -12.98225 -12.98225 -12.98225 -12.98225 -12.98225
 -12.36165 -12.36164 -12.36164 -12.36164 -12.36165
 -11.90154 -11.90155 -11.90155 -11.90155 -11.90154
 -11.54752 -11.54752 -11.54752 -11.54752 -11.54752
 -11.27229 -11.27229 -11.27229 -11.27229 -11.27229
 -11.06178 -11.06179 -11.06179 -11.06179 -11.06179
 -10.90524 -10.90524 -10.90524 -10.90524 -10.90524
 -10.79255 -10.79255 -10.79255 -10.79255 -10.79255
 -10.71470 -10.71470 -10.71470 -10.71470 -10.71470
 -10.66415 -10.66415 -10.66415 -10.66415 -10.66415
 -10.63490 -10.63490 -10.63490 -10.63490 -10.63490
 -10.62233 -10.62233 -10.62233 -10.62233 -10.62233
 --------------------/ IPRT= 1  / IGRD= 1  /IONIS   / Z1=45   / DATE= 26.01.98  
 -40.00000 -40.00000 -40.00000 -40.00000 -40.00000
 -40.00000 -40.00000 -40.00000 -40.00000 -40.00000
 -40.00000 -40.00000 -40.00000 -40.00000 -40.00000
 -40.00000 -40.00000 -40.00000 -40.00000 -40.00000
 -40.00000 -40.00000 -40.00000 -40.00000 -40.00000
 -40.00000 -40.00000 -40.00000 -40.00000 -40.00000
 -40.00000 -40.00000 -40.00000 -40.00000 -40.00000
 -40.00000 -40.00000 -40.00000 -40.00000 -40.00000
 -40.00000 -40.00000 -40.00000 -40.00000 -40.00000
 -40.00000 -40.00000 -40.00000 -40.00000 -40.00000
 -40.00000 -40.00000 -40.00000 -40.00000 -40.00000
 -40.00000 -40.00000 -40.00000 -40.00000 -40.00000
 -40.00000 -40.00000 -40.00000 -40.00000 -40.00000
 -35.92609 -35.92609 -35.92609 -35.92609 -35.92609
 -28.26413 -28.26413 -28.26413 -28.26413 -28.26413
 -22.90356 -22.90356 -22.90356 -22.90356 -22.90356
 -19.19721 -19.19721 -19.19721 -19.19721 -19.19721
 -16.62029 -16.62029 -16.62029 -16.62029 -16.62029
 -14.82027 -14.82027 -14.82027 -14.82027 -14.82027
 -13.55812 -13.55812 -13.55812 -13.55812 -13.55813
 -12.67005 -12.67005 -12.67005 -12.67005 -12.67005
 -12.04348 -12.04347 -12.04347 -12.04347 -12.04347
 -11.60071 -11.60071 -11.60071 -11.60071 -11.60071
 -11.28786 -11.28786 -11.28786 -11.28786 -11.28786
 -11.06761 -11.06761 -11.06761 -11.06761 -11.06761
 -10.91396 -10.91396 -10.91396 -10.91396 -10.91396
 -10.80880 -10.80880 -10.80880 -10.80880 -10.80880
 -10.73939 -10.73939 -10.73939 -10.73939 -10.73939
 -10.69669 -10.69669 -10.69669 -10.69669 -10.69669
 -10.67425 -10.67425 -10.67425 -10.67425 -10.67425
 --------------------/ IPRT= 1  / IGRD= 1  /IONIS   / Z1=46   / DATE= 26.01.98  
 -40.00000 -40.00000 -40.00000 -40.00000 -40.00000
 -40.00000 -40.00000 -40.00000 -40.00000 -40.00000
 -40.00000 -40.00000 -40.00000 -40.00000 -40.00000
 -40.00000 -40.00000 -40.00000 -40.00000 -40.00000
 -40.00000 -40.00000 -40.00000 -40.00000 -40.00000
 -40.00000 -40.00000 -40.00000 -40.00000 -40.00000
 -40.00000 -40.00000 -40.00000 -40.00000 -40.00000
 -40.00000 -40.00000 -40.00000 -40.00000 -40.00000
 -40.00000 -40.00000 -40.00000 -40.00000 -40.00000
 -40.00000 -40.00000 -40.00000 -40.00000 -40.00000
 -40.00000 -40.00000 -40.00000 -40.00000 -40.00000
 -40.00000 -40.00000 -40.00000 -40.00000 -40.00000
 -40.00000 -40.00000 -40.00000 -40.00000 -40.00000
 -36.94918 -36.94918 -36.94918 -36.94918 -36.94918
 -28.99681 -28.99681 -28.99681 -28.99681 -28.99681
 -23.44290 -23.44290 -23.44289 -23.44289 -23.44290
 -19.60085 -19.60085 -19.60085 -19.60085 -19.60085
 -16.92862 -16.92862 -16.92862 -16.92862 -16.92862
 -15.06156 -15.06156 -15.06156 -15.06156 -15.06156
 -13.75230 -13.75231 -13.75231 -13.75231 -13.75231
 -12.83120 -12.83120 -12.83120 -12.83120 -12.83120
 -12.18148 -12.18148 -12.18148 -12.18148 -12.18148
 -11.72242 -11.72242 -11.72242 -11.72242 -11.72242
 -11.39808 -11.39808 -11.39808 -11.39808 -11.39808
 -11.16962 -11.16961 -11.16961 -11.16961 -11.16961
 -11.01004 -11.01004 -11.01004 -11.01004 -11.01004
 -10.90056 -10.90056 -10.90056 -10.90056 -10.90057
 -10.82794 -10.82794 -10.82794 -10.82794 -10.82794
 -10.78283 -10.78283 -10.78283 -10.78283 -10.78283
 -10.75855 -10.75855 -10.75855 -10.75855 -10.75855
 --------------------/ IPRT= 1  / IGRD= 1  /IONIS   / Z1=47   / DATE= 26.01.98  
 -40.00000 -40.00000 -40.00000 -40.00000 -40.00000
 -40.00000 -40.00000 -40.00000 -40.00000 -40.00000
 -40.00000 -40.00000 -40.00000 -40.00000 -40.00000
 -40.00000 -40.00000 -40.00000 -40.00000 -40.00000
 -40.00000 -40.00000 -40.00000 -40.00000 -40.00000
 -40.00000 -40.00000 -40.00000 -40.00000 -40.00000
 -40.00000 -40.00000 -40.00000 -40.00000 -40.00000
 -40.00000 -40.00000 -40.00000 -40.00000 -40.00000
 -40.00000 -40.00000 -40.00000 -40.00000 -40.00000
 -40.00000 -40.00000 -40.00000 -40.00000 -40.00000
 -40.00000 -40.00000 -40.00000 -40.00000 -40.00000
 -40.00000 -40.00000 -40.00000 -40.00000 -40.00000
 -40.00000 -40.00000 -40.00000 -40.00000 -40.00000
 -37.98897 -37.98896 -37.98896 -37.98896 -37.98896
 -29.74602 -29.74602 -29.74602 -29.74602 -29.74602
 -23.99838 -23.99838 -23.99838 -23.99838 -23.99839
 -20.01989 -20.01989 -20.01989 -20.01989 -20.01989
 -17.25126 -17.25126 -17.25126 -17.25126 -17.25126
 -15.31598 -15.31598 -15.31598 -15.31598 -15.31598
 -13.95856 -13.95856 -13.95856 -13.95856 -13.95856
 -13.00358 -13.00358 -13.00358 -13.00358 -13.00358
 -12.33007 -12.33007 -12.33007 -12.33007 -12.33007
 -11.85426 -11.85426 -11.85426 -11.85426 -11.85427
 -11.51808 -11.51808 -11.51808 -11.51808 -11.51808
 -11.28116 -11.28116 -11.28116 -11.28116 -11.28115
 -11.11549 -11.11549 -11.11549 -11.11549 -11.11549
 -11.00157 -11.00157 -11.00157 -11.00157 -11.00157
 -10.92566 -10.92566 -10.92566 -10.92566 -10.92566
 -10.87808 -10.87808 -10.87808 -10.87808 -10.87808
 -10.85192 -10.85192 -10.85192 -10.85192 -10.85192
 --------------------/ IPRT= 1  / IGRD= 1  /IONIS   / Z1=48   / DATE= 26.01.98  
 -40.00000 -40.00000 -40.00000 -40.00000 -40.00000
 -40.00000 -40.00000 -40.00000 -40.00000 -40.00000
 -40.00000 -40.00000 -40.00000 -40.00000 -40.00000
 -40.00000 -40.00000 -40.00000 -40.00000 -40.00000
 -40.00000 -40.00000 -40.00000 -40.00000 -40.00000
 -40.00000 -40.00000 -40.00000 -40.00000 -40.00000
 -40.00000 -40.00000 -40.00000 -40.00000 -40.00000
 -40.00000 -40.00000 -40.00000 -40.00000 -40.00000
 -40.00000 -40.00000 -40.00000 -40.00000 -40.00000
 -40.00000 -40.00000 -40.00000 -40.00000 -40.00000
 -40.00000 -40.00000 -40.00000 -40.00000 -40.00000
 -40.00000 -40.00000 -40.00000 -40.00000 -40.00000
 -40.00000 -40.00000 -40.00000 -40.00000 -40.00000
 -39.29101 -39.29102 -39.29102 -39.29102 -39.29101
 -30.40828 -30.40828 -30.40828 -30.40828 -30.40828
 -24.56562 -24.56562 -24.56562 -24.56562 -24.56562
 -20.46234 -20.46234 -20.46234 -20.46234 -20.46234
 -17.59516 -17.59516 -17.59516 -17.59516 -17.59516
 -15.58937 -15.58937 -15.58937 -15.58937 -15.58937
 -14.18197 -14.18197 -14.18197 -14.18197 -14.18197
 -13.19173 -13.19173 -13.19173 -13.19173 -13.19173
 -12.49340 -12.49340 -12.49340 -12.49340 -12.49340
 -12.00016 -12.00016 -12.00016 -12.00016 -12.00016
 -11.65162 -11.65162 -11.65162 -11.65162 -11.65162
 -11.40591 -11.40591 -11.40591 -11.40591 -11.40591
 -11.23393 -11.23393 -11.23393 -11.23393 -11.23393
 -11.11538 -11.11538 -11.11538 -11.11538 -11.11538
 -11.03607 -11.03607 -11.03607 -11.03607 -11.03607
 -10.98592 -10.98592 -10.98592 -10.98592 -10.98592
 -10.95783 -10.95783 -10.95783 -10.95783 -10.95783
 --------------------/ IPRT= 1  / IGRD= 1  /IONIS   / Z1=49   / DATE= 26.01.98  
 -40.00000 -40.00000 -40.00000 -40.00000 -40.00000
 -40.00000 -40.00000 -40.00000 -40.00000 -40.00000
 -40.00000 -40.00000 -40.00000 -40.00000 -40.00000
 -40.00000 -40.00000 -40.00000 -40.00000 -40.00000
 -40.00000 -40.00000 -40.00000 -40.00000 -40.00000
 -40.00000 -40.00000 -40.00000 -40.00000 -40.00000
 -40.00000 -40.00000 -40.00000 -40.00000 -40.00000
 -40.00000 -40.00000 -40.00000 -40.00000 -40.00000
 -40.00000 -40.00000 -40.00000 -40.00000 -40.00000
 -40.00000 -40.00000 -40.00000 -40.00000 -40.00000
 -40.00000 -40.00000 -40.00000 -40.00000 -40.00000
 -40.00000 -40.00000 -40.00000 -40.00000 -40.00000
 -40.00000 -40.00000 -40.00000 -40.00000 -40.00000
 -40.00000 -40.00000 -40.00000 -40.00000 -40.00000
 -32.03528 -32.03528 -32.03528 -32.03528 -32.03528
 -25.72587 -25.72587 -25.72587 -25.72587 -25.72587
 -21.29905 -21.29904 -21.29904 -21.29904 -21.29905
 -18.20711 -18.20711 -18.20711 -18.20711 -18.20711
 -16.04798 -16.04798 -16.04798 -16.04798 -16.04798
 -14.53754 -14.53754 -14.53754 -14.53754 -14.53754
 -13.47828 -13.47828 -13.47828 -13.47828 -13.47828
 -12.73347 -12.73347 -12.73347 -12.73347 -12.73347
 -12.20857 -12.20857 -12.20857 -12.20857 -12.20857
 -11.83821 -11.83821 -11.83821 -11.83821 -11.83821
 -11.57723 -11.57723 -11.57723 -11.57723 -11.57723
 -11.39439 -11.39439 -11.39439 -11.39439 -11.39439
 -11.26803 -11.26803 -11.26803 -11.26803 -11.26803
 -11.18298 -11.18298 -11.18298 -11.18298 -11.18298
 -11.12858 -11.12858 -11.12858 -11.12858 -11.12858
 -11.09725 -11.09725 -11.09725 -11.09725 -11.09725
 --------------------/ IPRT= 1  / IGRD= 1  /IONIS   / Z1=50   / DATE= 26.01.98  
 -40.00000 -40.00000 -40.00000 -40.00000 -40.00000
 -40.00000 -40.00000 -40.00000 -40.00000 -40.00000
 -40.00000 -40.00000 -40.00000 -40.00000 -40.00000
 -40.00000 -40.00000 -40.00000 -40.00000 -40.00000
 -40.00000 -40.00000 -40.00000 -40.00000 -40.00000
 -40.00000 -40.00000 -40.00000 -40.00000 -40.00000
 -40.00000 -40.00000 -40.00000 -40.00000 -40.00000
 -40.00000 -40.00000 -40.00000 -40.00000 -40.00000
 -40.00000 -40.00000 -40.00000 -40.00000 -40.00000
 -40.00000 -40.00000 -40.00000 -40.00000 -40.00000
 -40.00000 -40.00000 -40.00000 -40.00000 -40.00000
 -40.00000 -40.00000 -40.00000 -40.00000 -40.00000
 -40.00000 -40.00000 -40.00000 -40.00000 -40.00000
 -40.00000 -40.00000 -40.00000 -40.00000 -40.00000
 -33.00444 -33.00443 -33.00443 -33.00443 -33.00444
 -26.45173 -26.45173 -26.45173 -26.45173 -26.45173
 -21.85061 -21.85061 -21.85061 -21.85061 -21.85061
 -18.63505 -18.63505 -18.63505 -18.63505 -18.63505
 -16.38990 -16.38990 -16.38990 -16.38990 -16.38990
 -14.82033 -14.82033 -14.82033 -14.82033 -14.82033
 -13.72050 -13.72050 -13.72050 -13.72050 -13.72050
 -12.94776 -12.94776 -12.94776 -12.94776 -12.94776
 -12.40349 -12.40349 -12.40349 -12.40349 -12.40349
 -12.01959 -12.01959 -12.01959 -12.01959 -12.01959
 -11.74905 -11.74905 -11.74905 -11.74905 -11.74905
 -11.55938 -11.55938 -11.55938 -11.55938 -11.55938
 -11.42806 -11.42806 -11.42806 -11.42806 -11.42806
 -11.33938 -11.33938 -11.33938 -11.33938 -11.33938
 -11.28226 -11.28226 -11.28226 -11.28226 -11.28226
 -11.24888 -11.24888 -11.24888 -11.24888 -11.24888
 --------------------/ IPRT= 1  / IGRD= 1  /IONIS   / Z1=51   / DATE= 26.01.98  
 -40.00000 -40.00000 -40.00000 -40.00000 -40.00000
 -40.00000 -40.00000 -40.00000 -40.00000 -40.00000
 -40.00000 -40.00000 -40.00000 -40.00000 -40.00000
 -40.00000 -40.00000 -40.00000 -40.00000 -40.00000
 -40.00000 -40.00000 -40.00000 -40.00000 -40.00000
 -40.00000 -40.00000 -40.00000 -40.00000 -40.00000
 -40.00000 -40.00000 -40.00000 -40.00000 -40.00000
 -40.00000 -40.00000 -40.00000 -40.00000 -40.00000
 -40.00000 -40.00000 -40.00000 -40.00000 -40.00000
 -40.00000 -40.00000 -40.00000 -40.00000 -40.00000
 -40.00000 -40.00000 -40.00000 -40.00000 -40.00000
 -40.00000 -40.00000 -40.00000 -40.00000 -40.00000
 -40.00000 -40.00000 -40.00000 -40.00000 -40.00000
 -40.00000 -40.00000 -40.00000 -40.00000 -40.00000
 -33.80616 -33.80616 -33.80616 -33.80616 -33.80616
 -26.98574 -26.98574 -26.98574 -26.98574 -26.98574
 -22.23503 -22.23503 -22.23503 -22.23503 -22.23503
 -18.93673 -18.93673 -18.93673 -18.93673 -18.93673
 -16.64512 -16.64512 -16.64512 -16.64512 -16.64512
 -15.04869 -15.04869 -15.04869 -15.04869 -15.04869
 -13.93276 -13.93276 -13.93276 -13.93276 -13.93276
 -13.15002 -13.15002 -13.15002 -13.15002 -13.15002
 -12.59934 -12.59934 -12.59934 -12.59934 -12.59934
 -12.21110 -12.21110 -12.21110 -12.21110 -12.21110
 -11.93716 -11.93716 -11.93716 -11.93716 -11.93716
 -11.74383 -11.74383 -11.74383 -11.74383 -11.74383
 -11.60770 -11.60770 -11.60770 -11.60770 -11.60770
 -11.51281 -11.51281 -11.51281 -11.51281 -11.51281
 -11.44852 -11.44852 -11.44852 -11.44852 -11.44852
 -11.40763 -11.40763 -11.40763 -11.40763 -11.40763
 --------------------/ IPRT= 1  / IGRD= 1  /IONIS   / Z1=52   / DATE= 26.01.98  
 -40.00000 -40.00000 -40.00000 -40.00000 -40.00000
 -40.00000 -40.00000 -40.00000 -40.00000 -40.00000
 -40.00000 -40.00000 -40.00000 -40.00000 -40.00000
 -40.00000 -40.00000 -40.00000 -40.00000 -40.00000
 -40.00000 -40.00000 -40.00000 -40.00000 -40.00000
 -40.00000 -40.00000 -40.00000 -40.00000 -40.00000
 -40.00000 -40.00000 -40.00000 -40.00000 -40.00000
 -40.00000 -40.00000 -40.00000 -40.00000 -40.00000
 -40.00000 -40.00000 -40.00000 -40.00000 -40.00000
 -40.00000 -40.00000 -40.00000 -40.00000 -40.00000
 -40.00000 -40.00000 -40.00000 -40.00000 -40.00000
 -40.00000 -40.00000 -40.00000 -40.00000 -40.00000
 -40.00000 -40.00000 -40.00000 -40.00000 -40.00000
 -40.00000 -40.00000 -40.00000 -40.00000 -40.00000
 -34.69589 -34.69589 -34.69589 -34.69589 -34.69589
 -27.69447 -27.69447 -27.69447 -27.69447 -27.69447
 -22.82285 -22.82285 -22.82285 -22.82285 -22.82285
 -19.44180 -19.44180 -19.44180 -19.44180 -19.44180
 -17.09311 -17.09311 -17.09311 -17.09311 -17.09311
 -15.45725 -15.45725 -15.45725 -15.45725 -15.45725
 -14.31403 -14.31403 -14.31403 -14.31403 -14.31403
 -13.51231 -13.51231 -13.51231 -13.51231 -13.51231
 -12.94839 -12.94839 -12.94839 -12.94839 -12.94839
 -12.55076 -12.55076 -12.55076 -12.55076 -12.55076
 -12.26968 -12.26968 -12.26968 -12.26968 -12.26968
 -12.06993 -12.06993 -12.06993 -12.06993 -12.06993
 -11.92693 -11.92693 -11.92693 -11.92693 -11.92693
 -11.82437 -11.82437 -11.82437 -11.82437 -11.82437
 -11.75194 -11.75194 -11.75194 -11.75194 -11.75194
 -11.70307 -11.70307 -11.70307 -11.70307 -11.70307
 --------------------/ IPRT= 1  / IGRD= 1  /IONIS   / Z1=53   / DATE= 26.01.98  
 -40.00000 -40.00000 -40.00000 -40.00000 -40.00000
 -40.00000 -40.00000 -40.00000 -40.00000 -40.00000
 -40.00000 -40.00000 -40.00000 -40.00000 -40.00000
 -40.00000 -40.00000 -40.00000 -40.00000 -40.00000
 -40.00000 -40.00000 -40.00000 -40.00000 -40.00000
 -40.00000 -40.00000 -40.00000 -40.00000 -40.00000
 -40.00000 -40.00000 -40.00000 -40.00000 -40.00000
 -40.00000 -40.00000 -40.00000 -40.00000 -40.00000
 -40.00000 -40.00000 -40.00000 -40.00000 -40.00000
 -40.00000 -40.00000 -40.00000 -40.00000 -40.00000
 -40.00000 -40.00000 -40.00000 -40.00000 -40.00000
 -40.00000 -40.00000 -40.00000 -40.00000 -40.00000
 -40.00000 -40.00000 -40.00000 -40.00000 -40.00000
 -40.00000 -40.00000 -40.00000 -40.00000 -40.00000
 -40.00000 -40.00000 -40.00000 -40.00000 -40.00000
 -40.00000 -40.00000 -40.00000 -40.00000 -40.00000
 -40.00000 -40.00000 -40.00000 -40.00000 -40.00000
 -40.00000 -40.00000 -40.00000 -40.00000 -40.00000
 -33.62701 -33.62701 -33.62701 -33.62701 -33.62701
 -27.10128 -27.10128 -27.10128 -27.10127 -27.10127
 -22.59857 -22.59856 -22.59856 -22.59856 -22.59856
 -19.47559 -19.47559 -19.47559 -19.47559 -19.47559
 -17.30492 -17.30492 -17.30492 -17.30492 -17.30492
 -15.79186 -15.79186 -15.79186 -15.79186 -15.79186
 -14.73368 -14.73368 -14.73368 -14.73368 -14.73368
 -13.99105 -13.99105 -13.99105 -13.99105 -13.99105
 -13.46843 -13.46843 -13.46843 -13.46843 -13.46843
 -13.10001 -13.10001 -13.10001 -13.10001 -13.10001
 -12.84058 -12.84058 -12.84058 -12.84058 -12.84058
 -12.65898 -12.65898 -12.65898 -12.65898 -12.65898
 --------------------/ IPRT= 1  / IGRD= 1  /IONIS   / Z1=54   / DATE= 26.01.98  
 -40.00000 -40.00000 -40.00000 -40.00000 -40.00000
 -40.00000 -40.00000 -40.00000 -40.00000 -40.00000
 -40.00000 -40.00000 -40.00000 -40.00000 -40.00000
 -40.00000 -40.00000 -40.00000 -40.00000 -40.00000
 -40.00000 -40.00000 -40.00000 -40.00000 -40.00000
 -40.00000 -40.00000 -40.00000 -40.00000 -40.00000
 -40.00000 -40.00000 -40.00000 -40.00000 -40.00000
 -40.00000 -40.00000 -40.00000 -40.00000 -40.00000
 -40.00000 -40.00000 -40.00000 -40.00000 -40.00000
 -40.00000 -40.00000 -40.00000 -40.00000 -40.00000
 -40.00000 -40.00000 -40.00000 -40.00000 -40.00000
 -40.00000 -40.00000 -40.00000 -40.00000 -40.00000
 -40.00000 -40.00000 -40.00000 -40.00000 -40.00000
 -40.00000 -40.00000 -40.00000 -40.00000 -40.00000
 -40.00000 -40.00000 -40.00000 -40.00000 -40.00000
 -40.00000 -40.00000 -40.00000 -40.00000 -40.00000
 -40.00000 -40.00000 -40.00000 -40.00000 -40.00000
 -40.00000 -40.00000 -40.00000 -40.00000 -40.00000
 -34.36504 -34.36504 -34.36504 -34.36504 -34.36505
 -27.81191 -27.81191 -27.81191 -27.81191 -27.81191
 -23.17913 -23.17912 -23.17913 -23.17913 -23.17913
 -19.97360 -19.97360 -19.97360 -19.97360 -19.97360
 -17.74805 -17.74805 -17.74805 -17.74805 -17.74805
 -16.19717 -16.19717 -16.19717 -16.19717 -16.19717
 -15.11278 -15.11278 -15.11278 -15.11278 -15.11278
 -14.35191 -14.35191 -14.35191 -14.35191 -14.35191
 -13.81655 -13.81655 -13.81655 -13.81655 -13.81655
 -13.43917 -13.43917 -13.43917 -13.43917 -13.43917
 -13.17338 -13.17338 -13.17338 -13.17338 -13.17338
 -12.98721 -12.98721 -12.98721 -12.98721 -12.98721
