    1    5   30    1    1     /HYDROGEN           /DICKSON ET AL 1992          
================================================================================
  11.00000  12.00000  13.00000  14.00000  15.00000
   0.00000   0.13793   0.27586   0.41379   0.55172   0.68966   0.82759   0.96552
   1.10345   1.24138   1.37931   1.51724   1.65517   1.79310   1.93103   2.06897
   2.20690   2.34483   2.48276   2.62069   2.75862   2.89655   3.03448   3.17241
   3.31034   3.44828   3.58621   3.72414   3.86207   4.00000
---------------------/ IPRT= 1  / IGRD= 1  /--------/ Z1= 1   / DATE= 08/02/93  
 -13.84670 -13.67741 -13.40959 -13.04957 -12.59859
 -12.23231 -12.08348 -11.84888 -11.54881 -11.18114
 -11.04029 -10.91151 -10.70846 -10.45931 -10.16099
 -10.14743 -10.03798  -9.86406  -9.65381  -9.40608
  -9.47433  -9.38298  -9.23579  -9.05466  -8.84150
  -8.96616  -8.89124  -8.76842  -8.60947  -8.41854
  -8.58032  -8.51910  -8.41710  -8.27642  -8.10094
  -8.28031  -8.22832  -8.14084  -8.01784  -7.85901
  -8.04273  -7.99546  -7.91587  -7.81073  -7.67241
  -7.85920  -7.81555  -7.74195  -7.65075  -7.52862
  -7.72468  -7.68634  -7.62075  -7.53641  -7.41943
  -7.62872  -7.59652  -7.53991  -7.45745  -7.33787
  -7.56106  -7.53400  -7.48499  -7.40303  -7.27892
  -7.51457  -7.49061  -7.44650  -7.36594  -7.23926
  -7.48615  -7.46403  -7.42301  -7.34435  -7.21656
  -7.47381  -7.45315  -7.41461  -7.33754  -7.20898
  -7.47459  -7.45531  -7.41903  -7.34324  -7.21374
  -7.48557  -7.46764  -7.43353  -7.35891  -7.22820
  -7.50490  -7.48821  -7.45607  -7.38278  -7.25099
  -7.53130  -7.51553  -7.48495  -7.41343  -7.28143
  -7.56364  -7.54837  -7.51884  -7.44973  -7.31883
  -7.60065  -7.58567  -7.55713  -7.49077  -7.36178
  -7.64129  -7.62663  -7.59943  -7.53579  -7.40883
  -7.68506  -7.67085  -7.64526  -7.58403  -7.45882
  -7.73203  -7.71838  -7.69399  -7.63474  -7.51097
  -7.78161  -7.76857  -7.74485  -7.68718  -7.56461
  -7.83276  -7.82037  -7.79697  -7.74066  -7.61913
  -7.88446  -7.87272  -7.84955  -7.79453  -7.67400
  -7.93630  -7.92523  -7.90226  -7.84853  -7.72900
  -7.98820  -7.97780  -7.95505  -7.90261  -7.78407
