 -1.00d0     <=== if RCEFW >0 - Resist. of the first vessel (micro*Om)
    0        <=== NP - number of "basic segments" on the first vessel
    8          8.3223     -1.657          7.6547      -2.623          545.86      0.000
    8          7.6547      -2.623         6.8588      -3.261          614.67      0.000
    8          6.8588      -3.261         7.5706      -3.3012         801.23      0.000
    8          3.551       -1.741         3.7402      -2.222          673.62      0.000
    8          3.7402      -2.222         3.871       -2.558          707.07      0.000
    8          3.871       -2.558         3.566       -2.582          945.87      0.000






 -1.00d0     <=== if RCEFW >0 - Resist. of the first vessel (micro*Om)
   0         <=== NP - number of "basic segments" on the first vessel



 -1.00d0     <=== if RCEFW >0 - Resist. of the first vessel (micro*Om)
   0        <=== NP - number of "basic segments" on the first vessel
    5          0.5925     -0.05772137          0.5925      0.05772137          1156.9      0.00056685
    5          0.5925      0.05772137          0.5925       0.1731641        1322.171      0.00065708
    5          0.5925       0.1731641          0.5925       0.2886068        1322.171      0.00080097
    5          0.5925       0.2886068          0.5925       0.4040496        1322.171       0.0009495
    5          0.5925       0.4040496          0.5925       0.5194923          1156.9       0.0010405
    5          0.5925       0.5194923          0.5925        0.634935        1322.171      0.00099072
    5          0.5925        0.634935          0.5925       0.7503778        1354.358       0.0009391
    3          0.5925       0.7503778       0.6356102            0.78        1319.893      0.00040958
    5       0.6356102            0.78       0.7303921            0.78        1648.764      0.00090584
    5       0.7303921            0.78       0.8251739            0.78        2080.152      0.00074165
    5       0.8251739            0.78       0.9199558            0.78         2325.89      0.00070672
    5       0.9199558            0.78        1.014738            0.78        2589.267       0.0005133
    5        1.014738            0.78        1.091119       0.7172296         2563.79      0.00061203
    5        1.091119       0.7172296          1.1675       0.6544593        2187.366      0.00060475
    5          1.1675       0.6544593          1.1675       0.5354667        3314.438      0.00071025
    5          1.1675       0.5354667          1.1675       0.4164741        3254.043      0.00063964
    5          1.1675       0.4164741          1.1675       0.2974815        3463.764      0.00061013
    5          1.1675       0.2974815          1.1675       0.1784889        3371.247      0.00046787
    5          1.1675       0.1784889          1.1675       0.0594963        3510.793      0.00027798
    5          1.1675       0.0594963          1.1675      -0.0594963         3426.53      0.00013387
    5          1.1675      -0.0594963          1.1675      -0.1784889        3510.793      0.00020423
    5          1.1675      -0.1784889          1.1675      -0.2974815        3371.247      0.00028929
    5          1.1675      -0.2974815          1.1675      -0.4164741        3430.587      0.00031779
    5          1.1675      -0.4164741          1.1675      -0.5354667        3139.936      0.00031636
    5          1.1675      -0.5354667          1.1675      -0.6544593        3230.167      0.00049051
    5          1.1675      -0.6544593        1.091119      -0.7172296        2102.092      0.00044044
    5        1.091119      -0.7172296        1.014738           -0.78        2238.168      0.00039864
    5        1.014738           -0.78       0.9199558           -0.78        2422.096      0.00036279
    5       0.9199558           -0.78       0.8251739           -0.78        2506.921      0.00045963
    5       0.8251739           -0.78       0.7303921           -0.78        2180.806      0.00053233
    5       0.7303921           -0.78       0.6356102           -0.78        1678.778      0.00072239
    3       0.6356102           -0.78          0.5925      -0.7503778        1314.599      0.00035116
    5          0.5925      -0.7503778          0.5925       -0.634935        1347.389      0.00084804
    5          0.5925       -0.634935          0.5925      -0.5194923        1322.171      0.00082722
    5          0.5925      -0.5194923          0.5925      -0.4040496          1156.9      0.00085966
    5          0.5925      -0.4040496          0.5925      -0.2886068        1322.171       0.0007285
    5          0.5925      -0.2886068          0.5925      -0.1731641        1322.171      0.00063973
    5          0.5925      -0.1731641          0.5925     -0.05772137        1322.171      0.00058444


NDsegm      Rsegm(1)        Zsegm(1)         Rsegm(2)      Zsegm(2)           RES_SEG       CUR_SEG
              (m)             (m)              (m)           (m)             (micro*Om)    (Mega*Am)

( TCV, shot 15970, time = 0.6030 sec  with "fit" current values )

