  280.d0 0.01 <=== RCEBP-ITER-FEAT,Resist. of VVinner., March 7 aug:   aug value 280.d0
   20   <=== NP - number of "basic segments" on VV-inner curve   
  2 0.951   0.070  0.952   0.140  0.0  0.0   ! 2 is number of filaments per segment
  2 0.952   0.140  0.959   0.420  0.0  0.0
  2 0.959   0.420  0.965   0.560  0.0  0.0
  2 0.965   0.560  1.029   0.996  0.0  0.0
  2 1.029   0.996  1.384   1.304  0.0  0.0
  2 1.384   1.304  1.624   1.322  0.0  0.0
  2 1.624   1.322  1.849   1.239  0.0  0.0
  2 1.849   1.239  2.095   1.048  0.0  0.0
  2 2.095   1.048  2.284   0.825  0.0  0.0
  2 2.284   0.825  2.424   0.569  0.0  0.0
  2 2.424   0.569  2.511   0.291  0.0  0.0
  2 2.511   0.291  2.511  -0.291  0.0  0.0
  2 2.511  -0.291  2.424  -0.569  0.0  0.0
  2 2.424  -0.569  2.284  -0.825  0.0  0.0
  2 2.284  -0.825  2.095  -1.048  0.0  0.0
  2 2.095  -1.048  1.849  -1.239  0.0  0.0
  2 1.849  -1.239  1.173  -1.189  0.0  0.0
  2 1.173  -1.189  1.029  -0.996  0.0  0.0
  2 1.029  -0.996  0.959  -0.420  0.0  0.0
  2 0.959  -0.420  0.951   0.070  0.0  0.0




	170.d0 <=== RCEBP-ITER-FEAT,Resist. of VVinner., March 7 aug:   aug value 280.d0
   59   <=== NP - number of "basic segments" on VV-inner curve   ! 118 filaments with self-inductance.  59 for AUG
  2 0.951   0.070  0.952   0.140  0.0  0.0   ! 2 is number of filaments per segment
  2 0.952   0.140  0.953   0.210  0.0  0.0
  2 0.953   0.210  0.954   0.280  0.0  0.0
  2 0.954   0.280  0.956   0.350  0.0  0.0
  2 0.956   0.350  0.959   0.420  0.0  0.0
  2 0.959   0.420  0.962   0.490  0.0  0.0
  2 0.962   0.490  0.965   0.560  0.0  0.0
  2 0.965   0.560  0.969   0.630  0.0  0.0
  2 0.969   0.630  0.973   0.700  0.0  0.0
  2 0.973   0.700  0.991   0.881  0.0  0.0
  2 0.991   0.881  1.029   0.996  0.0  0.0
  2 1.029   0.996  1.091   1.100  0.0  0.0
  2 1.091   1.100  1.173   1.189  0.0  0.0
  2 1.173   1.189  1.272   1.258  0.0  0.0
  2 1.272   1.258  1.384   1.304  0.0  0.0
  2 1.384   1.304  1.503   1.326  0.0  0.0
  2 1.503   1.326  1.624   1.322  0.0  0.0
  2 1.624   1.322  1.741   1.293  0.0  0.0
  2 1.741   1.293  1.849   1.239  0.0  0.0
  2 1.849   1.239  1.985   1.144  0.0  0.0
  2 1.985   1.144  2.095   1.048  0.0  0.0
  2 2.095   1.048  2.195   0.942  0.0  0.0
  2 2.195   0.942  2.284   0.825  0.0  0.0
  2 2.284   0.825  2.360   0.701  0.0  0.0
  2 2.360   0.701  2.424   0.569  0.0  0.0
  2 2.424   0.569  2.474   0.432  0.0  0.0
  2 2.474   0.432  2.511   0.291  0.0  0.0
  2 2.511   0.291  2.533   0.146  0.0  0.0
  2 2.533   0.146  2.540   0.000  0.0  0.0
  2 2.540   0.000  2.533  -0.146  0.0  0.0
  2 2.533  -0.146  2.511  -0.291  0.0  0.0
  2 2.511  -0.291  2.474  -0.432  0.0  0.0
  2 2.474  -0.432  2.424  -0.569  0.0  0.0
  2 2.424  -0.569  2.360  -0.701  0.0  0.0
  2 2.360  -0.701  2.284  -0.825  0.0  0.0
  2 2.284  -0.825  2.195  -0.942  0.0  0.0
  2 2.195  -0.942  2.095  -1.048  0.0  0.0
  2 2.095  -1.048  1.985  -1.144  0.0  0.0
  2 1.985  -1.144  1.849  -1.239  0.0  0.0
  2 1.849  -1.239  1.741  -1.293  0.0  0.0
  2 1.741  -1.293  1.624  -1.322  0.0  0.0
  2 1.624  -1.322  1.503  -1.326  0.0  0.0
  2 1.503  -1.326  1.384  -1.304  0.0  0.0
  2 1.384  -1.304  1.272  -1.258  0.0  0.0
  2 1.272  -1.258  1.173  -1.189  0.0  0.0
  2 1.173  -1.189  1.091  -1.100  0.0  0.0
  2 1.091  -1.100  1.029  -0.996  0.0  0.0
  2 1.029  -0.996  0.991  -0.881  0.0  0.0
  2 0.991  -0.881  0.973  -0.700  0.0  0.0
  2 0.973  -0.700  0.969  -0.630  0.0  0.0
  2 0.969  -0.630  0.965  -0.560  0.0  0.0
  2 0.965  -0.560  0.962  -0.490  0.0  0.0
2	0.962  -0.490  0.959  -0.420  0.0  0.0
2	0.959  -0.420  0.956  -0.350  0.0  0.0
2	0.956  -0.350  0.954  -0.280  0.0  0.0
2	0.954  -0.280  0.953  -0.210  0.0  0.0
2	0.953  -0.210  0.952  -0.140  0.0  0.0
2	0.952  -0.140  0.951  -0.070  0.0  0.0
2	0.951  -0.070  0.951   0.070  0.0  0.0






  280.d0 <=== RCEBP-ITER-FEAT,Resist. of VVinner., March 7 aug:   aug value 280.d0
   20   <=== NP - number of "basic segments" on VV-inner curve   
  2 0.951   0.070  0.952   0.140  0.0  0.0   ! 2 is number of filaments per segment
  2 0.952   0.140  0.959   0.420  0.0  0.0
  2 0.959   0.420  0.965   0.560  0.0  0.0
  2 0.965   0.560  1.029   0.996  0.0  0.0
  2 1.029   0.996  1.384   1.304  0.0  0.0
  2 1.384   1.304  1.624   1.322  0.0  0.0
  2 1.624   1.322  1.849   1.239  0.0  0.0
  2 1.849   1.239  2.095   1.048  0.0  0.0
  2 2.095   1.048  2.284   0.825  0.0  0.0
  2 2.284   0.825  2.424   0.569  0.0  0.0
  2 2.424   0.569  2.511   0.291  0.0  0.0
  2 2.511   0.291  2.511  -0.291  0.0  0.0
  2 2.511  -0.291  2.424  -0.569  0.0  0.0
  2 2.424  -0.569  2.284  -0.825  0.0  0.0
  2 2.284  -0.825  2.095  -1.048  0.0  0.0
  2 2.095  -1.048  1.849  -1.239  0.0  0.0
  2 1.849  -1.239  1.173  -1.189  0.0  0.0
  2 1.173  -1.189  1.029  -0.996  0.0  0.0
  2 1.029  -0.996  0.959  -0.420  0.0  0.0
  2 0.959  -0.420  0.951   0.070  0.0  0.0

!!!!!!!!!!!!!!!!!!!!!!!!!!!!!!!!!!!!!!!!!!!!!!!!!!!!!!!!!!!!!!!!!!!!!!!!!!!!

 NDsegm  Rsegm(1) Zsegm(1) Rsegm(2) Zsegm(2) RES_SEG  CUR_SEG

           (m)     (m)      (m)      (m)    (micro*Om) (Mega*Am)
 







! 118 filaments with self-inductance.  59 for AUG



  280.d0 <=== RCEBP-ITER-FEAT,Resist. of VVinner., March 7 aug:   aug value 280.d0
   59   <=== NP - number of "basic segments" on VV-inner curve   ! 118 filaments with self-inductance.  59 for AUG
  2 0.951   0.070  0.952   0.140  0.0  0.0   ! 2 is number of filaments per segment
  2 0.952   0.140  0.953   0.210  0.0  0.0
  2 0.953   0.210  0.954   0.280  0.0  0.0
  2 0.954   0.280  0.956   0.350  0.0  0.0
  2 0.956   0.350  0.959   0.420  0.0  0.0
  2 0.959   0.420  0.962   0.490  0.0  0.0
  2 0.962   0.490  0.965   0.560  0.0  0.0
  2 0.965   0.560  0.969   0.630  0.0  0.0
  2 0.969   0.630  0.973   0.700  0.0  0.0
  2 0.973   0.700  0.991   0.881  0.0  0.0
  2 0.991   0.881  1.029   0.996  0.0  0.0
  2 1.029   0.996  1.091   1.100  0.0  0.0
  2 1.091   1.100  1.173   1.189  0.0  0.0
  2 1.173   1.189  1.272   1.258  0.0  0.0
  2 1.272   1.258  1.384   1.304  0.0  0.0
  2 1.384   1.304  1.503   1.326  0.0  0.0
  2 1.503   1.326  1.624   1.322  0.0  0.0
  2 1.624   1.322  1.741   1.293  0.0  0.0
  2 1.741   1.293  1.849   1.239  0.0  0.0
  2 1.849   1.239  1.985   1.144  0.0  0.0
  2 1.985   1.144  2.095   1.048  0.0  0.0
  2 2.095   1.048  2.195   0.942  0.0  0.0
  2 2.195   0.942  2.284   0.825  0.0  0.0
  2 2.284   0.825  2.360   0.701  0.0  0.0
  2 2.360   0.701  2.424   0.569  0.0  0.0
  2 2.424   0.569  2.474   0.432  0.0  0.0
  2 2.474   0.432  2.511   0.291  0.0  0.0
  2 2.511   0.291  2.533   0.146  0.0  0.0
  2 2.533   0.146  2.540   0.000  0.0  0.0
  2 2.540   0.000  2.533  -0.146  0.0  0.0
  2 2.533  -0.146  2.511  -0.291  0.0  0.0
  2 2.511  -0.291  2.474  -0.432  0.0  0.0
  2 2.474  -0.432  2.424  -0.569  0.0  0.0
  2 2.424  -0.569  2.360  -0.701  0.0  0.0
  2 2.360  -0.701  2.284  -0.825  0.0  0.0
  2 2.284  -0.825  2.195  -0.942  0.0  0.0
  2 2.195  -0.942  2.095  -1.048  0.0  0.0
  2 2.095  -1.048  1.985  -1.144  0.0  0.0
  2 1.985  -1.144  1.849  -1.239  0.0  0.0
  2 1.849  -1.239  1.741  -1.293  0.0  0.0
  2 1.741  -1.293  1.624  -1.322  0.0  0.0
  2 1.624  -1.322  1.503  -1.326  0.0  0.0
  2 1.503  -1.326  1.384  -1.304  0.0  0.0
  2 1.384  -1.304  1.272  -1.258  0.0  0.0
  2 1.272  -1.258  1.173  -1.189  0.0  0.0
  2 1.173  -1.189  1.091  -1.100  0.0  0.0
  2 1.091  -1.100  1.029  -0.996  0.0  0.0
  2 1.029  -0.996  0.991  -0.881  0.0  0.0
  2 0.991  -0.881  0.973  -0.700  0.0  0.0
  2 0.973  -0.700  0.969  -0.630  0.0  0.0
  2 0.969  -0.630  0.965  -0.560  0.0  0.0
  2 0.965  -0.560  0.962  -0.490  0.0  0.0
2	0.962  -0.490  0.959  -0.420  0.0  0.0
2	0.959  -0.420  0.956  -0.350  0.0  0.0
2	0.956  -0.350  0.954  -0.280  0.0  0.0
2	0.954  -0.280  0.953  -0.210  0.0  0.0
2	0.953  -0.210  0.952  -0.140  0.0  0.0
2	0.952  -0.140  0.951  -0.070  0.0  0.0
2	0.951  -0.070  0.951   0.070  0.0  0.0

!!!!!!!!!!!!!!!!!!!!!!!!!!!!!!!!!!!!!!!!!!!!!!!!!!!!!!!!!!!!!!!!!!!!!!!!!!!!

 NDsegm  Rsegm(1) Zsegm(1) Rsegm(2) Zsegm(2) RES_SEG  CUR_SEG

           (m)     (m)      (m)      (m)    (micro*Om) (Mega*Am)
 















0.951   
0.952
0.953
0.954
0.956
0.959
0.962
0.965
0.969
0.973
0.991
1.029
1.091
1.173
1.272
1.384
1.503
1.624
1.741
1.849
1.985
2.095
2.195
2.284
2.360
2.424
2.474
2.511
2.533
2.540
2.533
2.511
2.474
2.424
2.360
2.284
2.195
2.095
1.985
1.849
1.741
1.624
1.503
1.384
1.272
1.173
1.091
1.029
0.991
0.973
0.969
0.965
0.962
0.959
0.956
0.954
0.953
0.952
0.951
0.951










0.951   
0.952
0.953
0.954
0.956
0.959
0.962
0.965
0.969
0.973
0.991
1.029
1.091
1.173
1.272
1.384
1.503
1.624
1.741
1.849
1.985
2.095
2.195
2.284
2.360
2.424
2.474
2.511
2.533
2.540
2.533
2.511
2.474
2.424
2.360
2.284
2.195
2.095
1.985
1.849
1.741
1.624
1.503
1.384
1.272
1.173
1.091
1.029
0.991
0.973
0.969
0.965
0.962
0.959
0.956
0.954
0.953
0.952
0.951
0.951






