 12

 1
          22400. 0. 0. 0. 0. 0. 0. 0. 0. 0. 0. 0.
 2
            0. 5000. 0. 0. 0. 0. 0. 0. 0. 0. 0. 0.  
 3
            0. 0. 5000. 0. 0. 0. 0. 0. 0. 0. 0. 0.  
 4
            0. 0. 0.  8680. 0. 0. 0. 0. 0. 0. 0. 0.  
 5
            0. 0. 0. 0.   8680. 0. 0. 0. 0. 0. 0. 0.   
 6
            0. 0. 0. 0. 0. 23450. 0. 0. 0. 0. 0. 0.  
 7
            0. 0. 0. 0. 0. 0.  23450. 0. 0. 0. 0. 0.  
 8
            0. 0. 0. 0. 0. 0. 0.  17180. 0. 0. 0. 0. 
 9
            0. 0. 0. 0. 0. 0. 0. 0.  550. 0. 0. 0.  
 10
            0. 0. 0. 0. 0. 0. 0. 0. 0.  550. 0. 0.   
 11
            0. 0. 0. 0. 0. 0. 0. 0. 0. 0.  136.6 125. 
 12
            0. 0. 0. 0. 0. 0. 0. 0. 0. 0. 125. 136.1 


 
 11

 1
          22400. 0. 0. 0. 0. 0. 0. 0. 0. 0. 0. 
 2
            0. 5000. 0. 0. 0. 0. 0. 0. 0. 0. 0.   
 3
            0. 0. 5000. 0. 0. 0. 0. 0. 0. 0. 0.   
 4
            0. 0. 0.  8680. 0. 0. 0. 0. 0. 0. 0.   
 5
            0. 0. 0. 0.   8680. 0. 0. 0. 0. 0. 0.    
 6
            0. 0. 0. 0. 0. 23450. 0. 0. 0. 0. 0.   
 7
            0. 0. 0. 0. 0. 0.  23450. 0. 0. 0. 0.   
 8
            0. 0. 0. 0. 0. 0. 0.  17180. 0. 0. 0.  
 9
            0. 0. 0. 0. 0. 0. 0. 0.    550. 0. 0.   
 10
            0. 0. 0. 0. 0. 0. 0. 0. 0.    550. 0.    
 11
            0. 0. 0. 0. 0. 0. 0. 0. 0. 0. 135.6  
 


 
 
 


  21

 1
          17000. 0. 0. 0. 0. 0. 0. 0. 0. 0. 0. 0. 0. 0. 0. 0. 0. 0. 0. 0. 0.
 2
            0. 5000. 0. 0. 0. 0. 0. 0. 0. 0. 0. 0.  0. 0.  0. 0. 0. 0. 0. 0. 0.
 3
            0. 0. 5000. 0. 0. 0. 0. 0. 0. 0. 0. 0.  0. 0.  0. 0. 0. 0. 0. 0. 0.
 4
            0. 0. 0.  8680. 0. 0. 0. 0. 0. 0. 0. 0.  0. 0.  0. 0. 0. 0. 0. 0. 0.
 5
            0. 0. 0. 0.   8680. 0. 0. 0. 0. 0. 0. 0.  0. 0.  0. 0. 0. 0. 0. 0. 0. 
 6
            0. 0. 0. 0. 0. 23450. 0. 0. 0. 0. 0. 0.   0. 0. 0. 0. 0. 0. 0. 0. 0.
 7
            0. 0. 0. 0. 0. 0.  23450. 0. 0. 0. 0. 0.  0. 0.  0. 0. 0. 0. 0. 0. 0.
 8
            0. 0. 0. 0. 0. 0. 0.  17180. 0. 0. 0. 0.  0. 0. 0. 0. 0. 0. 0. 0. 0.
 9
            0. 0. 0. 0. 0. 0. 0. 0.    550. 0. 0. 0.    0. 0. 0. 0. 0. 0. 0. 0. 0.
 10
            0. 0. 0. 0. 0. 0. 0. 0. 0.    550. 0. 0.     0. 0. 0. 0. 0. 0. 0. 0. 0.
 11
            0. 0. 0. 0. 0. 0. 0. 0. 0. 0. 135.6 122.   0. 0. 0. 0. 0. 0. 0. 0. 0.
 12
            0. 0. 0. 0. 0. 0. 0. 0. 0. 0. 122. 135.6    0. 0. 0. 0. 0. 0. 0. 0. 0.
 13
            0. 0. 0. 0. 0. 0. 0. 0. 0. 0. 135.6 122.   0. 0. 0. 0. 0. 0. 0. 0. 0.
 14
            0. 0. 0. 0. 0. 0. 0. 0. 0. 0. 122. 135.6    0. 0. 0. 0. 0. 0. 0. 0. 0.
 15
            0. 0. 0. 0. 0. 0. 0. 0. 0. 0. 122. 135.6    0. 0. 0. 0. 0. 0. 0. 0. 0.
 16
            0. 0. 0. 0. 0. 0. 0. 0. 0. 0. 122. 135.6    0. 0. 0. 0. 0. 0. 0. 0. 0.
 17
            0. 0. 0. 0. 0. 0. 0. 0. 0. 0. 122. 135.6    0. 0. 0. 0. 0. 0. 0. 0. 0.
 18
            0. 0. 0. 0. 0. 0. 0. 0. 0. 0. 122. 135.6    0. 0. 0. 0. 0. 0. 0. 0. 0.
 19
            0. 0. 0. 0. 0. 0. 0. 0. 0. 0. 122. 135.6    0. 0. 0. 0. 0. 0. 0. 0. 0.
 20
            0. 0. 0. 0. 0. 0. 0. 0. 0. 0. 122. 135.6    0. 0. 0. 0. 0. 0. 0. 0. 0.
 21
            0. 0. 0. 0. 0. 0. 0. 0. 0. 0. 122. 135.6    0. 0. 0. 0. 0. 0. 0. 0. 0.

10

 1
          22400.  0. 0. 0. 0. 0. 0. 0. 0. 0.
 2
            0.   8680. 0. 0. 0. 0. 0. 0. 0. 0.  
 3
            0.  0.   8680. 0. 0. 0. 0. 0. 0. 0.   
 4
            0. 0. 0. 23450. 0. 0. 0. 0. 0. 0.  
 5
            0.  0. 0. 0.  23450. 0. 0. 0. 0. 0.  
 6
            0.  0. 0. 0. 0.  17180. 0. 0. 0. 0. 
 7
            0.  0. 0. 0. 0. 0.    550. 0. 0. 0.  
 8
            0.  0. 0. 0. 0. 0. 0.    550. 0. 0.   
 9
            0.  0. 0. 0. 0. 0. 0. 0. 135.6 122. 
 10
            0.  0. 0. 0. 0. 0. 0. 0. 122. 135.6  



!aug values
 12

 1
          22400. 0. 0. 0. 0. 0. 0. 0. 0. 0. 0. 0.
 2
            0. 5000. 0. 0. 0. 0. 0. 0. 0. 0. 0. 0.  
 3
            0. 0. 5000. 0. 0. 0. 0. 0. 0. 0. 0. 0.  
 4
            0. 0. 0.  8680. 0. 0. 0. 0. 0. 0. 0. 0.  
 5
            0. 0. 0. 0.   8680. 0. 0. 0. 0. 0. 0. 0.   
 6
            0. 0. 0. 0. 0. 23450. 0. 0. 0. 0. 0. 0.  
 7
            0. 0. 0. 0. 0. 0.  23450. 0. 0. 0. 0. 0.  
 8
            0. 0. 0. 0. 0. 0. 0.  17180. 0. 0. 0. 0. 
 9
            0. 0. 0. 0. 0. 0. 0. 0.    550. 0. 0. 0.  
 10
            0. 0. 0. 0. 0. 0. 0. 0. 0.    550. 0. 0.   
 11
            0. 0. 0. 0. 0. 0. 0. 0. 0. 0. 135.6 122. 
 12
            0. 0. 0. 0. 0. 0. 0. 0. 0. 0. 122. 135.6  




!test case
 12

 1
          0.01 0. 0. 0. 0. 0. 0. 0. 0. 0. 0. 0.
 2
            0. 0.01 0. 0. 0. 0. 0. 0. 0. 0. 0. 0.  
 3
            0. 0. 0.01 0. 0. 0. 0. 0. 0. 0. 0. 0.  
 4
            0. 0. 0.  0.01 0. 0. 0. 0. 0. 0. 0. 0.  
 5
            0. 0. 0. 0.   0.01 0. 0. 0. 0. 0. 0. 0.   
 6
            0. 0. 0. 0. 0. 0.01 0. 0. 0. 0. 0. 0.  
 7
            0. 0. 0. 0. 0. 0.  0.01 0. 0. 0. 0. 0.  
 8
            0. 0. 0. 0. 0. 0. 0.  0.01 0. 0. 0. 0. 
 9
            0. 0. 0. 0. 0. 0. 0. 0.    0.01 0. 0. 0.  
 10
            0. 0. 0. 0. 0. 0. 0. 0. 0.    0.01 0. 0.   
 11
            0. 0. 0. 0. 0. 0. 0. 0. 0. 0. 135.6 122. 
 12
            0. 0. 0. 0. 0. 0. 0. 0. 0. 0. 122. 135.6  





 ! NEQUI - number of equivalent coil groups,mod. matrix form, coupled PSLs


 12 ! NEQUI - number of equivalent coil groups,mod. matrix form, independent PSLs

 1
          22400. 0. 0. 0. 0. 0. 0. 0. 0. 0. 0. 0.
 2
            0. 5000. 0. 0. 0. 0. 0. 0. 0. 0. 0. 0.  
 3
            0. 0. 5000. 0. 0. 0. 0. 0. 0. 0. 0. 0.  
 4
            0. 0. 0.  8680. 0. 0. 0. 0. 0. 0. 0. 0.  
 5
            0. 0. 0. 0.   8680. 0. 0. 0. 0. 0. 0. 0.   
 6
            0. 0. 0. 0. 0. 23450. 0. 0. 0. 0. 0. 0.  
 7
            0. 0. 0. 0. 0. 0.  23450. 0. 0. 0. 0. 0. 
 8
            0. 0. 0. 0. 0. 0. 0.  17180. 0. 0. 0. 0. 
 9
            0. 0. 0. 0. 0. 0. 0. 0.    550. 0. 0. 0.  
 10
            0. 0. 0. 0. 0. 0. 0. 0. 0.    550. 0. 0.   
 11
            0. 0. 0. 0. 0. 0. 0. 0. 0.    0. 13.6 0. 
 12
            0. 0. 0. 0. 0. 0. 0. 0. 0.    0.  0. 13.6  






 11 ! NEQUI - number of equivalent coil groups,mod. matrix form, fixed opposite PSL currents

 1
          22400. 0. 0. 0. 0. 0. 0. 0. 0. 0. 0. 
 2
            0. 5000. 0. 0. 0. 0. 0. 0. 0. 0. 0.   
 3
            0. 0. 5000. 0. 0. 0. 0. 0. 0. 0. 0.   
 4
            0. 0. 0.  8680. 0. 0. 0. 0. 0. 0. 0.   
 5
            0. 0. 0. 0.   8680. 0. 0. 0. 0. 0. 0.    
 6
            0. 0. 0. 0. 0. 23450. 0. 0. 0. 0. 0.   
 7
            0. 0. 0. 0. 0. 0.  23450. 0. 0. 0. 0.  
 8
            0. 0. 0. 0. 0. 0. 0.  17180. 0. 0. 0.  
 9
            0. 0. 0. 0. 0. 0. 0. 0.    550. 0. 0.   
 10
            0. 0. 0. 0. 0. 0. 0. 0. 0.    550. 0.    
 11
            0. 0. 0. 0. 0. 0. 0. 0. 0.    0. 27.2  







 12 ! NEQUI - number of equivalent coil groups,mod.

 1
          22400. 
 2
                5000. 
 3
                  5000. 
 4
                 8680.
 5
              8680. 
 6
                 23450. 
 7
                  23450.
 8
                 17180. 
 9
                550.
 10
                550. 
 11
                  13.6
 12
                  13.6






 11 ! NEQUI - number of equivalent coil groups,mod.

 1
          22400. 
 2
                5000. 
 3
                  5000. 
 4
                 8680.
 5
              8680. 
 6
                 23450. 
 7
                  23450.
 8
                 17180. 
 9
                550.
 10
                550. 
 11
                  27.2
																		


 12 ! NEQUI - number of equivalent coil groups,mod.

 1
          22400. 
 2
                5000. 
 3
                  5000. 
 4
                 8680.
 5
              8680. 
 6
                 23450. 
 7
                  23450.
 8
                 17180. 
 9
                550.
 10
                550. 
 11
                  13.6
 12
                  13.6





 13 ! NEQUI - number of equivalent coil groups,mod.

 1
          22400. 
 2
                5000. 
 3
                  5000. 
 4
                 8680.
 5
              8680. 
 6
                 23450. 
 7
                  23450.
 8
                 17180. 
 9
                550.
 10
                550. 
 11
                  27.2
 12
                  260.
 13
                  260.
																		


 12 ! NEQUI - number of equivalent coil groups,mod.

 1
          22400. 
 2
                5000. 
 3
                  5000. 
 4
                 8680.
 5
              8680. 
 6
                 23450. 
 7
                  23450.
 8
                 17180. 
 9
                550.
 10
                550. 
 11
                  13.6
 12
                  13.6 


																		
				 
 12 ! NEQUI - number of equivalent coil groups,mod.

 1
          22400. 
 2
                5000. 
 3
                  5000. 
 4
                 8680.
 5
              8680. 
 6
                 23450. 
 7
                  23450.
 8
                 17180. 
 9
                550.
 10
                550. 
 11
                  13.6
 12
                  13.6 

 12   ! NEQUI - number of equivalent coil groups,mod.

 1
          22400. 
 2
                5000. 
 3
                  5000. 
 4
                 8680.
 5
              8680. 
 6
                 23450. 
 7
                  23450.
 8
                 17180. 
 9
                580.
 10
                580. 
 11
                  13.6 
 12
                 13.6


 PFC      PFC
 Equiv.   Resis.
 Sign     (micOM)
!!!!!!!!!!!!!!!!!!!!!!!!!!!!!!!!!!!!!!!!!!!!!!!!!!!!!!!!!!!!!!!!!!!!!!!!!!!!


 13    ! NEQUI - number of equivalent coil groups,mod.

 1
          20000. 
 2
                5250. 
 3
                  5250. 
 4
                 9321.
 5
              9321. 
 6
                 10230. 
 7
                  13220.
 8
                 8850. 
 9
                8850. 
 10
                570.
 11
                570. 
 12
                  13.6 
 13
                 13.6
				 



 PFC      PFC
 Equiv.   Resis.
 Sign     (micOM)
!!!!!!!!!!!!!!!!!!!!!!!!!!!!!!!!!!!!!!!!!!!!!!!!!!!!!!!!!!!!!!!!!!!!!!!!!!!!

