21 1    ! - coil number   
601 
3.685000e-01 -8.000000e-03 2.450000e-01 3.012000e+00 0.000000e+00 9.000000e+01 -1.359103e-02 510 1      !OH     1     -9.265       -18.8959e-3   
9
6.610000e-01 2.007200e+00 3.380000e-01 4.145000e-01 0.000000e+00 9.000000e+01 5.189805e-03 81 2      !OH2o   2      1.5307       18.9412e-3 
9			 	
6.610000e-01 -2.007200e+00 3.380000e-01 4.145000e-01 0.000000e+00 9.000000e+01 1.708769e-02 81 3      !OH2u   3      2.4953       30.7148e-3
9				 		
1.383600e+00 2.358200e+00 2.182000e-01 3.463000e-01 0.000000e+00 9.000000e+01 3.395795e-03 35 4      !V1io   4      0.1186        3.3654e-3 
9		
1.597900e+00 2.358200e+00 1.985000e-01 3.463000e-01 0.000000e+00 9.000000e+01 3.395795e-03 31 4      !V1mo   5      0.1050        3.3654e-3 
9		
1.957200e+00 2.358200e+00 1.724000e-01 3.463000e-01 0.000000e+00 9.000000e+01 3.395795e-03 27 4      !V1ao   6      0.0915        3.3654e-3 
9
1.381600e+00 -2.358300e+00 2.178000e-01 3.466000e-01 0.000000e+00 9.000000e+01 1.401491e-02 35 5      !V1iu   7      0.4905       13.6589e-3 
9
1.595600e+00 -2.358300e+00 1.981000e-01 3.466000e-01 0.000000e+00 9.000000e+01 1.401491e-02 31 5      !V1mu   8      0.4345       13.6589e-3 
9	
1.956200e+00 -2.358300e+00 1.720000e-01 3.466000e-01 0.000000e+00 9.000000e+01 1.401491e-02 27 5      !V1au   9      0.3784       13.6589e-3 
9
3.011000e+00 1.681500e+00 1.590000e-01 4.310000e-01 0.000000e+00 9.000000e+01 -3.711885e-05 39 6      !V2io   10    -8.2290e-004  -0.0611e-3 
9
3.246200e+00 1.681500e+00 1.945000e-01 4.310000e-01 0.000000e+00 9.000000e+01 -3.711885e-05 47 6      !V2ao   11    -9.9170e-004  -0.0611e-3 
9
3.012000e+00 -1.681500e+00 1.590000e-01 4.310000e-01 0.000000e+00 9.000000e+01 -7.968323e-03 39 7      !V2iu   12     -0.3108      -7.7307e-3 
9
3.245700e+00 -1.681500e+00 1.945000e-01 4.310000e-01 0.000000e+00 9.000000e+01 -7.968323e-03 47 7      !V2au   13     -0.3745      -7.7307e-3 
9		 		
3.599500e+00 6.937000e-01 2.479000e-01 1.836000e-01 0.000000e+00 9.000000e+01 -1.301589e-02 28 8      !V3o    14     -0.3633     -12.9660e-3   V3s
9
3.600100e+00 -6.914000e-01 2.480000e-01 1.836000e-01 0.000000e+00 9.000000e+01 -1.293834e-02 28 8      !V3u    15     -0.3630     -12.8769e-3   V3s
9
3.011900e+00 2.008100e+00 1.458000e-01 5.280000e-02 0.000000e+00 9.000000e+01 -1.359103e-02 5 1      !OH3o   20      -0.0908      
9
3.011200e+00 -2.008600e+00 1.458000e-01 5.280000e-02 0.000000e+00 9.000000e+01 -1.359103e-02 5 1      !OH3u   21      -0.0908     
9			
2.5105 0.717 0.0750 0.190  0.000000e+00 111.541 1.541271e-03 5 9      !CoIo   18      0.0387      7.7388e-3 
9
2.5088 -0.717 0.0750 0.190  0.000000e+00 68.4590 -9.022900e-04 5 10      !CoIu   19     -0.0218      -4.3556e-3
9
2.11168 0.718  8.100000e-02 0.312 0.000000e+00  120.8014   -4.066499e-04 1 11      !PSLo   16     -5.2340e-3   -5.2340e-3    dR = 186  dZ = 312 alp = 90+360/2/pi*atan(186/312)
9
2.019 -0.718 8.900000e-02 0.312 0.000000e+00 57.9946    1.573201e-03 1 12      !PSLu   17     18.7740e-3   18.7740e-3   dR = 195 dZ = 312 alp = 270-360/2/pi*atan(195/312)
