113
   2.1898    0.0836
    2.1920    0.1201
    2.1939    0.1570
    2.1938    0.1942
    2.1915    0.2317
    2.1920    0.2706
    2.1934    0.3112
    2.1922    0.3524
    2.1881    0.3941
    2.1768    0.4336
    2.1632    0.4729
    2.1471    0.5116
    2.1299    0.5509
    2.1114    0.5905
    2.0902    0.6294
    2.0670    0.6681
    2.0428    0.7079
    2.0158    0.7468
    1.9863    0.7850
    1.9554    0.8245
    1.9215    0.8626
    1.8850    0.9002
    1.8462    0.9378
    1.8042    0.9735
    1.7596    1.0089
    1.7119    1.0421
    1.6612    1.0730
    1.6076    1.1012
    1.5512    1.1243
    1.4926    1.1426
    1.4324    1.1531
    1.3719    1.1532
    1.3128    1.1423
    1.2570    1.1181
    1.2072    1.0791
    1.1660    1.0247
    1.1334    0.9610
    1.1085    0.8932
    1.0905    0.8244
    1.0773    0.7585
    1.0677    0.6964
    1.0604    0.6390
    1.0562    0.5847
    1.0505    0.5372
    1.0485    0.4908
    1.0470    0.4479
    1.0428    0.4099
    1.0414    0.3727
    1.0425    0.3363
    1.0414    0.3031
    1.0384    0.2720
    1.0372    0.2413
    1.0380    0.2111
    1.0405    0.1814
    1.0387    0.1533
    1.0366    0.1254
    1.0360    0.0975
    1.0369    0.0697
    1.0394    0.0420
    1.0399    0.0141
    1.0377   -0.0148
    1.0373   -0.0441
    1.0385   -0.0737
    1.0415   -0.1036
    1.0424   -0.1354
    1.0412   -0.1698
    1.0424   -0.2049
    1.0460   -0.2407
    1.0484   -0.2796
    1.0493   -0.3229
    1.0536   -0.3671
    1.0586   -0.4149
    1.0634   -0.4683
    1.0725   -0.5229
    1.0818   -0.5847
    1.0961   -0.6480
    1.1150   -0.7439
    1.1408   -0.8777
    1.1743   -0.9064
    1.2157   -0.9562
    1.2644   -1.0235
    1.3192   -1.1446
    1.3769   -1.2536
    1.4356   -1.2527
    1.4940   -1.2424
    1.5508   -1.2244
    1.6054   -1.2022
    1.6574   -1.1752
    1.7065   -1.1456
    1.7529   -1.0139
    1.7963   -0.9200
    1.8372   -0.8059
    1.8753   -0.7101
    1.9144   -0.6811
    1.9560   -0.6583
    1.9795   -0.6072
    2.0037   -0.5628
    2.0308   -0.5259
    2.0553   -0.4880
    2.0778   -0.4500
    2.0996   -0.4129
    2.1189   -0.3750
    2.1358   -0.3366
    2.1526   -0.2991
    2.1675   -0.2613
    2.1801   -0.2231
    2.1895   -0.1841
    2.1926   -0.1437
    2.1932   -0.1037
    2.1914   -0.0645
    2.1874   -0.0259
    2.1811    0.0116
    2.1727    0.0482
2.1898 1.0360 1.1532 -1.2527


47
	1.95   -0.67
 2.19    0.1000
    2.19    0.2469
    2.1889    0.3910
    2.1388    0.5294
    2.0718    0.6595
    1.9909    0.7787
    1.8997    0.8847
    1.8018    0.9754
    1.7011    1.0490
    1.6012    1.1043
    1.5054    1.1399
    1.4163    1.1553
    1.3361    1.1502
    1.2662    1.1247
    1.2073    1.0792
    1.1591    1.0147
    1.1214    0.9324
    1.0929    0.8338
    1.0723    0.7210
    1.0581    0.5962
    1.0491    0.4616
    1.0438    0.3200
    1.0414    0.1742
    1.0414    0.0269
    1.0438   -0.1190
    1.0490   -0.2606
    1.0580   -0.3952
    1.0722   -0.5202
    1.0927   -0.6331
    1.1211   -0.7317
    1.1588   -0.8142
    1.2068   -0.8788
    1.2658   -0.9245
    1.3356   -0.9501
    1.4157   -0.9554
    1.5047   -0.9401
    1.6004   -0.9046
    1.7003   -0.8495
    1.8011   -0.7760
    1.8990   -0.6854
    1.9903   -0.5795
    2.0712   -0.4604
    2.1383   -0.3304
    2.1886   -0.1920
    2.19   -0.0480
    2.19    0.0989




46
  2.1800    0.1000
    2.1704    0.2469
    2.1420    0.3910
    2.0961    0.5294
    2.0347    0.6595
    1.9605    0.7787
    1.8766    0.8847
    1.7865    0.9754
    1.6935    1.0490
    1.6011    1.1043
    1.5123    1.1399
    1.4296    1.1553
    1.3550    1.1502
    1.2899    1.1247
    1.2350    1.0792
    1.1901    1.0147
    1.1549    0.9324
    1.1283    0.8338
    1.1091    0.7210
    1.0959    0.5962
    1.0875    0.4616
    1.0825    0.3200
    1.0803    0.1742
    1.0803    0.0269
    1.0825   -0.1190
    1.0874   -0.2606
    1.0958   -0.3952
    1.1090   -0.5202
    1.1281   -0.6331
    1.1546   -0.7317
    1.1898   -0.8142
    1.2346   -0.8788
    1.2895   -0.9245
    1.3545   -0.9501
    1.4290   -0.9554
    1.5117   -0.9401
    1.6004   -0.9046
    1.6928   -0.8495
    1.7858   -0.7760
    1.8760   -0.6854
    1.9599   -0.5795
    2.0342   -0.4604
    2.0957   -0.3304
    2.1417   -0.1920
    2.1703   -0.0480
    2.1800    0.0989


50
1.049 0.166  
1.049 0.  
1.049 -0.166  
1.1 -0.59  
1.1 0.59  
2.01 -0.7
2.1 0.7
2.3   0.
  1.0445    1.0220
    1.0755    1.0740
    1.1115    1.1222
    1.1525    1.1667
    1.1978    1.2063
    1.2472    1.2408
    1.3000    1.2695
    1.3560    1.2925
    1.4138    1.3095
    1.4732    1.3205
    1.5333    1.3250
    1.5938    1.3230
    1.6533    1.3148
    1.7118    1.3002
    1.7680    1.2795
    1.8220    1.2525
    1.8830    1.2152
    1.9510    1.1678
    2.0125    1.1200
    2.0675    1.0720
    2.1200    1.0215
    2.1200   -1.0215
    2.0675   -1.0720
    2.0125   -1.1200
    1.9510   -1.1678
    1.8830   -1.2152
    1.8220   -1.2525
    1.7680   -1.2795
    1.7118   -1.3002
    1.6533   -1.3148
    1.5938   -1.3230
    1.5333   -1.3250
    1.4732   -1.3205
    1.4138   -1.3095
    1.3560   -1.2925
    1.3000   -1.2695
    1.2472   -1.2408
    1.1978   -1.2063
    1.1525   -1.1667
    1.1115   -1.1222
    1.0755   -1.0740
    1.0445   -1.0220


51
1.049 0.166  
1.049 0.  
1.049 -0.166  
1.1 -0.59  
1.1 0.59  
2.01 -0.7
2.1 0.7
2.5   0.
2.3   0.
  1.0445    1.0220
    1.0755    1.0740
    1.1115    1.1222
    1.1525    1.1667
    1.1978    1.2063
    1.2472    1.2408
    1.3000    1.2695
    1.3560    1.2925
    1.4138    1.3095
    1.4732    1.3205
    1.5333    1.3250
    1.5938    1.3230
    1.6533    1.3148
    1.7118    1.3002
    1.7680    1.2795
    1.8220    1.2525
    1.8830    1.2152
    1.9510    1.1678
    2.0125    1.1200
    2.0675    1.0720
    2.1200    1.0215
    2.1200   -1.0215
    2.0675   -1.0720
    2.0125   -1.1200
    1.9510   -1.1678
    1.8830   -1.2152
    1.8220   -1.2525
    1.7680   -1.2795
    1.7118   -1.3002
    1.6533   -1.3148
    1.5938   -1.3230
    1.5333   -1.3250
    1.4732   -1.3205
    1.4138   -1.3095
    1.3560   -1.2925
    1.3000   -1.2695
    1.2472   -1.2408
    1.1978   -1.2063
    1.1525   -1.1667
    1.1115   -1.1222
    1.0755   -1.0740
    1.0445   -1.0220


91
  2.1800    0.1000
    2.1776    0.1737
    2.1704    0.2469
    2.1585    0.3195
    2.1420    0.3910
    2.1211    0.4611
    2.0961    0.5294
    2.0672    0.5957
    2.0347    0.6595
    1.9990    0.7206
    1.9605    0.7787
    1.9195    0.8335
    1.8766    0.8847
    1.8321    0.9320
    1.7865    0.9754
    1.7401    1.0144
    1.6935    1.0490
    1.6470    1.0790
    1.6011    1.1043
    1.5561    1.1246
    1.5123    1.1399
    1.4700    1.1502
    1.4296    1.1553
    1.3912    1.1554
    1.3550    1.1502
    1.3213    1.1400
    1.2899    1.1247
    1.2612    1.1044
    1.2350    1.0792
    1.2113    1.0493
    1.1901    1.0147
    1.1713    0.9757
    1.1549    0.9324
    1.1405    0.8850
    1.1283    0.8338
    1.1178    0.7791
    1.1091    0.7210
    1.1018    0.6600
    1.0959    0.5962
    1.0912    0.5299
    1.0875    0.4616
    1.0846    0.3915
    1.0825    0.3200
    1.0811    0.2475
    1.0803    0.1742
    1.0800    0.1005
    1.0803    0.0269
    1.0811   -0.0464
    1.0825   -0.1190
    1.0846   -0.1905
    1.0874   -0.2606
    1.0911   -0.3290
    1.0958   -0.3952
    1.1017   -0.4591
    1.1090   -0.5202
    1.1177   -0.5783
    1.1281   -0.6331
    1.1404   -0.6843
    1.1546   -0.7317
    1.1711   -0.7751
    1.1898   -0.8142
    1.2110   -0.8488
    1.2346   -0.8788
    1.2608   -0.9041
    1.2895   -0.9245
    1.3208   -0.9398
    1.3545   -0.9501
    1.3907   -0.9553
    1.4290   -0.9554
    1.4694   -0.9503
    1.5117   -0.9401
    1.5554   -0.9248
    1.6004   -0.9046
    1.6464   -0.8794
    1.6928   -0.8495
    1.7394   -0.8150
    1.7858   -0.7760
    1.8314   -0.7327
    1.8760   -0.6854
    1.9189   -0.6342
    1.9599   -0.5795
    1.9985   -0.5215
    2.0342   -0.4604
    2.0667   -0.3966
    2.0957   -0.3304
    2.1208   -0.2621
    2.1417   -0.1920
    2.1583   -0.1206
    2.1703   -0.0480
    2.1775    0.0253
    2.1800    0.0989


95
    2.2135    0.1472
    2.2054    0.2212
    2.1    0.2951
    2.06    0.3686
    2.05    0.4412
    2.04    0.5127
    2.02    0.5828
    2.01    0.6510
    2.0      0.7170
    1.9    0.7805
    1.88    0.8412
    1.8720    0.8987
    1.8371    0.9528
    1.82      1.0031
    1.8000    1.0494
    1.7877    1.0914
    1.7875    1.1288
    1.7487    1.1615
    1.7098    1.1893
    1.6711    1.2120
    1.6326    1.2295
    1.5947    1.2417
    1.5574    1.2485
    1.5205    1.2498
    1.4832    1.2458
    1.4471    1.2363
    1.4122    1.2214
    1.3787    1.2013
    1.3466    1.1761
    1.3161    1.1458
    1.2872    1.1107
    1.2600    1.0710
    1.2345    1.0268
    1.2107    0.9785
    1.1886    0.9263
    1.1682    0.8704
    1.1495    0.8113
    1.1325    0.7491
    1.1172    0.6843
    1.1036    0.6172
    1.0915    0.5480
    1.0811    0.4772
    1.0722    0.4051
    1.0648    0.3320
    1.0589    0.2583
    1.0545    0.1843
    1.0516    0.1103
    1.0502    0.0366
    1.0502   -0.0363
    1.0516   -0.1084
    1.0545   -0.1791
    1.0589   -0.2484
    1.0648   -0.3160
    1.0721   -0.3816
    1.0810   -0.4449
    1.0915   -0.5059
    1.1035   -0.5643
    1.1172   -0.6199
    1.1325   -0.6726
    1.1495   -0.7223
    1.1681   -0.7688
    1.1885   -0.8120
    1.2106   -0.8518
    1.2344   -0.8881
    1.2600   -0.9209
    1.2872   -0.9501
    1.3161   -0.9756
    1.3466   -0.9974
    1.3786   -1.0155
    1.4121   -1.0298
    1.4470   -1.0403
    1.4832   -1.0470
    1.5205   -1.0499
    1.5573   -1.0352
    1.5946   -1.0120
    1.6326   -0.9852
    1.6710   -0.9548
    1.7098   -0.9209
    1.7487   -0.8836
    1.7874   -0.8429
    1.8259   -0.7991
    1.8638   -0.7521
    1.9010   -0.7023
    1.9371   -0.6495
    1.9719   -0.5941
    2.0053   -0.5362
    2.0370   -0.4758
    2.0668   -0.4133
    2.0944   -0.3486
    2.1197   -0.2822
    2.1425   -0.2140
    2.1626   -0.1445
    2.1798   -0.0737
    2.1941   -0.0019
    2.2054    0.0706

65
	2. 0.6
	2. -0.6
	2.05 0.5
	2.05 -0.5
	2.1 0.4
	2.1 -0.4
	2.15 0.3
	2.15 -0.3
	2.17 0.2
	2.17 -0.2
	2.18 0.1
	2.18 -0.1
	2.2 0.
    1.7201    1.2408
    1.6920    1.2531
    1.6641    1.2592
    1.6292    1.2592
    1.5874    1.2531
    1.5460    1.2409
    1.5050    1.2227
    1.4648    1.1984
    1.4254    1.1684
    1.3872    1.1327
    1.3502    1.0914
    1.3147    1.0448
    1.2808    0.9932
    1.2487    0.9367
    1.2186    0.8756
    1.1905    0.8103
    1.1647    0.7410
    1.1413    0.6681
    1.1204    0.5920
    1.1020    0.5130
    1.0863    0.4315
    1.0733    0.3479
    1.0632    0.2625
    1.0559    0.1760
    1.0515    0.0885
    1.0500    0.0006
    1.0514   -0.0873
    1.0558   -0.1747
    1.0630   -0.2613
    1.0732   -0.3466
    1.0861   -0.4303
    1.1017   -0.5118
    1.1201   -0.5909
    1.1410   -0.6671
    1.1644   -0.7400
    1.1901   -0.8093
    1.2181   -0.8747
    1.2482   -0.9358
    1.2803   -0.9924
    1.3142   -1.0441
    1.3497   -1.0908
    1.3866   -1.1321
    1.4249   -1.1679
    1.4642   -1.1981
    1.5044   -1.2224
    1.5454   -1.2407
    1.5868   -1.2530
    1.6286   -1.2592
    1.6568   -1.2593
    1.6710   -1.2532
    1.6856   -1.2410
    1.7011   -1.2228



51
1.049 0.166  
1.049 0.  
1.049 -0.166  
1.1 -0.59  
1.1 0.59  
2.01 -0.7
2.1 0.7
2.5   0.
2.3   0.
  1.0445    1.0220
    1.0755    1.0740
    1.1115    1.1222
    1.1525    1.1667
    1.1978    1.2063
    1.2472    1.2408
    1.3000    1.2695
    1.3560    1.2925
    1.4138    1.3095
    1.4732    1.3205
    1.5333    1.3250
    1.5938    1.3230
    1.6533    1.3148
    1.7118    1.3002
    1.7680    1.2795
    1.8220    1.2525
    1.8830    1.2152
    1.9510    1.1678
    2.0125    1.1200
    2.0675    1.0720
    2.1200    1.0215
    2.1200   -1.0215
    2.0675   -1.0720
    2.0125   -1.1200
    1.9510   -1.1678
    1.8830   -1.2152
    1.8220   -1.2525
    1.7680   -1.2795
    1.7118   -1.3002
    1.6533   -1.3148
    1.5938   -1.3230
    1.5333   -1.3250
    1.4732   -1.3205
    1.4138   -1.3095
    1.3560   -1.2925
    1.3000   -1.2695
    1.2472   -1.2408
    1.1978   -1.2063
    1.1525   -1.1667
    1.1115   -1.1222
    1.0755   -1.0740
    1.0445   -1.0220


51
1.049 0.166  
1.049 0.  
1.049 -0.166  
1.1 -0.59  
1.1 0.59  
2.01 -0.7
2.1 0.7
2.5   0.
2.3   0.
  1.0445    1.0220
    1.0755    1.0740
    1.1115    1.1222
    1.1525    1.1667
    1.1978    1.2063
    1.2472    1.2408
    1.3000    1.2695
    1.3560    1.2925
    1.4138    1.3095
    1.4732    1.3205
    1.5333    1.3250
    1.5938    1.3230
    1.6533    1.3148
    1.7118    1.3002
    1.7680    1.2795
    1.8220    1.2525
    1.8830    1.2152
    1.9510    1.1678
    2.0125    1.1200
    2.0675    1.0720
    2.1200    1.0215
    2.1200   -1.0215
    2.0675   -1.0720
    2.0125   -1.1200
    1.9510   -1.1678
    1.8830   -1.2152
    1.8220   -1.2525
    1.7680   -1.2795
    1.7118   -1.3002
    1.6533   -1.3148
    1.5938   -1.3230
    1.5333   -1.3250
    1.4732   -1.3205
    1.4138   -1.3095
    1.3560   -1.2925
    1.3000   -1.2695
    1.2472   -1.2408
    1.1978   -1.2063
    1.1525   -1.1667
    1.1115   -1.1222
    1.0755   -1.0740
    1.0445   -1.0220

95
    2.2135    0.1472
    2.2054    0.2212
    2.1    0.2951
    2.06    0.3686
    2.05    0.4412
    2.04    0.5127
    2.02    0.5828
    2.01    0.6510
    2.0      0.7170
    1.9    0.7805
    1.88    0.8412
    1.8720    0.8987
    1.8371    0.9528
    1.82      1.0031
    1.8000    1.0494
    1.7877    1.0914
    1.7875    1.1288
    1.7487    1.1615
    1.7098    1.1893
    1.6711    1.2120
    1.6326    1.2295
    1.5947    1.2417
    1.5574    1.2485
    1.5205    1.2498
    1.4832    1.2458
    1.4471    1.2363
    1.4122    1.2214
    1.3787    1.2013
    1.3466    1.1761
    1.3161    1.1458
    1.2872    1.1107
    1.2600    1.0710
    1.2345    1.0268
    1.2107    0.9785
    1.1886    0.9263
    1.1682    0.8704
    1.1495    0.8113
    1.1325    0.7491
    1.1172    0.6843
    1.1036    0.6172
    1.0915    0.5480
    1.0811    0.4772
    1.0722    0.4051
    1.0648    0.3320
    1.0589    0.2583
    1.0545    0.1843
    1.0516    0.1103
    1.0502    0.0366
    1.0502   -0.0363
    1.0516   -0.1084
    1.0545   -0.1791
    1.0589   -0.2484
    1.0648   -0.3160
    1.0721   -0.3816
    1.0810   -0.4449
    1.0915   -0.5059
    1.1035   -0.5643
    1.1172   -0.6199
    1.1325   -0.6726
    1.1495   -0.7223
    1.1681   -0.7688
    1.1885   -0.8120
    1.2106   -0.8518
    1.2344   -0.8881
    1.2600   -0.9209
    1.2872   -0.9501
    1.3161   -0.9756
    1.3466   -0.9974
    1.3786   -1.0155
    1.4121   -1.0298
    1.4470   -1.0403
    1.4832   -1.0470
    1.5205   -1.0499
    1.5573   -1.0352
    1.5946   -1.0120
    1.6326   -0.9852
    1.6710   -0.9548
    1.7098   -0.9209
    1.7487   -0.8836
    1.7874   -0.8429
    1.8259   -0.7991
    1.8638   -0.7521
    1.9010   -0.7023
    1.9371   -0.6495
    1.9719   -0.5941
    2.0053   -0.5362
    2.0370   -0.4758
    2.0668   -0.4133
    2.0944   -0.3486
    2.1197   -0.2822
    2.1425   -0.2140
    2.1626   -0.1445
    2.1798   -0.0737
    2.1941   -0.0019
    2.2054    0.0706

