103
7.2138 -2.8961 642.411 0.69759 0
7.1895 -2.8749 10000 0.66539 0
3.7386 -2.6698 401.657 0.22819 0
3.5489 0.28874 570.567 0.17682 0
3.5489 0.80982 570.567 0.17682 0
3.5489 1.3309 570.567 0.17682 0
3.5489 1.852 570.567 0.17682 0
3.5489 2.3731 570.567 0.17682 0
3.5489 2.8941 570.567 0.17682 0
3.5519 3.4151 571.21 0.18552 0
3.611 3.9286 583.548 0.2978 0
3.8009 4.4039 613.878 0.38936 0
4.1318 4.7944 667.778 0.4069 0
4.5685 5.0617 738.154 0.35677 0
5.0668 5.1779 818.316 0.22162 0
5.5765 5.13 901.366 0.31177 0
6.0501 4.9311 974.98 0.39007 0
6.4872 4.649 1042.97 0.39989 0
6.9131 4.3489 1111.69 0.40202 0
7.3212 4.0261 1177.68 0.40903 0
7.6959 3.6653 1237.87 0.41035 0
8.0312 3.2677 1291.89 0.40444 0
8.3243 2.838 1339.02 0.39178 0
8.5718 2.3806 1378.75 0.37123 0
8.7702 1.8998 1410.94 0.34273 0
8.9078 1.3991 1434.02 0.28964 0
8.9766 0.88414 1443.77 0.22387 0
8.9881 0.36396 1445.62 0.19487 0
8.9402 -0.15303 1440.5 0.27279 0
8.8017 -0.65114 1416.87 0.35513 0
8.5964 -1.1295 1382.07 0.36789 0
8.3796 -1.6034 1347.21 0.36792 0
8.1628 -2.0772 1312.36 0.36789 0
7.946 -2.5511 1277.51 0.36792 0
7.7292 -3.0249 1242.65 0.36789 0
7.511 -3.4981 1207.68 0.36939 0
7.2618 -3.9538 1170 0.39389 0
6.9413 -4.3599 1117.94 0.41016 0
6.5439 -4.691 1053.98 0.39737 0
6.0868 -4.9333 980.737 0.35572 0
5.5901 -5.0775 900.701 0.28199 0
5.0752 -5.1094 819.073 0.21594 0
4.5755 -4.998 739.199 0.35401 0
4.1365 -4.7347 668.651 0.40643 0
3.8032 -4.3465 614.299 0.39026 0
3.6116 -3.8721 583.668 0.29855 0
3.5519 -3.3587 571.22 0.18562 0
3.5489 -2.8378 570.567 0.17682 0
3.5489 -2.3167 570.567 0.17682 0
3.5489 -1.7956 570.567 0.17682 0
3.5489 -1.2745 570.567 0.17682 0
3.5489 -0.75342 570.567 0.17682 0
3.5489 -0.23234 570.567 0.17682 0
6.4992 5.3385 932.133 0.41328 0
7.0099 5.0566 1005.41 0.43533 0
7.4891 4.7241 1074.19 0.44925 0
7.932 4.3444 1137.74 0.45517 0
8.3337 3.9215 1195.39 0.45318 0
8.6903 3.4599 1246.55 0.44327 0
8.9979 2.9644 1290.68 0.4253 0
9.2533 2.44 1327.33 0.399 0
9.454 1.8923 1356.1 0.36384 0
9.5974 1.327 1376.75 0.31802 0
9.6725 0.74935 1388.41 0.23729 0
9.6629 0.1676 1387.03 0.25997 0
9.5623 -0.40548 1372.6 0.34381 0
9.3783 -0.9581 1345.12 0.39554 0
9.1491 -1.4955 1311.68 0.40309 0
8.9133 -2.0301 1277.86 0.40311 0
8.6774 -2.5647 1244.05 0.40309 0
8.4415 -3.0994 1210.23 0.40311 0
8.2032 -3.6328 1176.17 0.40576 0
7.9268 -4.1456 1137.94 0.43645 0
7.5723 -4.6061 1087 0.45457 0
7.1395 -4.9938 1024.9 0.4469 0
6.643 -5.2959 953.693 0.41325 0
6.0998 -5.5021 875.747 0.35177 0
5.528 -5.6055 793.696 0.25454 0
4.9487 -5.5933 712.01 0.28071 0
4.3955 -5.4344 632.878 0.40567 0
3.9155 -5.1178 563.825 0.4529 0
3.5533 -4.6713 511.699 0.42878 0
3.3424 -4.1364 481.372 0.32939 0
3.2749 -3.5606 469.613 0.19758 0
3.2715 -2.9764 469.022 0.18725 0
3.2715 -2.392 469.022 0.18725 0
3.2715 -1.8077 469.022 0.18725 0
3.2715 -1.2233 469.022 0.18725 0
3.2715 -0.63898 469.022 0.18725 0
3.2715 -0.05463 469.022 0.18725 0
3.2715 0.52972 469.022 0.18725 0
3.2715 1.1141 469.022 0.18725 0
3.2715 1.6984 469.022 0.18725 0
3.2715 2.2828 469.022 0.18725 0
3.2715 2.8671 469.022 0.18725 0
3.2715 3.4515 469.022 0.18725 0
3.312 4.0319 476.624 0.28656 0
3.4792 4.5821 500.784 0.41125 0
3.8079 5.0536 548.123 0.45383 0
4.2664 5.4002 614.352 0.42077 0
4.8086 5.5947 691.471 0.31826 0
5.3852 5.6398 774.175 0.22252 0
5.9565 5.5469 856.041 0.35515 0
