-1 0.1
-1 
2         13.5            0      13.4846     0.490523            0            0 
2      13.4846     0.490523      13.4385     0.978946            0            0 
2      13.4385     0.978946      13.3622      1.46318            0            0 
2      13.3622      1.46318      13.2562      1.94114            0            0 
2      13.2562      1.94114      13.1217       2.4108            0            0 
2      13.1217       2.4108      12.9598      2.87013            0            0 
2      12.9598      2.87013      12.7718      3.31717            0            0 
2      12.7718      3.31717      12.5596         3.75            0            0 
2      12.5596         3.75      12.3249      4.16678            0            0 
2      12.3249      4.16678      12.0698      4.56571            0            0 
2      12.0698      4.56571      11.7964      4.94509            0            0 
2      11.7964      4.94509       11.507       5.3033            0            0 
2       11.507       5.3033       11.204       5.6388            0            0 
2       11.204       5.6388      10.8897      5.95015            0            0 
2      10.8897      5.95015      10.5668      6.23602            0            0 
2      10.5668      6.23602      10.2375      6.49519            0            0 
2      10.2375      6.49519      9.90439      6.72655            0            0 
2      9.9044      6.7265      9.5698      6.9291           0           0 
2      9.5698      6.9291       9.236       7.102           0           0 
2       9.236       7.102      8.9051      7.2444           0           0 
2      8.9051      7.2444      8.5793      7.3559           0           0 
2      8.5793      7.3559      8.2604      7.4358           0           0 
2      8.2604      7.4358      7.9501      7.4839           0           0 
2      7.9501      7.4839        7.65         7.5           0           0 
2        7.65         7.5      7.3615      7.4839           0           0 
2      7.3615      7.4839      7.0856      7.4358           0           0 
2      7.0856      7.4358      6.8235      7.3559           0           0 
2      6.8235      7.3559      6.5757      7.2444           0           0 
2      6.5757      7.2444       6.343       7.102           0           0 
2       6.343       7.102      6.1256      6.9291           0           0 
2      6.1256      6.9291      5.9238      6.7265           0           0 
2      5.9238      6.7265      5.7375      6.4952           0           0 
2      5.7375      6.4952      5.5666       6.236           0           0 
2      5.5666       6.236      5.4109      5.9502           0           0 
2      5.4109      5.9502      5.2698      5.6388           0           0 
2      5.2698      5.6388       5.143      5.3033           0           0 
2       5.143      5.3033      5.0298      4.9451           0           0 
2      5.0298      4.9451      4.9296      4.5657           0           0 
2      4.9296      4.5657      4.8417      4.1668           0           0 
2      4.8417      4.1668      4.7654        3.75           0           0 
2      4.7654        3.75         4.7      3.3172           0           0 
2         4.7      3.3172      4.6448      2.8701           0           0 
2      4.6448      2.8701      4.5993      2.4108           0           0 
2      4.5993      2.4108      4.5629      1.9411           0           0 
2      4.5629      1.9411      4.5351      1.4632           0           0 
2      4.5351      1.4632      4.5155     0.97895           0           0 
2      4.5155     0.97895      4.5039     0.49052           0           0 
2      4.5039     0.49052         4.5  9.1849e-16           0           0 
2         4.5  9.1849e-16      4.5039    -0.49052           0           0 
2      4.5039    -0.49052      4.5155    -0.97895           0           0 
2      4.5155    -0.97895      4.5351     -1.4632           0           0 
2      4.5351     -1.4632      4.5629     -1.9411           0           0 
2      4.5629     -1.9411      4.5993     -2.4108           0           0 
2      4.5993     -2.4108      4.6448     -2.8701           0           0 
2      4.6448     -2.8701         4.7     -3.3172           0           0 
2         4.7     -3.3172      4.7654       -3.75           0           0 
2      4.7654       -3.75      4.8417     -4.1668           0           0 
2      4.8417     -4.1668      4.9296     -4.5657           0           0 
2      4.9296     -4.5657      5.0298     -4.9451           0           0 
2      5.0298     -4.9451       5.143     -5.3033           0           0 
2       5.143     -5.3033      5.2698     -5.6388           0           0 
2      5.2698     -5.6388      5.4109     -5.9502           0           0 
2      5.4109     -5.9502      5.5666      -6.236           0           0 
2      5.5666      -6.236      5.7375     -6.4952           0           0 
2      5.7375     -6.4952      5.9238     -6.7265           0           0 
2      5.9238     -6.7265      6.1256     -6.9291           0           0 
2      6.1256     -6.9291       6.343      -7.102           0           0 
2       6.343      -7.102      6.5757     -7.2444           0           0 
2      6.5757     -7.2444      6.8235     -7.3559           0           0 
2      6.8235     -7.3559      7.0856     -7.4358           0           0 
2      7.0856     -7.4358      7.3615     -7.4839           0           0 
2      7.3615     -7.4839        7.65        -7.5           0           0 
2        7.65        -7.5      7.9501     -7.4839           0           0 
2      7.9501     -7.4839      8.2604     -7.4358           0           0 
2      8.2604     -7.4358      8.5793     -7.3559           0           0 
2      8.5793     -7.3559      8.9051     -7.2444           0           0 
2      8.9051     -7.2444       9.236      -7.102           0           0 
2       9.236      -7.102      9.5698     -6.9291           0           0 
2      9.5698     -6.9291      9.9044     -6.7265           0           0 
2      9.90439     -6.72655      10.2375     -6.49519            0            0 
2      10.2375     -6.49519      10.5668     -6.23602            0            0 
2      10.5668     -6.23602      10.8897     -5.95015            0            0 
2      10.8897     -5.95015       11.204      -5.6388            0            0 
2       11.204      -5.6388       11.507      -5.3033            0            0 
2       11.507      -5.3033      11.7964     -4.94509            0            0 
2      11.7964     -4.94509      12.0698     -4.56571            0            0 
2      12.0698     -4.56571      12.3249     -4.16678            0            0 
2      12.3249     -4.16678      12.5596        -3.75            0            0 
2      12.5596        -3.75      12.7718     -3.31717            0            0 
2      12.7718     -3.31717      12.9598     -2.87013            0            0 
2      12.9598     -2.87013      13.1217      -2.4108            0            0 
2      13.1217      -2.4108      13.2562     -1.94114            0            0 
2      13.2562     -1.94114      13.3622     -1.46318            0            0 
2      13.3622     -1.46318      13.4385    -0.978946            0            0 
2      13.4385    -0.978946      13.4846    -0.490523            0            0 
2      13.4846    -0.490523         13.5            0            0            0 
