14 1 
21
1.687 5.464 0.74 2.093 0. 90 0.0033814 554 1
21
1.687 3.278 0.74 2.093 0. 90 -0.019652 554 2
21
1.687 1.092 0.74 2.093 0. 90 -0.040468 554 3
21
1.687 -1.072 0.74 2.093 0. 90 -0.040468 554 3
21
1.687 -3.258 0.74 2.093 0. 90 -0.019466 554 4
21
1.687 -5.444 0.74 2.093 0. 90 0.0065107 554 5
21
3.9431 7.5737 0.959 0.9841 0. 90 0.017668 249 6
21
8.2847 6.5398 0.5801 0.7146 0. 90 -0.020838 115 7
21
11.9923 3.2752 0.6963 0.9538 0. 90 -0.032881 186 8
21
11.9628 -2.2336 0.6382 0.9538 0. 90 -0.026739 170 9
21
8.391 -6.7265 0.8125 0.9538 0. 90 -0.038086 217 10
21
4.334 -7.466 1.559 1.1075 0. 90 0.037817 459 11
21
5.8261 4.9249 0.17312 0.17491 0. 63.875 -0.0023545 1 12
21
7.5222 -2.4912 0.18204 0.18275 0. 52.235 -0.0023545 1 13
