1
    8.8420   -6.0640    2.0830 1.

52  
    8.8420   -6.0640    2.0830
    8.2935   -6.3724   -3.0036
    8.3972   -7.1198    1.2603
    7.7397   -6.9089    1.2271
    7.0504   -6.6622    1.2500
    6.3434   -6.4273   -0.2031
    6.4835   -5.7470    0.7145
    6.0833   -5.2855    0.0263
    6.0634   -4.5275    0.0692
    6.0129   -3.8000    0.0700
    5.9620   -3.0729    0.0698
    5.9111   -2.3458    0.0692
    5.8608   -1.6186    0.0406
    5.8312   -0.8908    0.0002
    5.8310   -0.1619   -0.0002
    5.8311    0.5670   -0.0174
    5.8438    1.2955   -0.0713
    5.8957    2.0226   -0.0701
    5.9468    2.7497   -0.0696
    5.9974    3.4768   -0.0687
    6.0475    4.2040   -0.1718
    6.1718    4.9203   -0.4964
    6.5170    5.5574   -1.0642
    7.1454    5.9061   -1.5708
    7.8597    5.8220   -1.5708
    8.5166    5.5066   -2.1141
    9.1404    5.1299   -2.2076
    9.7262    4.6966   -2.3021
   10.2686    4.2100   -2.4051
   10.7579    3.6703   -2.5275
   11.1778    3.0748   -2.6532
   11.5196    2.4315   -2.7758
   11.7801    1.7512   -2.9009
   11.9538    1.0437   -3.0258
   12.0379    0.3200    3.1278
   12.0279   -0.4083    2.9653
   11.9002   -1.1251    2.7986
   11.6553   -1.8110    2.6314
   11.2996   -2.4464    2.5448
   10.8900   -3.0494    2.5450
   10.4805   -3.6524    2.5438
   10.0703   -4.2549    2.5458
    9.6613   -4.8582    2.5438
    9.2510   -5.4607    2.5459
    6.9000   -5.7500   -0.7854
    8.4000   -6.1000   -2.3562
    7.0000   -6.5000    2.3562
   11.4757    2.3872         0
   11.6365    1.7513         0
   11.7184    1.1009         0
   11.7284    0.4447         0
   11.6717   -0.2090         0
