56
6.2661 -3.0434 
7.2824 -2.2544 
7.9002 -1.3372 
8.3057 -0.42 
8.3938 0.6354 
8.2697 1.6847 
7.9062 2.4647 
7.4015 3.1796 
6.5524 3.9256 
5.7534 4.5344 
4.9354 4.7196 
4.3246 4.3371 
4.1253 3.5852 
4.1053 2.5719 
4.1053 1.5566 
4.1053 0.5402 
4.1053 -0.4761 
4.1053 -1.4914 
4.1053 -2.5037 
3.9421 -2.5357 
4.1146 -2.5462 
4.2141 -2.5774 
4.3053 -2.6279 
4.3844 -2.6958 
4.4483 -2.7781 
4.4943 -2.8716 
4.5205 -2.9725 
4.526 -3.0766 
4.5104 -3.1796 
4.4745 -3.2775 
4.1624 -3.9175 
4.1882 -3.8826 
4.4915 -3.9065 
4.6453 -3.7432 
4.7279 -3.7169 
4.8139 -3.7064 
4.9004 -3.712 
4.9843 -3.7335 
5.0628 -3.7702 
5.1332 -3.8209 
5.1929 -3.8836 
5.2526 -3.9824 
5.2723 -4.2608 
5.5566 -4.545 
5.5642 -4.5743 
5.5642 -3.9235 
5.5692 -3.7933 
5.5892 -3.6962 
5.6373 -3.5751 
5.7084 -3.4669 
5.7995 -3.3748 
5.9076 -3.3027 
6.0278 -3.2536 
6.1549 -3.2296 
6.2651 -3.2286 
6.3632 -3.2446 
8.3938 3.9421 4.7196 -4.5743 
