!
  1
ZRD1          0.0000e+00  2.0000e+00  1.0000e+00  6.0000e+01
  6.6339e-01  2.5788e-01  7.8730e-02  1.0000E+00  8.1000E+01
 -1.9575e-01  6.6067e-01  4.1067e-01  8.5490e-02  1.0000e+00
  4.0000e+00  2.0000e+00  4.0000e+00  2.0000e+00  0.0000e+00
  2
ZRD2          0.0000e+00  2.0000e+00  1.0000e+00  6.0000e+01
  6.6339e-01  2.5788e-01  7.8730e-02  1.0000E+00  8.1000E+01
 -1.8668e-01  1.1066e+00  7.5663e-01  8.5490e-02  1.0000e+00
  4.0000e+00  2.0000e+00  4.0000e+00  2.0000e+00  0.0000e+00
  3
ZRD3          0.0000e+00  2.0000e+00  1.0000e+00  5.8973e+01
  6.6339e-01  2.5788e-01  7.8730e-02  1.0000E+00  8.1000E+01
  1.8668e-01  1.1066e+00  7.5663e-01 -8.5490e-02  1.0000e+00
  4.0000e+00  2.0000e+00  4.0000e+00  2.0000e+00  0.0000e+00
  4
ZRD4          0.0000e+00  2.0000e+00  1.0000e+00  6.0000e+01
  6.6339e-01  2.5788e-01  7.8730e-02  1.0000E+00  8.1000E+01
  1.9575e-01  6.6067e-01  4.1067e-01 -8.5490e-02  1.0000e+00
  4.0000e+00  2.0000e+00  4.0000e+00  2.0000e+00  0.0000e+00
  5
ZRD5          0.0000e+00  2.0000e+00  1.0000e+00  9.3000e+01
  6.3115e-01  2.8351e-01  8.5336e-02  1.0000E+00  8.1000E+01
 -2.2964e-01  1.1500e+00  5.3004e-01  8.5490e-02  1.0000e+00
  4.0000e+00  2.0000e+00  4.0000e+00  2.0000e+00  0.0000e+00
  6
ZRD6          0.0000e+00  2.0000e+00  1.0000e+00  9.2272e+01
  6.3115e-01  2.8351e-01  8.5336e-02  1.0000E+00  8.1000E+01
 -4.6124e-01  1.5799e+00  9.9986e-01  1.2159e-01  1.0000e+00
  4.0000e+00  2.0000e+00  4.0000e+00  2.0000e+00  0.0000e+00
  7
ZRD7          0.0000e+00  2.0000e+00  1.0000e+00  9.2746e+01
  6.3115e-01  2.8351e-01  8.5336e-02  1.0000E+00  8.1000E+01
  4.9176e-01  1.5799e+00  9.9986e-01 -1.2478e-01  1.0000e+00
  4.0000e+00  2.0000e+00  4.0000e+00  2.0000e+00  0.0000e+00
  8
ZRD8          0.0000e+00  2.0000e+00  1.0000e+00  9.3118e+01
  6.3115e-01  2.8351e-01  8.5336e-02  1.0000E+00  8.1000E+01
  2.2964e-01  1.1500e+00  5.3004e-01 -8.5490e-02  1.0000e+00
  4.0000e+00  2.0000e+00  4.0000e+00  2.0000e+00  0.0000e+00
