    1    5   35    1    1     /HYDROGEN           /SUMMERS ET AL 1996          
================================================================================
  11.00000  12.00000  13.00000  14.00000  15.00000
   0.00000   0.13535   0.27071   0.40606   0.54142   0.67677   0.81213   0.94748
   1.08284   1.21819   1.35355   1.48890   1.62426   1.75961   1.89497   2.03032
   2.16568   2.30103   2.43638   2.57174   2.70709   2.84245   2.97780   3.11316
   3.24851   3.38387   3.51922   3.65458   3.78993   3.92529   4.06064   4.19600
   4.33135   4.46671   4.60206
---------------------/ IPRT= 1  / IGRD= 1  /--------/ Z1= 1   / DATE= 19/04/99  
 -12.31124 -12.22480 -12.05304 -11.77322 -11.36214
 -12.44143 -12.37680 -12.24856 -12.03821 -11.71034
 -12.56574 -12.51818 -12.42402 -12.26837 -12.01434
 -12.68646 -12.65219 -12.58450 -12.47190 -12.28229
 -12.80507 -12.78092 -12.73331 -12.65371 -12.51714
 -12.92278 -12.90630 -12.87398 -12.81944 -12.72429
 -13.04089 -13.03014 -13.00925 -12.97363 -12.91070
 -13.16056 -13.15378 -13.14047 -13.11914 -13.08118
 -13.28257 -13.27878 -13.27126 -13.26033 -13.24057
 -13.40767 -13.40628 -13.40374 -13.40023 -13.39325
 -13.53619 -13.53642 -13.53715 -13.53911 -13.54162
 -13.66833 -13.66969 -13.67270 -13.67853 -13.68788
 -13.80483 -13.80695 -13.81148 -13.82001 -13.83427
 -13.94575 -13.94838 -13.95389 -13.96428 -13.98208
 -14.09110 -14.09405 -14.10017 -14.11182 -14.13211
 -14.24092 -14.24405 -14.25051 -14.26295 -14.28497
 -14.39514 -14.39835 -14.40498 -14.41786 -14.44102
 -14.55363 -14.55688 -14.56354 -14.57662 -14.60047
 -14.71625 -14.71949 -14.72610 -14.73919 -14.76342
 -14.88281 -14.88599 -14.89249 -14.90549 -14.92984
 -15.05308 -15.05619 -15.06255 -15.07536 -15.09962
 -15.22675 -15.22979 -15.23597 -15.24852 -15.27252
 -15.40373 -15.40667 -15.41268 -15.42491 -15.44851
 -15.58365 -15.58651 -15.59231 -15.60422 -15.62733
 -15.76628 -15.76905 -15.77465 -15.78620 -15.80877
 -15.95138 -15.95405 -15.95946 -15.97065 -15.99261
 -16.13871 -16.14129 -16.14650 -16.15730 -16.17862
 -16.32803 -16.33051 -16.33553 -16.34596 -16.36661
 -16.51910 -16.52149 -16.52632 -16.53637 -16.55633
 -16.71179 -16.71410 -16.71874 -16.72840 -16.74769
 -16.90548 -16.90770 -16.91216 -16.92144 -16.94006
 -17.09920 -17.10133 -17.10560 -17.11450 -17.13245
 -17.29291 -17.29495 -17.29904 -17.30754 -17.32483
 -17.48661 -17.48857 -17.49249 -17.50060 -17.51722
 -17.68031 -17.68219 -17.68593 -17.69366 -17.70960
