    4    5   35    1    4     /BERYLLIUM          /GCR PROJECT                 
================================================================================
  11.00000  12.00000  13.00000  14.00000  15.00000
   0.00000   0.13535   0.27071   0.40606   0.54142   0.67677   0.81213   0.94748
   1.08284   1.21819   1.35355   1.48890   1.62426   1.75961   1.89497   2.03032
   2.16568   2.30103   2.43638   2.57174   2.70709   2.84245   2.97780   3.11316
   3.24851   3.38387   3.51922   3.65458   3.78993   3.92529   4.06064   4.19600
   4.33135   4.46671   4.60206
---------------------/ IGRD= 1  / IPRT= 1  /--------/ Z1= 1   / DATE= 23/02/06  
 -11.84889 -11.85302 -11.77608 -11.60940 -11.30730
 -11.86881 -11.91264 -11.89254 -11.80411 -11.62378
 -11.89509 -11.97144 -11.99515 -11.96704 -11.88445
 -11.94526 -12.04484 -12.09730 -12.11005 -12.10242
 -12.02245 -12.13698 -12.20678 -12.24635 -12.29337
 -12.12302 -12.24655 -12.32700 -12.38452 -12.46944
 -12.24291 -12.37177 -12.45856 -12.52716 -12.63719
 -12.37737 -12.50964 -12.59963 -12.67675 -12.80241
 -12.52300 -12.65594 -12.74664 -12.82989 -12.96343
 -12.67366 -12.80347 -12.89246 -12.97793 -13.11130
 -12.81786 -12.94123 -13.02552 -13.10874 -13.23198
 -12.94828 -13.06072 -13.13689 -13.21301 -13.31847
 -13.05916 -13.15580 -13.22106 -13.28642 -13.37112
 -13.14747 -13.22664 -13.28046 -13.33510 -13.40060
 -13.24497 -13.31172 -13.35702 -13.40464 -13.45664
 -13.38942 -13.45241 -13.49471 -13.53975 -13.58738
 -13.58569 -13.65095 -13.69522 -13.74012 -13.79189
 -13.79992 -13.87116 -13.91899 -13.96677 -14.02317
 -14.01041 -14.08691 -14.13713 -14.18835 -14.24637
 -14.21392 -14.29079 -14.34117 -14.39264 -14.45073
 -14.41609 -14.49230 -14.54240 -14.59342 -14.65137
 -14.61939 -14.69582 -14.74601 -14.79718 -14.85517
 -14.82244 -14.89886 -14.94905 -15.00022 -15.05821
 -15.02542 -15.10181 -15.15198 -15.20312 -15.26111
 -15.22846 -15.30488 -15.35505 -15.40621 -15.46420
 -15.43150 -15.50791 -15.55808 -15.60924 -15.66723
 -15.63453 -15.71094 -15.76111 -15.81226 -15.87025
 -15.83756 -15.91397 -15.96415 -16.01530 -16.07329
 -16.04060 -16.11701 -16.16718 -16.21834 -16.27633
 -16.24363 -16.32004 -16.37021 -16.42137 -16.47936
 -16.44666 -16.52307 -16.57324 -16.62440 -16.68239
 -16.64969 -16.72610 -16.77627 -16.82743 -16.88542
 -16.85272 -16.92913 -16.97931 -17.03046 -17.08845
 -17.05575 -17.13216 -17.18234 -17.23349 -17.29148
 -17.25878 -17.33519 -17.38537 -17.43652 -17.49451
---------------------/ IGRD= 1  / IPRT= 1  /--------/ Z1= 2   / DATE= 23/02/06  
 -11.71034 -11.59694 -11.42228 -11.16443 -10.60860
 -11.85219 -11.76958 -11.64225 -11.44396 -10.97829
 -11.98563 -11.92612 -11.83616 -11.68944 -11.31905
 -12.11287 -12.07070 -12.00838 -11.90256 -11.62382
 -12.23520 -12.20634 -12.16511 -12.09029 -11.89406
 -12.35270 -12.33439 -12.30929 -12.25944 -12.13366
 -12.46825 -12.45799 -12.44380 -12.41525 -12.34680
 -12.59079 -12.58524 -12.57958 -12.56559 -12.54263
 -12.70580 -12.70366 -12.70400 -12.70193 -12.71739
 -12.76926 -12.77117 -12.77589 -12.78913 -12.84404
 -12.71805 -12.72392 -12.73612 -12.76936 -12.87356
 -12.57804 -12.58625 -12.60524 -12.65528 -12.80702
 -12.42758 -12.43644 -12.45721 -12.51452 -12.69750
 -12.34088 -12.35088 -12.37134 -12.43047 -12.62846
 -12.33039 -12.34082 -12.36035 -12.41952 -12.62174
 -12.37617 -12.38647 -12.40483 -12.46331 -12.66532
 -12.45968 -12.47115 -12.48863 -12.54494 -12.74525
 -12.57529 -12.58595 -12.60399 -12.65788 -12.85373
 -12.71809 -12.72678 -12.74553 -12.79747 -12.98623
 -12.88295 -12.89228 -12.90954 -12.95994 -13.14021
 -13.06688 -13.07773 -13.09396 -13.14276 -13.31196
 -13.26448 -13.27644 -13.29308 -13.33944 -13.49657
 -13.46807 -13.48089 -13.49812 -13.54127 -13.68967
 -13.67157 -13.68465 -13.70206 -13.74415 -13.89032
 -13.87411 -13.88711 -13.90446 -13.94698 -14.09418
 -14.07704 -14.09007 -14.10744 -14.14989 -14.29703
 -14.27999 -14.29304 -14.31042 -14.35283 -14.49991
 -14.48293 -14.49598 -14.51335 -14.55578 -14.70297
 -14.68592 -14.69897 -14.71634 -14.75877 -14.90596
 -14.88891 -14.90197 -14.91934 -14.96177 -15.10896
 -15.09190 -15.10497 -15.12234 -15.16477 -15.31197
 -15.29489 -15.30796 -15.32533 -15.36777 -15.51499
 -15.49788 -15.51096 -15.52833 -15.57077 -15.71800
 -15.70087 -15.71396 -15.73132 -15.77377 -15.92101
 -15.90386 -15.91695 -15.93432 -15.97677 -16.12402
---------------------/ IGRD= 1  / IPRT= 1  /--------/ Z1= 3   / DATE= 23/02/06  
 -11.18503 -11.04523 -10.81759 -10.44245  -9.87260
 -11.32270 -11.21945 -11.03764 -10.74207 -10.28227
 -11.45375 -11.37749 -11.24291 -11.01837 -10.65955
 -11.57723 -11.52126 -11.42200 -11.25342 -10.97774
 -11.69395 -11.65361 -11.58045 -11.45469 -11.24621
 -11.80595 -11.77706 -11.72500 -11.63290 -11.47916
 -11.91612 -11.89505 -11.85786 -11.79178 -11.68073
 -12.02802 -12.01370 -11.98734 -11.94061 -11.86255
 -12.14357 -12.13404 -12.11529 -12.08253 -12.02912
 -12.24468 -12.23876 -12.22683 -12.20638 -12.17344
 -12.28251 -12.28535 -12.28612 -12.28364 -12.27646
 -12.22010 -12.23922 -12.26224 -12.28953 -12.32049
 -12.07399 -12.11234 -12.16234 -12.22701 -12.30530
 -11.93131 -11.98130 -12.04905 -12.14072 -12.25921
 -11.84346 -11.89829 -11.97433 -12.08022 -12.22418
 -11.82400 -11.88094 -11.96096 -12.07399 -12.23150
 -11.86074 -11.91812 -11.99999 -12.11734 -12.28383
 -11.93940 -11.99673 -12.07895 -12.19848 -12.37001
 -12.04911 -12.10633 -12.18779 -12.30767 -12.48091
 -12.18252 -12.23929 -12.31931 -12.43828 -12.61132
 -12.33340 -12.38944 -12.46825 -12.58596 -12.75789
 -12.49774 -12.55271 -12.63060 -12.74716 -12.91781
 -12.67314 -12.72666 -12.80350 -12.91887 -13.08855
 -12.85669 -12.90874 -12.98485 -13.09902 -13.26797
 -13.04554 -13.09649 -13.17182 -13.28485 -13.45218
 -13.23930 -13.28975 -13.36402 -13.47624 -13.64106
 -13.44086 -13.49124 -13.56532 -13.67740 -13.84173
 -13.64508 -13.69552 -13.76977 -13.88196 -14.04668
 -13.84790 -13.89833 -13.97254 -14.08472 -14.24937
 -14.05083 -14.10126 -14.17545 -14.28761 -14.45223
 -14.25401 -14.30445 -14.37866 -14.49083 -14.65551
 -14.45721 -14.50765 -14.58189 -14.69406 -14.85880
 -14.66040 -14.71085 -14.78512 -14.89730 -15.06210
 -14.86360 -14.91405 -14.98834 -15.10053 -15.26539
 -15.06679 -15.11726 -15.19157 -15.30376 -15.46869
---------------------/ IGRD= 1  / IPRT= 1  /--------/ Z1= 4   / DATE= 23/02/06  
 -10.84549 -10.71215 -10.49024 -10.11049  -9.48524
 -10.96184 -10.85145 -10.66679 -10.34898  -9.82838
 -11.07878 -10.99032 -10.84381 -10.58758 -10.17198
 -11.19475 -11.12840 -11.01785 -10.82330 -10.50790
 -11.30707 -11.25886 -11.17723 -11.03251 -10.79593
 -11.41455 -11.37901 -11.31815 -11.20870 -11.02707
 -11.51852 -11.49302 -11.44797 -11.36771 -11.23070
 -11.62126 -11.60290 -11.57049 -11.51057 -11.40960
 -11.72319 -11.70991 -11.68679 -11.64255 -11.56856
 -11.82451 -11.81547 -11.79822 -11.76838 -11.71362
 -11.92661 -11.92133 -11.90804 -11.88661 -11.84749
 -12.02989 -12.02654 -12.01718 -12.00083 -11.97375
 -12.13454 -12.13118 -12.12585 -12.11487 -12.09575
 -12.24139 -12.23892 -12.23533 -12.22810 -12.21518
 -12.35086 -12.34939 -12.34667 -12.34167 -12.33298
 -12.46290 -12.46175 -12.46040 -12.45680 -12.45059
 -12.57770 -12.57722 -12.57673 -12.57395 -12.57028
 -12.69651 -12.69646 -12.69638 -12.69490 -12.69372
 -12.81993 -12.81993 -12.81996 -12.81983 -12.82012
 -12.94787 -12.94787 -12.94790 -12.94788 -12.94793
 -13.08017 -13.08018 -13.08016 -13.08029 -13.08063
 -13.21718 -13.21721 -13.21713 -13.21794 -13.21910
 -13.35912 -13.35935 -13.35923 -13.36036 -13.36139
 -13.50503 -13.50604 -13.50590 -13.50581 -13.50751
 -13.65767 -13.65878 -13.65869 -13.65813 -13.66051
 -13.81508 -13.81503 -13.81506 -13.81626 -13.81806
 -13.96771 -13.96767 -13.96779 -13.96917 -13.97057
 -14.14328 -14.14366 -14.14382 -14.14466 -14.14601
 -14.35026 -14.35058 -14.35073 -14.35166 -14.35301
 -14.55519 -14.55548 -14.55563 -14.55660 -14.55795
 -14.75543 -14.75576 -14.75591 -14.75682 -14.75817
 -14.95543 -14.95582 -14.95597 -14.95681 -14.95816
 -15.15543 -15.15587 -15.15603 -15.15680 -15.15814
 -15.35543 -15.35592 -15.35608 -15.35679 -15.35813
 -15.55543 -15.55598 -15.55614 -15.55679 -15.55812
