    7    5   35    1    7     /NITROGEN           /GCR PROJECT                 
================================================================================
  11.00000  12.00000  13.00000  14.00000  15.00000
   0.00000   0.13535   0.27071   0.40606   0.54142   0.67677   0.81213   0.94748
   1.08284   1.21819   1.35355   1.48890   1.62426   1.75961   1.89497   2.03032
   2.16568   2.30103   2.43638   2.57174   2.70709   2.84245   2.97780   3.11316
   3.24851   3.38387   3.51922   3.65458   3.78993   3.92529   4.06064   4.19600
   4.33135   4.46671   4.60206
---------------------/ IGRD= 1  / IPRT= 1  /--------/ Z1= 1   / DATE= 04/11/99  
 -12.38768 -12.30342 -12.13761 -11.82902 -11.38612
 -12.49546 -12.44201 -12.32894 -12.11617 -11.79999
 -12.54419 -12.53108 -12.47650 -12.35338 -12.14188
 -12.51035 -12.55157 -12.56411 -12.53520 -12.41623
 -12.40968 -12.50994 -12.59395 -12.66467 -12.63122
 -12.29235 -12.44250 -12.59130 -12.75545 -12.80008
 -12.21835 -12.39871 -12.59221 -12.82832 -12.94509
 -12.19557 -12.39508 -12.61593 -12.90140 -13.07895
 -12.21294 -12.42504 -12.66293 -12.98334 -13.20909
 -12.26233 -12.48179 -12.73143 -13.07602 -13.33782
 -12.33799 -12.56261 -12.82055 -13.17875 -13.46441
 -12.43557 -12.66369 -12.92542 -13.28854 -13.58610
 -12.55039 -12.77897 -13.04058 -13.40067 -13.69644
 -12.67743 -12.90430 -13.16219 -13.50940 -13.78928
 -12.81737 -13.04060 -13.29081 -13.61596 -13.86945
 -12.97654 -13.19520 -13.43607 -13.73706 -13.96257
 -13.14927 -13.36329 -13.59512 -13.87217 -14.07155
 -13.31699 -13.52367 -13.74218 -13.98761 -14.15759
 -13.50157 -13.70482 -13.91539 -14.14572 -14.30108
 -13.70053 -13.90383 -14.11345 -14.34211 -14.49493
 -13.90407 -14.10836 -14.31979 -14.55053 -14.70455
 -14.10653 -14.31122 -14.52328 -14.75468 -14.90867
 -14.30917 -14.51420 -14.72672 -14.95863 -15.11260
 -14.51192 -14.71725 -14.93019 -15.16261 -15.31659
 -14.71464 -14.92024 -15.13354 -15.36639 -15.52038
 -14.91740 -15.12325 -15.33690 -15.57016 -15.72420
 -15.12017 -15.32625 -15.54022 -15.77386 -15.92795
 -15.32295 -15.52925 -15.74351 -15.97751 -16.13168
 -15.52574 -15.73224 -15.94678 -16.18111 -16.33537
 -15.72853 -15.93522 -16.15002 -16.38467 -16.53903
 -15.93134 -16.13821 -16.35324 -16.58818 -16.74265
 -16.13416 -16.34119 -16.55644 -16.79166 -16.94626
 -16.33697 -16.54417 -16.75964 -16.99514 -17.14987
 -16.53979 -16.74715 -16.96284 -17.19862 -17.35347
 -16.74260 -16.95013 -17.16604 -17.40210 -17.55708
---------------------/ IGRD= 1  / IPRT= 1  /--------/ Z1= 2   / DATE= 04/11/99  
 -11.53171 -11.43492 -11.26703 -10.97332 -10.46396
 -11.61801 -11.55415 -11.44184 -11.23436 -10.83586
 -11.67083 -11.63738 -11.57085 -11.43772 -11.14941
 -11.66161 -11.66867 -11.64883 -11.58390 -11.39958
 -11.59410 -11.65014 -11.68237 -11.68186 -11.59137
 -11.50207 -11.60485 -11.68947 -11.74727 -11.73745
 -11.42898 -11.56571 -11.69295 -11.79864 -11.85285
 -11.39624 -11.55436 -11.70996 -11.85265 -11.95321
 -11.40376 -11.57526 -11.74781 -11.91697 -12.04970
 -11.44727 -11.62536 -11.80921 -11.99505 -12.15003
 -11.52161 -11.70077 -11.89313 -12.08862 -12.25879
 -11.61967 -11.79793 -11.99510 -12.19704 -12.37726
 -11.73777 -11.91410 -12.11310 -12.31966 -12.50617
 -11.87265 -12.04725 -12.24562 -12.45343 -12.64235
 -12.02138 -12.19375 -12.39009 -12.59694 -12.78569
 -12.18113 -12.34993 -12.54333 -12.74910 -12.93671
 -12.34893 -12.51431 -12.70392 -12.90681 -13.09236
 -12.52260 -12.68436 -12.87159 -13.06923 -13.25296
 -12.70105 -12.85885 -13.04370 -13.23722 -13.41860
 -12.88357 -13.03867 -13.21983 -13.41081 -13.58838
 -13.07015 -13.22290 -13.40024 -13.58861 -13.76373
 -13.25871 -13.40791 -13.58278 -13.76704 -13.94252
 -13.44510 -13.59153 -13.76421 -13.94462 -14.11652
 -13.64469 -13.79069 -13.96300 -14.14279 -14.31377
 -13.84886 -13.99507 -14.16759 -14.34774 -14.51917
 -14.05128 -14.19745 -14.36995 -14.55006 -14.72137
 -14.25424 -14.40045 -14.57299 -14.75319 -14.92453
 -14.45704 -14.60325 -14.77581 -14.95606 -15.12739
 -14.65984 -14.80606 -14.97864 -15.15892 -15.33024
 -14.86270 -15.00892 -15.18152 -15.36184 -15.53315
 -15.06555 -15.21178 -15.38439 -15.56475 -15.73606
 -15.26841 -15.41465 -15.58728 -15.76767 -15.93897
 -15.47127 -15.61752 -15.79016 -15.97060 -16.14189
 -15.67413 -15.82039 -15.99305 -16.17352 -16.34480
 -15.87699 -16.02326 -16.19593 -16.37645 -16.54772
---------------------/ IGRD= 1  / IPRT= 1  /--------/ Z1= 3   / DATE= 04/11/99  
 -10.65851 -10.60776 -10.50792 -10.30034  -9.83843
 -10.74730 -10.71733 -10.65454 -10.51351 -10.19494
 -10.85183 -10.83804 -10.79920 -10.71287 -10.50901
 -10.98328 -10.98636 -10.96197 -10.90649 -10.77355
 -11.10000 -11.12009 -11.11541 -11.08590 -11.00218
 -11.16858 -11.20248 -11.22624 -11.23097 -11.19192
 -11.19305 -11.24170 -11.29860 -11.34091 -11.34493
 -11.21483 -11.27650 -11.36111 -11.43540 -11.47524
 -11.26104 -11.33108 -11.43308 -11.52937 -11.59229
 -11.33983 -11.41229 -11.52264 -11.63000 -11.70540
 -11.44944 -11.51991 -11.63213 -11.74226 -11.82388
 -11.58074 -11.64803 -11.75813 -11.86737 -11.95015
 -11.73109 -11.79378 -11.89979 -12.00450 -12.08471
 -11.90293 -11.95891 -12.05738 -12.15331 -12.22729
 -12.09774 -12.14483 -12.23106 -12.31331 -12.37724
 -12.30919 -12.34625 -12.41627 -12.48134 -12.53355
 -12.52389 -12.55138 -12.60389 -12.65270 -12.69408
 -12.73207 -12.75182 -12.78930 -12.82601 -12.85611
 -12.93199 -12.94602 -12.97244 -12.99917 -13.02189
 -13.12615 -13.13544 -13.15429 -13.17214 -13.19191
 -13.31643 -13.32238 -13.33557 -13.34761 -13.36533
 -13.50299 -13.50751 -13.51592 -13.52590 -13.54021
 -13.68505 -13.68808 -13.69402 -13.70060 -13.71394
 -13.86840 -13.87003 -13.87334 -13.87983 -13.88956
 -14.03719 -14.03845 -14.04056 -14.04637 -14.05466
 -14.21913 -14.22040 -14.22246 -14.22653 -14.23569
 -14.42446 -14.42552 -14.42723 -14.43079 -14.43991
 -14.62814 -14.62909 -14.63049 -14.63382 -14.64278
 -14.83150 -14.83237 -14.83357 -14.83673 -14.84558
 -15.03507 -15.03587 -15.03694 -15.03998 -15.04875
 -15.23836 -15.23912 -15.24010 -15.24307 -15.25178
 -15.44161 -15.44235 -15.44326 -15.44617 -15.45486
 -15.64486 -15.64557 -15.64642 -15.64928 -15.65795
 -15.84811 -15.84880 -15.84959 -15.85239 -15.86104
 -16.05136 -16.05202 -16.05275 -16.05550 -16.06413
---------------------/ IGRD= 1  / IPRT= 1  /--------/ Z1= 4   / DATE= 04/11/99  
 -10.75457 -10.65627 -10.49195 -10.18798  -9.63400
 -10.76844 -10.70163 -10.56941 -10.37702  -9.92767
 -10.83397 -10.79636 -10.71671 -10.55896 -10.21967
 -10.88871 -10.88375 -10.85107 -10.74421 -10.51419
 -10.92042 -10.94721 -10.94931 -10.90943 -10.76780
 -10.96271 -11.01651 -11.05295 -11.05047 -10.97470
 -11.02029 -11.09484 -11.15595 -11.18541 -11.15503
 -11.09728 -11.18452 -11.26101 -11.31310 -11.31377
 -11.18962 -11.28345 -11.36739 -11.43120 -11.45307
 -11.29271 -11.38726 -11.47321 -11.54142 -11.57671
 -11.40525 -11.49542 -11.57918 -11.64812 -11.69192
 -11.52691 -11.61170 -11.68972 -11.75876 -11.80966
 -11.65718 -11.73653 -11.81013 -11.87706 -11.93417
 -11.79236 -11.86559 -11.93417 -11.99748 -12.05792
 -11.92366 -11.98946 -12.05110 -12.10977 -12.16926
 -12.04139 -12.09835 -12.15177 -12.20375 -12.25960
 -12.14453 -12.19186 -12.23660 -12.28025 -12.33238
 -12.23807 -12.27626 -12.31338 -12.35076 -12.39862
 -12.32429 -12.35458 -12.38508 -12.41610 -12.45869
 -12.40084 -12.42438 -12.44882 -12.47429 -12.51110
 -12.46751 -12.48533 -12.50413 -12.52511 -12.55570
 -12.52543 -12.53860 -12.55246 -12.56901 -12.59347
 -12.57384 -12.58346 -12.59388 -12.60557 -12.62595
 -12.61310 -12.61922 -12.62684 -12.63491 -12.65090
 -12.64736 -12.65225 -12.65675 -12.66332 -12.67393
 -12.66132 -12.66510 -12.66730 -12.67281 -12.68075
 -12.68491 -12.68688 -12.68833 -12.69217 -12.69935
 -12.77821 -12.77989 -12.78132 -12.78372 -12.78907
 -12.96046 -12.96219 -12.96367 -12.96574 -12.97056
 -13.16970 -13.17142 -13.17288 -13.17505 -13.18004
 -13.37042 -13.37215 -13.37361 -13.37575 -13.38068
 -13.57432 -13.57604 -13.57751 -13.57965 -13.58459
 -13.77871 -13.78042 -13.78190 -13.78405 -13.78903
 -13.98311 -13.98480 -13.98629 -13.98845 -13.99346
 -14.18751 -14.18918 -14.19068 -14.19284 -14.19790
---------------------/ IGRD= 1  / IPRT= 1  /--------/ Z1= 5   / DATE= 04/11/99  
 -10.73959 -10.62900 -10.42696 -10.09341  -9.53131
 -10.82097 -10.75205 -10.56868 -10.27023  -9.76173
 -10.94664 -10.87299 -10.71253 -10.45488 -10.05074
 -11.07924 -11.00565 -10.87673 -10.66556 -10.33071
 -11.19970 -11.14701 -11.05205 -10.89021 -10.61047
 -11.31530 -11.27760 -11.20855 -11.08842 -10.88005
 -11.42768 -11.40202 -11.35139 -11.26381 -11.10809
 -11.53803 -11.51986 -11.48416 -11.42091 -11.30564
 -11.64645 -11.63362 -11.60809 -11.56272 -11.48087
 -11.75418 -11.74530 -11.72673 -11.69512 -11.63785
 -11.86936 -11.86268 -11.85101 -11.82993 -11.78958
 -11.99086 -11.98657 -11.97977 -11.96564 -11.93771
 -12.09016 -12.08781 -12.08316 -12.07429 -12.05797
 -12.13095 -12.12994 -12.12818 -12.12437 -12.11873
 -12.09198 -12.09165 -12.09484 -12.09628 -12.10167
 -11.98918 -11.98963 -11.99753 -12.00380 -12.02111
 -11.86861 -11.87101 -11.88107 -11.89094 -11.91667
 -11.78194 -11.78665 -11.79561 -11.80701 -11.83424
 -11.76443 -11.77002 -11.77835 -11.78930 -11.81761
 -11.80726 -11.81178 -11.82100 -11.83290 -11.86201
 -11.89220 -11.89605 -11.90557 -11.91924 -11.94817
 -12.00464 -12.01012 -12.01810 -12.03184 -12.06006
 -12.13955 -12.14554 -12.15400 -12.16691 -12.19458
 -12.29296 -12.29843 -12.30711 -12.32035 -12.34701
 -12.45979 -12.46484 -12.47336 -12.48616 -12.51187
 -12.63290 -12.63838 -12.64691 -12.65857 -12.68357
 -12.80557 -12.81087 -12.81923 -12.83108 -12.85366
 -12.97809 -12.98188 -12.98984 -13.00251 -13.02139
 -13.15971 -13.16351 -13.17093 -13.18223 -13.20125
 -13.35725 -13.36144 -13.36867 -13.37902 -13.39893
 -13.56190 -13.56595 -13.57325 -13.58391 -13.60352
 -13.76426 -13.76836 -13.77563 -13.78619 -13.80590
 -13.96626 -13.97044 -13.97768 -13.98806 -14.00794
 -14.16826 -14.17252 -14.17972 -14.18993 -14.20998
 -14.37027 -14.37460 -14.38176 -14.39181 -14.41202
---------------------/ IGRD= 1  / IPRT= 1  /--------/ Z1= 6   / DATE= 04/11/99  
 -10.53539 -10.43909 -10.25496  -9.94737  -9.39182
 -10.64176 -10.56030 -10.39918 -10.13511  -9.64531
 -10.74818 -10.68145 -10.54336 -10.32248  -9.89845
 -10.85644 -10.79606 -10.67530 -10.49003 -10.14290
 -10.96702 -10.91457 -10.81415 -10.65806 -10.38135
 -11.07778 -11.04031 -10.96610 -10.83950 -10.61762
 -11.18572 -11.15957 -11.10575 -11.01224 -10.84520
 -11.29191 -11.27357 -11.23452 -11.16662 -11.04371
 -11.39716 -11.38404 -11.35593 -11.30668 -11.21651
 -11.50109 -11.49199 -11.47229 -11.43631 -11.37196
 -11.60455 -11.59877 -11.58547 -11.55927 -11.51385
 -11.71200 -11.70761 -11.69818 -11.68181 -11.64972
 -11.82360 -11.82056 -11.81413 -11.80253 -11.78055
 -11.91971 -11.91793 -11.91410 -11.90654 -11.89280
 -11.96857 -11.96822 -11.96770 -11.96682 -11.96282
 -11.94602 -11.94821 -11.95268 -11.96060 -11.97064
 -11.87184 -11.87729 -11.88698 -11.90398 -11.92946
 -11.80396 -11.81116 -11.82418 -11.84765 -11.88458
 -11.77644 -11.78332 -11.79965 -11.82551 -11.86840
 -11.79776 -11.80533 -11.82215 -11.84996 -11.89556
 -11.86365 -11.87247 -11.88803 -11.91748 -11.96447
 -11.96430 -11.97311 -11.98859 -12.01771 -12.06573
 -12.08955 -12.09847 -12.11387 -12.14236 -12.19054
 -12.23390 -12.24218 -12.25787 -12.28584 -12.33267
 -12.39147 -12.40044 -12.41406 -12.44200 -12.48711
 -12.55887 -12.56856 -12.58006 -12.60799 -12.65207
 -12.73734 -12.74624 -12.75804 -12.78500 -12.82850
 -12.92559 -12.93359 -12.94615 -12.97143 -13.01418
 -13.11660 -13.12415 -13.13650 -13.16082 -13.20219
 -13.31051 -13.31779 -13.32983 -13.35326 -13.39375
 -13.51024 -13.51735 -13.52947 -13.55224 -13.59264
 -13.71419 -13.72135 -13.73345 -13.75641 -13.79681
 -13.91868 -13.92593 -13.93797 -13.96125 -14.00166
 -14.12317 -14.13050 -14.14249 -14.16609 -14.20651
 -14.32766 -14.33507 -14.34701 -14.37092 -14.41136
---------------------/ IGRD= 1  / IPRT= 1  /--------/ Z1= 7   / DATE= 04/11/99  
 -10.34098 -10.25708 -10.11316  -9.83331  -9.38594
 -10.44099 -10.36646 -10.23623  -9.98675  -9.58648
 -10.54100 -10.47587 -10.35927 -10.14020  -9.78701
 -10.64102 -10.58501 -10.48260 -10.29357  -9.98747
 -10.74144 -10.69338 -10.60717 -10.44719 -10.18707
 -10.84189 -10.80177 -10.73265 -10.60132 -10.38655
 -10.94118 -10.91145 -10.85725 -10.75515 -10.58688
 -11.03953 -11.01830 -10.97950 -10.90304 -10.77738
 -11.13802 -11.12228 -11.09487 -11.03990 -10.94639
 -11.23623 -11.22445 -11.20445 -11.16544 -11.09582
 -11.33343 -11.32504 -11.31124 -11.28245 -11.23271
 -11.43053 -11.42518 -11.41488 -11.39431 -11.35893
 -11.52864 -11.52539 -11.51788 -11.50365 -11.47737
 -11.62813 -11.62594 -11.62091 -11.61121 -11.59196
 -11.72987 -11.72759 -11.72457 -11.71719 -11.70505
 -11.83354 -11.83057 -11.82920 -11.82370 -11.81647
 -11.93769 -11.93506 -11.93473 -11.93252 -11.92627
 -12.04396 -12.04336 -12.04229 -12.04061 -12.03662
 -12.15386 -12.15336 -12.15249 -12.15151 -12.14868
 -12.26690 -12.26650 -12.26622 -12.26535 -12.26379
 -12.38323 -12.38333 -12.38334 -12.38201 -12.38184
 -12.50346 -12.50345 -12.50347 -12.50248 -12.50259
 -12.62811 -12.62810 -12.62812 -12.62826 -12.62826
 -12.75964 -12.75964 -12.75960 -12.75972 -12.75969
 -12.89457 -12.89458 -12.89443 -12.89436 -12.89427
 -13.02970 -13.02969 -13.02998 -13.03002 -13.03027
 -13.16330 -13.16327 -13.16387 -13.16373 -13.16444
 -13.29692 -13.29691 -13.29696 -13.29665 -13.29719
 -13.43612 -13.43612 -13.43605 -13.43635 -13.43636
 -13.55778 -13.55777 -13.55777 -13.55887 -13.55882
 -13.69574 -13.69574 -13.69570 -13.69664 -13.69686
 -13.87738 -13.87738 -13.87739 -13.87723 -13.87757
 -14.06486 -14.06486 -14.06494 -14.06356 -14.06400
 -14.25235 -14.25234 -14.25250 -14.24990 -14.25043
 -14.43984 -14.43983 -14.44006 -14.43623 -14.43686
