    2    5   35    1    2     /HELIUM             /HORTON ET AL 1996           
================================================================================
  11.00000  12.00000  13.00000  14.00000  15.00000
   0.00000   0.13535   0.27071   0.40606   0.54142   0.67677   0.81213   0.94748
   1.08284   1.21819   1.35355   1.48890   1.62426   1.75961   1.89497   2.03032
   2.16568   2.30103   2.43638   2.57174   2.70709   2.84245   2.97780   3.11316
   3.24851   3.38387   3.51922   3.65458   3.78993   3.92529   4.06064   4.19600
   4.33135   4.46671   4.60206
---------------------/ IGRD= 1  / IPRT= 1  /--------/ Z1= 1   / DATE= 20/11/97  
 -12.26737 -12.22441 -12.11683 -11.88412 -11.40725
 -12.38476 -12.36066 -12.29159 -12.13819 -11.74310
 -12.50264 -12.48984 -12.45007 -12.35513 -12.03129
 -12.62192 -12.61643 -12.59585 -12.53989 -12.27961
 -12.73146 -12.73235 -12.72607 -12.69724 -12.49207
 -12.80554 -12.81721 -12.82993 -12.82582 -12.67023
 -12.80657 -12.84377 -12.89142 -12.92029 -12.81373
 -12.70663 -12.78834 -12.89172 -12.97242 -12.92077
 -12.56101 -12.68505 -12.84779 -12.99022 -12.99507
 -12.44553 -12.59627 -12.80368 -12.99748 -13.05049
 -12.39228 -12.55778 -12.79088 -13.01753 -13.10543
 -12.39384 -12.56674 -12.81294 -13.06214 -13.17415
 -12.44548 -12.62056 -12.87288 -13.13705 -13.26492
 -12.53683 -12.71369 -12.96948 -13.24224 -13.38001
 -12.66125 -12.84092 -13.09822 -13.37525 -13.51695
 -12.81807 -13.00024 -13.25612 -13.53368 -13.67391
 -12.99752 -13.18237 -13.43571 -13.70933 -13.84665
 -13.17743 -13.36463 -13.61567 -13.88520 -14.01997
 -13.36929 -13.55681 -13.80596 -14.07508 -14.20850
 -13.57044 -13.75781 -14.00637 -14.27583 -14.40895
 -13.77423 -13.96168 -14.21048 -14.47979 -14.61303
 -13.97723 -14.16468 -14.41347 -14.68279 -14.81603
 -14.18026 -14.36770 -14.61648 -14.88580 -15.01904
 -14.38330 -14.57075 -14.81954 -15.08886 -15.22210
 -14.58632 -14.77377 -15.02256 -15.29188 -15.42512
 -14.78936 -14.97680 -15.22560 -15.49491 -15.62815
 -14.99239 -15.17983 -15.42863 -15.69794 -15.83118
 -15.19542 -15.38287 -15.63166 -15.90098 -16.03421
 -15.39845 -15.58590 -15.83469 -16.10401 -16.23725
 -15.60148 -15.78893 -16.03772 -16.30704 -16.44028
 -15.80452 -15.99196 -16.24075 -16.51007 -16.64331
 -16.00755 -16.19500 -16.44379 -16.71311 -16.84635
 -16.21057 -16.39804 -16.64683 -16.91615 -17.04939
 -16.41359 -16.60107 -16.84986 -17.11918 -17.25242
 -16.61662 -16.80411 -17.05290 -17.32222 -17.45546
---------------------/ IGRD= 1  / IPRT= 1  /--------/ Z1= 2   / DATE= 20/11/97  
 -11.52993 -11.41311 -11.24257 -10.91381 -10.28055
 -11.69018 -11.60135 -11.44339 -11.18654 -10.65428
 -11.80883 -11.74360 -11.62948 -11.43066 -10.99662
 -11.91578 -11.86789 -11.79445 -11.63924 -11.30276
 -12.04313 -12.00852 -11.94042 -11.82541 -11.57376
 -12.15002 -12.12406 -12.07788 -11.99315 -11.80990
 -12.25793 -12.23943 -12.20697 -12.14522 -12.01508
 -12.36729 -12.35343 -12.33019 -12.28638 -12.19555
 -12.47554 -12.46658 -12.44993 -12.41989 -12.35779
 -12.58567 -12.58050 -12.56885 -12.54822 -12.50668
 -12.69868 -12.69484 -12.68756 -12.67375 -12.64643
 -12.81307 -12.81143 -12.80575 -12.79793 -12.78132
 -12.93072 -12.92994 -12.92663 -12.92200 -12.91415
 -13.05214 -13.05150 -13.05027 -13.04795 -13.04511
 -13.17770 -13.17752 -13.17719 -13.17696 -13.17674
 -13.30764 -13.30846 -13.30870 -13.30943 -13.31165
 -13.44203 -13.44342 -13.44450 -13.44559 -13.44907
 -13.58123 -13.58182 -13.58344 -13.58506 -13.59026
 -13.72517 -13.72477 -13.72782 -13.72967 -13.73621
 -13.87344 -13.87339 -13.87602 -13.87852 -13.88519
 -14.02745 -14.02823 -14.02967 -14.03282 -14.03896
 -14.18527 -14.18586 -14.18781 -14.19082 -14.19684
 -14.34311 -14.34325 -14.34533 -14.34833 -14.35461
 -14.53793 -14.53800 -14.54004 -14.54306 -14.54941
 -14.74478 -14.74487 -14.74692 -14.74994 -14.75626
 -14.94683 -14.94691 -14.94897 -14.95198 -14.95831
 -15.15028 -15.15037 -15.15243 -15.15544 -15.16176
 -15.35326 -15.35334 -15.35541 -15.35841 -15.36474
 -15.55624 -15.55632 -15.55837 -15.56139 -15.56772
 -15.75928 -15.75937 -15.76143 -15.76444 -15.77076
 -15.96231 -15.96240 -15.96446 -15.96747 -15.97379
 -16.16535 -16.16544 -16.16749 -16.17051 -16.17683
 -16.36839 -16.36848 -16.37052 -16.37355 -16.37987
 -16.57143 -16.57152 -16.57354 -16.57659 -16.58291
 -16.77447 -16.77456 -16.77657 -16.77963 -16.78595
