    6    5   50    1    6           /C    only radiative recombination (R.Dux) 
================================================================================
  11.00000  12.00000  13.00000  14.00000  15.00000
   0.00000   0.09392   0.18784   0.28176   0.37568   0.46960   0.56352   0.65744
   0.75136   0.84528   0.93920   1.03312   1.12704   1.22095   1.31487   1.40879
   1.50271   1.59663   1.69055   1.78447   1.87839   1.97231   2.06623   2.16015
   2.25407   2.34799   2.44191   2.53583   2.62975   2.72367   2.81759   2.91151
   3.00543   3.09935   3.19327   3.28719   3.38111   3.47502   3.56894   3.66286
   3.75678   3.85070   3.94462   4.03854   4.13246   4.22638   4.32030   4.41422
   4.50814   4.60206
 == 1 ================== Behringer data =========================================
 -12.80456 -12.84237 -12.90139 -13.00629 -13.25468
 -12.87503 -12.91118 -12.96786 -13.06901 -13.30881
 -12.94712 -12.98163 -13.03597 -13.13336 -13.36438
 -13.02086 -13.05375 -13.10578 -13.19941 -13.42160
 -13.09630 -13.12759 -13.17733 -13.26724 -13.48068
 -13.17349 -13.20323 -13.25072 -13.33695 -13.54183
 -13.25251 -13.28074 -13.32603 -13.40867 -13.40867
 -13.31543 -13.36019 -13.40336 -13.48248 -13.48248
 -13.39925 -13.44164 -13.48276 -13.55848 -13.55848
 -13.48496 -13.52511 -13.56426 -13.63670 -13.63670
 -13.57255 -13.61058 -13.64787 -13.71715 -13.71715
 -13.66197 -13.69803 -13.73354 -13.79979 -13.79979
 -13.75319 -13.78739 -13.82123 -13.88458 -13.88458
 -13.84613 -13.87860 -13.91086 -13.97145 -13.97145
 -13.94075 -13.95300 -14.00238 -14.06036 -14.06036
 -14.03704 -14.04868 -14.09578 -14.15128 -14.15128
 -14.13498 -14.14606 -14.19103 -14.24420 -14.24420
 -14.23458 -14.24514 -14.28814 -14.28814 -14.33913
 -14.33584 -14.34593 -14.36137 -14.38711 -14.43609
 -14.43879 -14.44844 -14.46324 -14.48795 -14.53506
 -14.53701 -14.55267 -14.56688 -14.59065 -14.63605
 -14.64355 -14.65859 -14.67227 -14.69518 -14.73902
 -14.75170 -14.76618 -14.77937 -14.80150 -14.84391
 -14.86140 -14.87537 -14.88812 -14.90955 -14.95067
 -14.97260 -14.98611 -14.99846 -15.01925 -15.05919
 -15.08523 -15.09832 -15.11032 -15.13051 -15.16939
 -15.19921 -15.21193 -15.22360 -15.24326 -15.28118
 -15.31447 -15.32685 -15.33822 -15.35741 -15.39444
 -15.43093 -15.44300 -15.45410 -15.47285 -15.50908
 -15.54852 -15.55331 -15.57115 -15.58950 -15.62501
 -15.66378 -15.67183 -15.68930 -15.70728 -15.74213
 -15.78346 -15.79134 -15.80846 -15.82612 -15.86036
 -15.90405 -15.91177 -15.92857 -15.94592 -15.97961
 -16.02547 -16.03305 -16.04956 -16.06663 -16.09981
 -16.14768 -16.15512 -16.17137 -16.18818 -16.22089
 -16.27062 -16.27794 -16.29393 -16.31051 -16.34279
 -16.39424 -16.40144 -16.40760 -16.43357 -16.46545
 -16.51849 -16.52559 -16.53167 -16.55730 -16.58881
 -16.64334 -16.65035 -16.65634 -16.68166 -16.68166
 -16.76662 -16.77566 -16.78158 -16.79083 -16.80662
 -16.89257 -16.90150 -16.90735 -16.91650 -16.93212
 -17.01901 -17.02390 -17.03362 -17.04268 -17.05814
 -17.14591 -17.15074 -17.16036 -17.16933 -17.18465
 -17.27324 -17.27802 -17.28754 -17.29642 -17.31161
 -17.40098 -17.40571 -17.41514 -17.42394 -17.43900
 -17.52910 -17.53378 -17.54313 -17.55185 -17.56679
 -17.65758 -17.66222 -17.67148 -17.68013 -17.69496
 -17.78640 -17.79100 -17.80018 -17.80877 -17.82349
 -17.91408 -17.92010 -17.92922 -17.93774 -17.95236
 -18.04354 -18.04952 -18.05857 -18.06703 -18.08155
 == 2 ================== Behringer data =========================================
 -11.99128 -12.03508 -12.06793 -12.18286 -12.18286
 -12.04003 -12.09646 -12.12806 -12.17248 -12.23956
 -12.10566 -12.13690 -12.18984 -12.23270 -12.29777
 -12.17294 -12.20263 -12.25332 -12.29461 -12.35762
 -12.24191 -12.27008 -12.31856 -12.35828 -12.41920
 -12.31261 -12.33930 -12.38560 -12.42377 -12.48259
 -12.38506 -12.41032 -12.45448 -12.49112 -12.54787
 -12.45930 -12.48317 -12.52525 -12.56040 -12.61508
 -12.53536 -12.55790 -12.59796 -12.63163 -12.68430
 -12.60595 -12.63456 -12.67265 -12.70489 -12.75558
 -12.68624 -12.71319 -12.74939 -12.78023 -12.82899
 -12.76845 -12.79383 -12.82822 -12.85771 -12.90458
 -12.85259 -12.87651 -12.89011 -12.93735 -12.98240
 -12.93868 -12.95169 -12.97413 -13.01919 -13.06247
 -13.02670 -13.03897 -13.06022 -13.10322 -13.14479
 -13.11664 -13.12822 -13.14837 -13.18940 -13.22933
 -13.20846 -13.21939 -13.23852 -13.27770 -13.31606
 -13.29851 -13.31246 -13.33063 -13.36807 -13.40493
 -13.39416 -13.40737 -13.42466 -13.46047 -13.49591
 -13.49157 -13.50411 -13.52058 -13.53420 -13.58896
 -13.59073 -13.60265 -13.61837 -13.63141 -13.68407
 -13.69162 -13.70299 -13.71802 -13.73053 -13.78123
 -13.79425 -13.80055 -13.81951 -13.83152 -13.84987
 -13.89860 -13.90463 -13.92282 -13.93438 -13.95207
 -14.00258 -14.01041 -14.02019 -14.03905 -14.05615
 -14.11034 -14.11787 -14.12729 -14.14550 -14.16206
 -14.21969 -14.22694 -14.23604 -14.25366 -14.26972
 -14.33056 -14.33757 -14.34636 -14.36346 -14.37906
 -14.44289 -14.44967 -14.45820 -14.47481 -14.49000
 -14.55660 -14.56317 -14.57146 -14.58763 -14.60245
 -14.67024 -14.67534 -14.68605 -14.70183 -14.71631
 -14.78650 -14.79146 -14.80191 -14.81732 -14.83149
 -14.90389 -14.90873 -14.91893 -14.93401 -14.94790
 -15.02234 -15.02707 -15.03704 -15.04305 -15.06546
 -15.14179 -15.14640 -15.15195 -15.16207 -15.18408
 -15.26215 -15.26667 -15.27211 -15.28205 -15.30369
 -15.38240 -15.38780 -15.39314 -15.40291 -15.42422
 -15.50444 -15.50974 -15.51499 -15.52460 -15.54560
 -15.62722 -15.63068 -15.63759 -15.64706 -15.66778
 -15.75069 -15.75409 -15.76090 -15.77023 -15.79069
 -15.87480 -15.87816 -15.88487 -15.89407 -15.90196
 -15.99879 -16.00283 -16.00945 -16.01854 -16.02633
 -16.12408 -16.12807 -16.13460 -16.14359 -16.15129
 -16.24990 -16.25384 -16.25755 -16.26918 -16.27680
 -16.37622 -16.38011 -16.38378 -16.39528 -16.40283
 -16.50301 -16.50558 -16.51048 -16.51678 -16.52934
 -16.62964 -16.63277 -16.63762 -16.64385 -16.65631
 -16.75729 -16.76038 -16.76517 -16.77135 -16.78370
 -16.88531 -16.88837 -16.89312 -16.89925 -16.91150
 -17.01371 -17.01674 -17.02144 -17.02752 -17.03967
 == 3 ================== Behringer data =========================================
 -11.53024 -11.55668 -11.62280 -11.65833 -11.70681
 -11.57987 -11.61481 -11.65216 -11.71290 -11.76019
 -11.64111 -11.67432 -11.71007 -11.76871 -11.81472
 -11.70378 -11.73526 -11.76943 -11.82590 -11.87053
 -11.76791 -11.79772 -11.83030 -11.88456 -11.92775
 -11.83357 -11.86172 -11.89274 -11.94479 -11.98649
 -11.90079 -11.92734 -11.95683 -12.00668 -12.04687
 -11.96385 -11.99462 -12.02260 -12.07028 -12.10896
 -12.03471 -12.05420 -12.09013 -12.13567 -12.17284
 -12.10725 -12.12550 -12.15945 -12.20290 -12.23860
 -12.18151 -12.19857 -12.23062 -12.24814 -12.30628
 -12.25752 -12.27347 -12.30369 -12.32032 -12.37594
 -12.33534 -12.35024 -12.36681 -12.39450 -12.44766
 -12.41181 -12.42892 -12.44450 -12.47071 -12.52149
 -12.49358 -12.50956 -12.52420 -12.54900 -12.59749
 -12.57725 -12.58730 -12.60595 -12.62941 -12.67569
 -12.66282 -12.67222 -12.68974 -12.71195 -12.75612
 -12.75030 -12.75909 -12.77558 -12.79662 -12.81359
 -12.83966 -12.84791 -12.86345 -12.88338 -12.89954
 -12.92910 -12.93863 -12.95329 -12.97220 -12.98760
 -13.02226 -13.03123 -13.04508 -13.06303 -13.07772
 -13.11722 -13.12567 -13.13331 -13.15585 -13.16986
 -13.21395 -13.21934 -13.22917 -13.25062 -13.26401
 -13.31246 -13.31755 -13.32688 -13.33837 -13.36014
 -13.41159 -13.41756 -13.42643 -13.43739 -13.45824
 -13.51368 -13.51935 -13.52780 -13.53828 -13.55829
 -13.61750 -13.62291 -13.63099 -13.64102 -13.66026
 -13.72304 -13.72821 -13.73595 -13.74559 -13.76412
 -13.82946 -13.83521 -13.84264 -13.85192 -13.86981
 -13.93834 -13.94233 -13.94806 -13.95997 -13.97727
 -14.04877 -14.05261 -14.05814 -14.06965 -14.08643
 -14.16069 -14.16440 -14.16974 -14.18090 -14.19720
 -14.27402 -14.27761 -14.28278 -14.29361 -14.30008
 -14.38810 -14.39215 -14.39717 -14.40317 -14.41402
 -14.50402 -14.50688 -14.51283 -14.51867 -14.52926
 -14.62110 -14.62388 -14.62968 -14.63538 -14.64573
 -14.73926 -14.74197 -14.74763 -14.75321 -14.76334
 -14.85799 -14.86108 -14.86476 -14.87207 -14.88201
 -14.97812 -14.98114 -14.98474 -14.99191 -15.00166
 -15.09912 -15.10207 -15.10561 -15.11264 -15.12222
 -15.22093 -15.22305 -15.22730 -15.23421 -15.24364
 -15.34315 -15.34558 -15.34976 -15.35655 -15.36584
 -15.46644 -15.46883 -15.47293 -15.47679 -15.48878
 -15.59039 -15.59274 -15.59677 -15.60057 -15.61240
 -15.71495 -15.71726 -15.71993 -15.72498 -15.73146
 -15.83979 -15.84176 -15.84499 -15.84998 -15.85638
 -15.96547 -15.96741 -15.97060 -15.97552 -15.98185
 -16.09166 -16.09356 -16.09671 -16.10158 -16.10783
 -16.21831 -16.22020 -16.22331 -16.22812 -16.23431
 -16.34517 -16.34727 -16.35035 -16.35511 -16.36124
 == 4 ================== Behringer data =========================================
 -11.20988 -11.23944 -11.28668 -11.33764 -11.42268
 -11.26711 -11.29528 -11.34073 -11.39022 -11.42577
 -11.32554 -11.35232 -11.39590 -11.44382 -11.47848
 -11.37886 -11.41062 -11.45229 -11.49855 -11.53224
 -11.44023 -11.47025 -11.51001 -11.55453 -11.58718
 -11.50297 -11.53128 -11.55402 -11.61188 -11.64343
 -11.56712 -11.58552 -11.61534 -11.67070 -11.70112
 -11.63276 -11.65001 -11.67822 -11.70906 -11.76035
 -11.69592 -11.71609 -11.74272 -11.77206 -11.82124
 -11.76498 -11.78381 -11.80891 -11.83679 -11.88388
 -11.83569 -11.85324 -11.87687 -11.90333 -11.94837
 -11.90810 -11.92445 -11.94666 -11.97174 -12.01478
 -11.97967 -11.99749 -12.01834 -12.04209 -12.08318
 -12.05585 -12.06798 -12.08411 -12.11445 -12.15366
 -12.13388 -12.14515 -12.16024 -12.18888 -12.22626
 -12.21380 -12.22427 -12.23839 -12.26542 -12.30105
 -12.29564 -12.30538 -12.31860 -12.34411 -12.35835
 -12.37787 -12.38850 -12.40087 -12.41483 -12.43849
 -12.46371 -12.47097 -12.48522 -12.49838 -12.52083
 -12.55146 -12.55824 -12.57161 -12.58403 -12.60534
 -12.64112 -12.64745 -12.66002 -12.67175 -12.69199
 -12.73163 -12.73859 -12.74653 -12.76151 -12.78076
 -12.82509 -12.83162 -12.83910 -12.85329 -12.87160
 -12.92039 -12.92653 -12.93360 -12.94705 -12.96450
 -13.01752 -13.02178 -13.03000 -13.04278 -13.05944
 -13.11579 -13.12052 -13.12831 -13.14048 -13.15641
 -13.21663 -13.22110 -13.22852 -13.23527 -13.25538
 -13.31928 -13.32353 -13.33059 -13.33705 -13.35634
 -13.42371 -13.42777 -13.43232 -13.44070 -13.45109
 -13.52940 -13.53275 -13.53813 -13.54618 -13.55619
 -13.63730 -13.64052 -13.64568 -13.65342 -13.66308
 -13.74683 -13.74992 -13.75489 -13.76236 -13.77170
 -13.85791 -13.86089 -13.86568 -13.87291 -13.88196
 -13.97009 -13.97334 -13.97798 -13.98498 -13.99378
 -14.08404 -14.08647 -14.09024 -14.09849 -14.10705
 -14.19930 -14.20165 -14.20531 -14.21060 -14.22168
 -14.31546 -14.31805 -14.32161 -14.32676 -14.33759
 -14.43307 -14.43559 -14.43906 -14.44409 -14.45468
 -14.55173 -14.55363 -14.55757 -14.56249 -14.56839
 -14.67137 -14.67323 -14.67708 -14.68190 -14.68768
 -14.79168 -14.79374 -14.79648 -14.80224 -14.80791
 -14.91309 -14.91510 -14.91779 -14.92344 -14.92902
 -15.03528 -15.03682 -15.03990 -15.04359 -15.05094
 -15.15801 -15.15972 -15.16275 -15.16638 -15.17361
 -15.28162 -15.28330 -15.28628 -15.28986 -15.29699
 -15.40588 -15.40753 -15.40967 -15.41398 -15.42102
 -15.53055 -15.53199 -15.53447 -15.53872 -15.54567
 -15.65596 -15.65738 -15.65982 -15.66401 -15.67088
 -15.78190 -15.78329 -15.78570 -15.78984 -15.79375
 -15.90816 -15.90970 -15.91207 -15.91481 -15.92003
 == 5 ================== Behringer data =========================================
 -10.88755 -10.91327 -10.95600 -10.98992 -11.04057
 -10.94196 -10.96640 -10.99482 -11.04043 -11.09007
 -10.99724 -11.02038 -11.04753 -11.09160 -11.14009
 -11.05342 -11.07526 -11.10111 -11.14352 -11.16433
 -11.11054 -11.13108 -11.15560 -11.19627 -11.21639
 -11.16507 -11.18788 -11.21108 -11.23439 -11.26932
 -11.22441 -11.24032 -11.26760 -11.28975 -11.32321
 -11.28477 -11.29957 -11.32520 -11.34618 -11.37813
 -11.34620 -11.35992 -11.37643 -11.40376 -11.43417
 -11.40639 -11.42140 -11.43680 -11.46252 -11.49140
 -11.47023 -11.48406 -11.49838 -11.52252 -11.54988
 -11.53521 -11.54792 -11.56120 -11.58382 -11.60967
 -11.60138 -11.61004 -11.62532 -11.64645 -11.67083
 -11.66731 -11.67668 -11.69077 -11.71047 -11.73340
 -11.73607 -11.74462 -11.75759 -11.76849 -11.79744
 -11.80611 -11.81389 -11.82205 -11.83591 -11.85159
 -11.87745 -11.88453 -11.89201 -11.90482 -11.91941
 -11.94925 -11.95492 -11.96343 -11.97524 -11.98881
 -12.02339 -12.02854 -12.03633 -12.04721 -12.05981
 -12.09894 -12.10362 -12.11074 -12.12077 -12.13246
 -12.17537 -12.18021 -12.18672 -12.19596 -12.20679
 -12.25393 -12.25735 -12.26431 -12.27281 -12.28286
 -12.33406 -12.33718 -12.34182 -12.34820 -12.36070
 -12.41582 -12.41866 -12.42292 -12.42879 -12.44037
 -12.49890 -12.50185 -12.50576 -12.51118 -12.52192
 -12.58409 -12.58680 -12.59040 -12.59541 -12.60538
 -12.67105 -12.67298 -12.67686 -12.68149 -12.68683
 -12.75952 -12.76154 -12.76416 -12.76943 -12.77439
 -12.85001 -12.85188 -12.85430 -12.85920 -12.86383
 -12.94223 -12.94396 -12.94621 -12.95077 -12.95510
 -13.03599 -13.03742 -13.03987 -13.04271 -13.04818
 -13.13163 -13.13296 -13.13525 -13.13791 -13.14303
 -13.22896 -13.23020 -13.23234 -13.23484 -13.23966
 -13.32785 -13.32914 -13.33061 -13.33350 -13.33805
 -13.42859 -13.42956 -13.43118 -13.43390 -13.43820
 -13.53103 -13.53194 -13.53348 -13.53605 -13.53841
 -13.63508 -13.63604 -13.63749 -13.63993 -13.64217
 -13.74091 -13.74182 -13.74320 -13.74476 -13.74766
 -13.84840 -13.84910 -13.85023 -13.85207 -13.85484
 -13.95742 -13.95815 -13.95924 -13.96099 -13.96364
 -14.06805 -14.06876 -14.06979 -14.07148 -14.07402
 -14.18016 -14.18083 -14.18183 -14.18345 -14.18590
 -14.29359 -14.29418 -14.29526 -14.29682 -14.29919
 -14.40841 -14.40897 -14.40978 -14.41104 -14.41382
 -14.52446 -14.52500 -14.52578 -14.52700 -14.52877
 -14.64161 -14.64208 -14.64294 -14.64412 -14.64584
 -14.75989 -14.76035 -14.76118 -14.76233 -14.76400
 -14.87913 -14.87961 -14.88024 -14.88154 -14.88317
 -14.99934 -14.99973 -15.00043 -15.00170 -15.00329
 -15.12043 -15.12081 -15.12148 -15.12238 -15.12428
 == 6 ================== Behringer data =========================================
 -10.63787 -10.66315 -10.68633 -10.72087 -10.75527
 -10.69047 -10.70866 -10.73680 -10.77034 -10.80406
 -10.74374 -10.76096 -10.78784 -10.82029 -10.85323
 -10.79458 -10.81395 -10.83954 -10.87079 -10.90285
 -10.84950 -10.86767 -10.89193 -10.91023 -10.95297
 -10.90516 -10.92214 -10.93813 -10.96250 -10.98715
 -10.96160 -10.97353 -10.99244 -11.01554 -11.03912
 -11.01670 -11.02988 -11.04757 -11.06939 -11.09186
 -11.07491 -11.08707 -11.10357 -11.12410 -11.14544
 -11.13394 -11.14513 -11.16046 -11.17973 -11.19992
 -11.19234 -11.20408 -11.21827 -11.23630 -11.25535
 -11.25324 -11.26162 -11.27305 -11.29386 -11.31177
 -11.31502 -11.32264 -11.33313 -11.34629 -11.36925
 -11.37773 -11.38464 -11.39423 -11.40639 -11.42783
 -11.44050 -11.44764 -11.45640 -11.46759 -11.48755
 -11.50525 -11.51170 -11.51967 -11.52995 -11.54849
 -11.57105 -11.57558 -11.58410 -11.59352 -11.60364
 -11.63736 -11.64202 -11.64771 -11.65836 -11.66768
 -11.70548 -11.70966 -11.71481 -11.72452 -11.73309
 -11.77482 -11.77858 -11.78324 -11.79208 -11.79995
 -11.84511 -11.84813 -11.85307 -11.85851 -11.86834
 -11.91722 -11.91993 -11.92439 -11.92934 -11.93834
 -11.99083 -11.99327 -11.99730 -12.00181 -12.01004
 -12.06580 -12.06825 -12.07094 -12.07599 -12.08353
 -12.14275 -12.14453 -12.14740 -12.15200 -12.15891
 -12.22149 -12.22309 -12.22570 -12.22989 -12.23361
 -12.30191 -12.30353 -12.30590 -12.30850 -12.31315
 -12.38440 -12.38587 -12.38804 -12.39042 -12.39469
 -12.46880 -12.46988 -12.47160 -12.47430 -12.47823
 -12.55496 -12.55606 -12.55764 -12.56012 -12.56376
 -12.64312 -12.64413 -12.64558 -12.64787 -12.65123
 -12.73312 -12.73387 -12.73539 -12.73750 -12.74062
 -12.82488 -12.82565 -12.82706 -12.82902 -12.83192
 -12.91858 -12.91930 -12.92030 -12.92184 -12.92402
 -13.01415 -13.01481 -13.01575 -13.01718 -13.01922
 -13.11155 -13.11211 -13.11310 -13.11444 -13.11635
 -13.21092 -13.21144 -13.21237 -13.21363 -13.21543
 -13.31216 -13.31269 -13.31337 -13.31475 -13.31644
 -13.41533 -13.41575 -13.41647 -13.41778 -13.41938
 -13.52037 -13.52076 -13.52145 -13.52235 -13.52421
 -13.62717 -13.62757 -13.62822 -13.62908 -13.63085
 -13.73573 -13.73612 -13.73660 -13.73756 -13.73869
 -13.84591 -13.84625 -13.84677 -13.84769 -13.84877
 -13.95768 -13.95801 -13.95851 -13.95938 -13.96043
 -14.07089 -14.07123 -14.07171 -14.07233 -14.07356
 -14.18549 -14.18577 -14.18618 -14.18688 -14.18806
 -14.30137 -14.30164 -14.30203 -14.30271 -14.30386
 -14.41842 -14.41869 -14.41908 -14.41973 -14.42085
 -14.53659 -14.53681 -14.53723 -14.53786 -14.53859
 -14.65577 -14.65600 -14.65632 -14.65686 -14.65773
