    6    5   35    1    6     /CARBON             /GCR PROJECT                 
================================================================================
  11.00000  12.00000  13.00000  14.00000  15.00000
   0.00000   0.13535   0.27071   0.40606   0.54142   0.67677   0.81213   0.94748
   1.08284   1.21819   1.35355   1.48890   1.62426   1.75961   1.89497   2.03032
   2.16568   2.30103   2.43638   2.57174   2.70709   2.84245   2.97780   3.11316
   3.24851   3.38387   3.51922   3.65458   3.78993   3.92529   4.06064   4.19600
   4.33135   4.46671   4.60206
---------------------/ IGRD= 1  / IPRT= 1  /--------/ Z1= 1   / DATE= 04/11/99  
 -15.18641 -15.18654 -15.18655 -15.18655 -15.18657
 -15.03997 -15.04046 -15.04052 -15.04051 -15.04079
 -14.81953 -14.82067 -14.82080 -14.82102 -14.82222
 -14.53395 -14.53597 -14.53593 -14.53663 -14.53983
 -14.19590 -14.19852 -14.19866 -14.19961 -14.20525
 -13.80889 -13.81177 -13.81242 -13.81325 -13.82029
 -13.37737 -13.38062 -13.38108 -13.38189 -13.38752
 -12.90903 -12.91192 -12.91231 -12.91290 -12.91458
 -12.42825 -12.43051 -12.43090 -12.43109 -12.42856
 -11.95588 -11.95781 -11.95815 -11.95805 -11.95264
 -11.49568 -11.49718 -11.49750 -11.49740 -11.49114
 -11.04721 -11.04803 -11.04825 -11.04832 -11.04296
 -10.62016 -10.62065 -10.62087 -10.62112 -10.61680
 -10.21949 -10.21985 -10.22005 -10.22048 -10.21701
  -9.84331  -9.84358  -9.84373  -9.84429  -9.84145
  -9.47934  -9.47955  -9.47972  -9.48029  -9.47794
  -9.11592  -9.11608  -9.11624  -9.11680  -9.11486
  -8.75379  -8.75391  -8.75404  -8.75470  -8.75301
  -8.39263  -8.39272  -8.39287  -8.39353  -8.39209
  -8.03166  -8.03175  -8.03188  -8.03254  -8.03136
  -7.67081  -7.67090  -7.67101  -7.67166  -7.67074
  -7.31024  -7.31033  -7.31043  -7.31103  -7.31033
  -6.94977  -6.94984  -6.94994  -6.95051  -6.95001
  -6.58935  -6.58940  -6.58951  -6.59004  -6.58972
  -6.22898  -6.22900  -6.22912  -6.22962  -6.22947
  -5.86863  -5.86864  -5.86875  -5.86923  -5.86922
  -5.50831  -5.50830  -5.50841  -5.50886  -5.50898
  -5.14801  -5.14800  -5.14812  -5.14853  -5.14876
  -4.78775  -4.78773  -4.78784  -4.78824  -4.78856
  -4.42751  -4.42747  -4.42758  -4.42796  -4.42835
  -4.06728  -4.06723  -4.06734  -4.06769  -4.06815
  -3.70707  -3.70702  -3.70713  -3.70745  -3.70796
  -3.34686  -3.34680  -3.34691  -3.34722  -3.34778
  -2.98666  -2.98659  -2.98670  -2.98698  -2.98759
  -2.62645  -2.62638  -2.62649  -2.62675  -2.62741
---------------------/ IGRD= 1  / IPRT= 1  /--------/ Z1= 2   / DATE= 04/11/99  
 -12.03157 -12.03174 -12.03175 -12.03175 -12.03183
 -12.04554 -12.04661 -12.04673 -12.04674 -12.04566
 -12.06933 -12.07291 -12.07320 -12.07297 -12.07227
 -12.04913 -12.05534 -12.05604 -12.05600 -12.05767
 -11.89872 -11.90759 -11.90856 -11.90883 -11.91438
 -11.59851 -11.60946 -11.61038 -11.61061 -11.62210
 -11.21196 -11.22238 -11.22339 -11.22379 -11.24355
 -10.82605 -10.83584 -10.83759 -10.83948 -10.86582
 -10.47297 -10.48342 -10.48527 -10.48567 -10.51463
 -10.14816 -10.15885 -10.15977 -10.15826 -10.18685
  -9.84620  -9.85560  -9.85536  -9.85430  -9.88201
  -9.56340  -9.57106  -9.56968  -9.56822  -9.59545
  -9.29661  -9.30226  -9.29989  -9.29956  -9.32615
  -9.04892  -9.05295  -9.04997  -9.04952  -9.07956
  -8.82257  -8.82543  -8.82358  -8.82245  -8.85821
  -8.62009  -8.62202  -8.62229  -8.62207  -8.66144
  -8.44571  -8.44706  -8.44725  -8.44818  -8.48988
  -8.29850  -8.29944  -8.29900  -8.30150  -8.34277
  -8.17243  -8.17305  -8.17290  -8.17500  -8.21602
  -8.05620  -8.05660  -8.05643  -8.06147  -8.09851
  -7.94489  -7.94514  -7.94477  -7.95130  -7.98484
  -7.83722  -7.83741  -7.83739  -7.83857  -7.87390
  -7.73005  -7.73019  -7.73027  -7.73212  -7.76427
  -7.62346  -7.62355  -7.62352  -7.62914  -7.65544
  -7.51760  -7.51765  -7.51749  -7.52701  -7.54728
  -7.41223  -7.41226  -7.41198  -7.42531  -7.43962
  -7.30717  -7.30718  -7.30678  -7.32395  -7.33229
  -7.20234  -7.20233  -7.20181  -7.22281  -7.22517
  -7.09766  -7.09764  -7.09700  -7.12183  -7.11820
  -6.99308  -6.99305  -6.99229  -7.02094  -7.01133
  -6.88857  -6.88854  -6.88765  -6.92013  -6.90453
  -6.78411  -6.78406  -6.78306  -6.81937  -6.79777
  -6.67966  -6.67959  -6.67848  -6.71861  -6.69101
  -6.57520  -6.57512  -6.57390  -6.61786  -6.58426
  -6.47075  -6.47065  -6.46931  -6.51710  -6.47750
---------------------/ IGRD= 1  / IPRT= 1  /--------/ Z1= 3   / DATE= 04/11/99  
  -8.52676  -8.52677  -8.52698  -8.52702  -8.52732
  -8.50309  -8.50309  -8.50313  -8.50293  -8.50348
  -8.47848  -8.47848  -8.47850  -8.47818  -8.47895
  -8.45280  -8.45280  -8.45282  -8.45250  -8.45274
  -8.42614  -8.42614  -8.42611  -8.42596  -8.42553
  -8.39854  -8.39854  -8.39851  -8.39852  -8.39826
  -8.36973  -8.36973  -8.36979  -8.36978  -8.37069
  -8.33970  -8.33971  -8.33949  -8.33942  -8.34193
  -8.30848  -8.30845  -8.30881  -8.30868  -8.31127
  -8.27545  -8.27539  -8.27631  -8.27628  -8.27870
  -8.24018  -8.24017  -8.24043  -8.24055  -8.24410
  -8.20271  -8.20273  -8.20251  -8.20264  -8.20695
  -8.16233  -8.16233  -8.16219  -8.16261  -8.16698
  -8.11837  -8.11836  -8.11838  -8.11888  -8.12331
  -8.06960  -8.06960  -8.06955  -8.06985  -8.07460
  -8.01488  -8.01489  -8.01489  -8.01504  -8.02001
  -7.95473  -7.95471  -7.95513  -7.95522  -7.96015
  -7.89030  -7.89028  -7.89056  -7.89094  -7.89578
  -7.81994  -7.81994  -7.82000  -7.82111  -7.82528
  -7.74341  -7.74342  -7.74346  -7.74406  -7.74848
  -7.65858  -7.65859  -7.65862  -7.65868  -7.66365
  -7.56240  -7.56239  -7.56228  -7.56342  -7.56798
  -7.45394  -7.45393  -7.45381  -7.45523  -7.45972
  -7.33302  -7.33301  -7.33291  -7.33407  -7.33864
  -7.19578  -7.19578  -7.19579  -7.19676  -7.20131
  -7.04691  -7.04693  -7.04713  -7.04780  -7.05251
  -6.89540  -6.89543  -6.89585  -6.89605  -6.90110
  -6.74435  -6.74439  -6.74501  -6.74481  -6.75016
  -6.59324  -6.59330  -6.59413  -6.59354  -6.59918
  -6.44200  -6.44206  -6.44310  -6.44213  -6.44806
  -6.29072  -6.29079  -6.29203  -6.29070  -6.29691
  -6.13938  -6.13947  -6.14090  -6.13923  -6.14574
  -5.98802  -5.98813  -5.98975  -5.98774  -5.99456
  -5.83667  -5.83680  -5.83861  -5.83626  -5.84338
  -5.68532  -5.68547  -5.68747  -5.68477  -5.69221
---------------------/ IGRD= 1  / IPRT= 1  /--------/ Z1= 4   / DATE= 04/11/99  
  -8.79561  -8.79561  -8.79561  -8.79561  -8.79561
  -8.74629  -8.74629  -8.74629  -8.74629  -8.74629
  -8.70068  -8.70068  -8.70068  -8.70068  -8.70068
  -8.65713  -8.65713  -8.65713  -8.65713  -8.65714
  -8.61222  -8.61222  -8.61222  -8.61222  -8.61219
  -8.56153  -8.56153  -8.56153  -8.56153  -8.56143
  -8.49945  -8.49945  -8.49945  -8.49945  -8.49944
  -8.42016  -8.42016  -8.42016  -8.42019  -8.42073
  -8.31964  -8.31964  -8.31964  -8.31965  -8.31987
  -8.19662  -8.19662  -8.19661  -8.19659  -8.19628
  -8.05733  -8.05733  -8.05734  -8.05739  -8.05829
  -7.91891  -7.91891  -7.91893  -7.91904  -7.92145
  -7.79442  -7.79442  -7.79434  -7.79439  -7.79598
  -7.67875  -7.67875  -7.67860  -7.67861  -7.68000
  -7.56629  -7.56632  -7.56666  -7.56687  -7.56858
  -7.45603  -7.45611  -7.45679  -7.45760  -7.45870
  -7.34854  -7.34862  -7.34846  -7.34971  -7.35113
  -7.24465  -7.24477  -7.24478  -7.24535  -7.24729
  -7.14833  -7.14849  -7.14855  -7.14884  -7.15115
  -7.06348  -7.06366  -7.06381  -7.06403  -7.06623
  -6.99007  -6.99026  -6.99048  -6.99061  -6.99216
  -6.92527  -6.92546  -6.92547  -6.92550  -6.92714
  -6.86533  -6.86549  -6.86547  -6.86516  -6.86982
  -6.80872  -6.80886  -6.80887  -6.80885  -6.81212
  -6.74709  -6.74720  -6.74721  -6.74720  -6.75094
  -6.67767  -6.67776  -6.67777  -6.67756  -6.68234
  -6.60114  -6.60122  -6.60123  -6.60117  -6.60414
  -6.51808  -6.51813  -6.51815  -6.51827  -6.51975
  -6.43420  -6.43425  -6.43428  -6.43459  -6.43461
  -6.35082  -6.35085  -6.35090  -6.35140  -6.34990
  -6.26733  -6.26736  -6.26741  -6.26811  -6.26511
  -6.18393  -6.18395  -6.18401  -6.18491  -6.18039
  -6.10054  -6.10055  -6.10062  -6.10172  -6.09568
  -6.01715  -6.01715  -6.01723  -6.01853  -6.01097
  -5.93375  -5.93375  -5.93384  -5.93534  -5.92626
---------------------/ IGRD= 1  / IPRT= 1  /--------/ Z1= 5   / DATE= 04/11/99  
  -8.07915  -8.07852  -8.07926  -8.07893  -8.07930
  -8.04138  -8.04128  -8.04086  -8.04139  -8.04099
  -8.00294  -8.00305  -8.00278  -8.00302  -8.00284
  -7.96455  -7.96429  -7.96435  -7.96434  -7.96429
  -7.92533  -7.92498  -7.92504  -7.92510  -7.92514
  -7.88441  -7.88448  -7.88458  -7.88513  -7.88515
  -7.84277  -7.84284  -7.84312  -7.84492  -7.84393
  -7.80346  -7.80343  -7.80337  -7.80349  -7.80281
  -7.76370  -7.76367  -7.76362  -7.76411  -7.76407
  -7.72564  -7.72563  -7.72596  -7.72704  -7.72754
  -7.69232  -7.69233  -7.69265  -7.69128  -7.69266
  -7.66001  -7.66002  -7.66017  -7.65884  -7.66038
  -7.62809  -7.62810  -7.62809  -7.62874  -7.62983
  -7.59745  -7.59746  -7.59733  -7.59792  -7.59904
  -7.56575  -7.56574  -7.56556  -7.56466  -7.56703
  -7.52871  -7.52870  -7.52859  -7.52814  -7.53115
  -7.48572  -7.48572  -7.48574  -7.48646  -7.48824
  -7.43791  -7.43791  -7.43802  -7.43879  -7.44147
  -7.38594  -7.38595  -7.38605  -7.38585  -7.38933
  -7.32698  -7.32699  -7.32703  -7.32679  -7.33072
  -7.25906  -7.25906  -7.25905  -7.25959  -7.26349
  -7.18159  -7.18159  -7.18157  -7.18237  -7.18567
  -7.09556  -7.09556  -7.09556  -7.09581  -7.09940
  -7.00345  -7.00345  -7.00345  -7.00377  -7.00704
  -6.90610  -6.90610  -6.90607  -6.90655  -6.90951
  -6.80560  -6.80562  -6.80566  -6.80600  -6.80846
  -6.70574  -6.70578  -6.70594  -6.70619  -6.70810
  -6.61044  -6.61043  -6.61061  -6.61087  -6.61293
  -6.52314  -6.52313  -6.52318  -6.52349  -6.52536
  -6.43912  -6.43914  -6.43900  -6.43936  -6.44076
  -6.35467  -6.35472  -6.35440  -6.35482  -6.35578
  -6.27039  -6.27048  -6.26997  -6.27045  -6.27097
  -6.18614  -6.18626  -6.18557  -6.18611  -6.18617
  -6.10189  -6.10204  -6.10116  -6.10177  -6.10138
  -6.01764  -6.01783  -6.01676  -6.01743  -6.01659
---------------------/ IGRD= 1  / IPRT= 1  /--------/ Z1= 6   / DATE= 04/11/99  
 -11.46223 -11.46223 -11.46223 -11.46223 -11.46224
 -11.35653 -11.35653 -11.35653 -11.35653 -11.35654
 -11.24959 -11.24959 -11.24959 -11.24959 -11.24958
 -11.11733 -11.11733 -11.11733 -11.11733 -11.11734
 -10.91832 -10.91832 -10.91832 -10.91832 -10.91832
 -10.64805 -10.64805 -10.64805 -10.64804 -10.64805
 -10.34403 -10.34403 -10.34403 -10.34403 -10.34413
 -10.03898 -10.03898 -10.03898 -10.03898 -10.03903
  -9.73975  -9.73975  -9.73975  -9.73975  -9.73971
  -9.44978  -9.44978  -9.44978  -9.44978  -9.44976
  -9.17357  -9.17357  -9.17357  -9.17357  -9.17355
  -8.90873  -8.90873  -8.90873  -8.90873  -8.90862
  -8.65571  -8.65571  -8.65571  -8.65570  -8.65564
  -8.41611  -8.41611  -8.41611  -8.41610  -8.41610
  -8.19046  -8.19046  -8.19046  -8.19046  -8.19045
  -7.97979  -7.97979  -7.97979  -7.97979  -7.97972
  -7.78620  -7.78620  -7.78620  -7.78619  -7.78610
  -7.60847  -7.60846  -7.60846  -7.60848  -7.60864
  -7.44534  -7.44534  -7.44534  -7.44534  -7.44537
  -7.29368  -7.29367  -7.29367  -7.29367  -7.29366
  -7.15426  -7.15432  -7.15432  -7.15433  -7.15438
  -7.02946  -7.02965  -7.02965  -7.02965  -7.02963
  -6.91742  -6.91742  -6.91742  -6.91742  -6.91744
  -6.81303  -6.81299  -6.81299  -6.81299  -6.81297
  -6.71096  -6.71096  -6.71096  -6.71097  -6.71090
  -6.60825  -6.60824  -6.60824  -6.60824  -6.60820
  -6.50485  -6.50485  -6.50485  -6.50484  -6.50481
  -6.40076  -6.40076  -6.40076  -6.40076  -6.40073
  -6.29474  -6.29474  -6.29474  -6.29474  -6.29472
  -6.18685  -6.18685  -6.18685  -6.18685  -6.18684
  -6.07827  -6.07827  -6.07827  -6.07827  -6.07826
  -5.96974  -5.96974  -5.96974  -5.96974  -5.96973
  -5.86122  -5.86122  -5.86122  -5.86122  -5.86121
  -5.75270  -5.75270  -5.75270  -5.75270  -5.75268
  -5.64418  -5.64418  -5.64418  -5.64418  -5.64416
