    1    5   50    1    1 F: Be 20. Si3N4 0.055 Si 0.7 A:Si 3. 200. 380.       
================================================================================
  11.00000  12.00000  13.00000  14.00000  15.00000
   0.00000   0.09590   0.19179   0.28769   0.38359   0.47949   0.57538   0.67128
   0.76718   0.86308   0.95897   1.05487   1.15077   1.24667   1.34256   1.43846
   1.53436   1.63025   1.72615   1.82205   1.91795   2.01384   2.10974   2.20564
   2.30154   2.39743   2.49333   2.58923   2.68513   2.78102   2.87692   2.97282
   3.06872   3.16461   3.26051   3.35641   3.45230   3.54820   3.64410   3.74000
   3.83589   3.93179   4.02769   4.12359   4.21948   4.31538   4.41128   4.50718
   4.60307   4.69897
================================================================================
 -60.00000 -60.00000 -60.00000 -60.00000 -60.00000
 -60.00000 -60.00000 -60.00000 -60.00000 -60.00000
 -60.00000 -60.00000 -60.00000 -60.00000 -60.00000
 -60.00000 -60.00000 -60.00000 -60.00000 -60.00000
 -60.00000 -60.00000 -60.00000 -60.00000 -60.00000
 -60.00000 -60.00000 -60.00000 -60.00000 -60.00000
 -60.00000 -60.00000 -60.00000 -60.00000 -60.00000
 -60.00000 -60.00000 -60.00000 -60.00000 -60.00000
 -60.00000 -60.00000 -60.00000 -60.00000 -60.00000
 -60.00000 -60.00000 -60.00000 -60.00000 -60.00000
 -60.00000 -60.00000 -60.00000 -60.00000 -60.00000
 -57.59992 -57.59992 -57.59992 -57.59992 -57.59992
 -53.52485 -53.52485 -53.52485 -53.52485 -53.52485
 -50.05278 -50.05278 -50.05278 -50.05278 -50.05278
 -47.09557 -47.09557 -47.09557 -47.09557 -47.09557
 -44.57894 -44.57894 -44.57894 -44.57894 -44.57894
 -42.43831 -42.43831 -42.43831 -42.43831 -42.43831
 -40.61759 -40.61759 -40.61759 -40.61759 -40.61759
 -39.06876 -39.06876 -39.06876 -39.06876 -39.06876
 -37.75096 -37.75096 -37.75096 -37.75096 -37.75096
 -36.62932 -36.62932 -36.62932 -36.62932 -36.62932
 -35.67414 -35.67414 -35.67414 -35.67414 -35.67414
 -34.86033 -34.86033 -34.86033 -34.86033 -34.86033
 -34.16691 -34.16691 -34.16691 -34.16691 -34.16691
 -33.57633 -33.57633 -33.57633 -33.57633 -33.57633
 -33.07350 -33.07350 -33.07350 -33.07350 -33.07350
 -32.64492 -32.64492 -32.64492 -32.64492 -32.64492
 -32.27839 -32.27839 -32.27839 -32.27839 -32.27839
 -31.96305 -31.96305 -31.96305 -31.96305 -31.96305
 -31.68966 -31.68966 -31.68966 -31.68966 -31.68966
 -31.45070 -31.45070 -31.45070 -31.45070 -31.45070
 -31.24034 -31.24034 -31.24034 -31.24034 -31.24034
 -31.05417 -31.05417 -31.05417 -31.05417 -31.05417
 -30.88893 -30.88893 -30.88893 -30.88893 -30.88893
 -30.74221 -30.74221 -30.74221 -30.74221 -30.74221
 -30.61223 -30.61223 -30.61223 -30.61223 -30.61223
 -30.49762 -30.49762 -30.49762 -30.49762 -30.49762
 -30.39729 -30.39729 -30.39729 -30.39729 -30.39729
 -30.31030 -30.31030 -30.31030 -30.31030 -30.31030
 -30.23578 -30.23578 -30.23578 -30.23578 -30.23578
 -30.17286 -30.17286 -30.17286 -30.17286 -30.17286
 -30.12067 -30.12067 -30.12067 -30.12067 -30.12067
 -30.07831 -30.07831 -30.07831 -30.07831 -30.07831
 -30.04489 -30.04489 -30.04489 -30.04489 -30.04489
 -30.01951 -30.01951 -30.01951 -30.01951 -30.01951
 -30.00132 -30.00132 -30.00132 -30.00132 -30.00132
 -29.98953 -29.98953 -29.98953 -29.98953 -29.98953
 -29.98339 -29.98339 -29.98339 -29.98339 -29.98339
 -29.98223 -29.98223 -29.98223 -29.98223 -29.98223
 -29.98544 -29.98544 -29.98544 -29.98544 -29.98544
