    6    5   30    1    6           /Ne  standard Behringer data set (R.Dux)   
================================================================================
  11.00000  12.00000  13.00000  14.00000  15.00000
   0.00000   0.16203   0.32407   0.48610   0.64813   0.81017   0.97220   1.13423
   1.29627   1.45830   1.62033   1.78237   1.94440   2.10643   2.26847   2.43050
   2.59254   2.75457   2.91660   3.07864   3.24067   3.40270   3.56474   3.72677
   3.88880   4.05084   4.21287   4.37490   4.53694   4.69897
 == 1 ================== Behringer data =========================================
 -40.00000 -40.00000 -40.00000 -40.00000 -40.00000
 -40.00000 -40.00000 -40.00000 -40.00000 -40.00000
 -40.00000 -40.00000 -40.00000 -40.00000 -40.00000
 -40.00000 -40.00000 -40.00000 -40.00000 -40.00000
 -40.00000 -40.00000 -40.00000 -40.00000 -40.00000
 -40.00000 -40.00000 -40.00000 -40.00000 -40.00000
 -40.00000 -40.00000 -40.00000 -40.00000 -40.00000
 -40.00000 -40.00000 -40.00000 -40.00000 -40.00000
 -40.00000 -40.00000 -40.00000 -40.00000 -40.00000
 -40.00000 -40.00000 -40.00000 -40.00000 -40.00000
 -40.00000 -40.00000 -40.00000 -40.00000 -40.00000
 -40.00000 -40.00000 -40.00000 -40.00000 -40.00000
 -40.00000 -40.00000 -40.00000 -40.00000 -40.00000
 -40.00000 -40.00000 -40.00000 -40.00000 -40.00000
 -40.00000 -40.00000 -40.00000 -40.00000 -40.00000
 -40.00000 -40.00000 -40.00000 -40.00000 -40.00000
 -40.00000 -40.00000 -40.00000 -40.00000 -40.00000
 -40.00000 -40.00000 -40.00000 -40.00000 -40.00000
 -40.00000 -40.00000 -40.00000 -40.00000 -40.00000
 -40.00000 -40.00000 -40.00000 -40.00000 -40.00000
 -40.00000 -40.00000 -40.00000 -40.00000 -40.00000
 -40.00000 -40.00000 -40.00000 -40.00000 -40.00000
 -40.00000 -40.00000 -40.00000 -40.00000 -40.00000
 -40.00000 -40.00000 -40.00000 -40.00000 -40.00000
 -40.00000 -40.00000 -40.00000 -40.00000 -40.00000
 -40.00000 -40.00000 -40.00000 -40.00000 -40.00000
 -40.00000 -40.00000 -40.00000 -40.00000 -40.00000
 -40.00000 -40.00000 -40.00000 -40.00000 -40.00000
 -40.00000 -40.00000 -40.00000 -40.00000 -40.00000
 -40.00000 -40.00000 -40.00000 -40.00000 -40.00000
 == 2 ================== Behringer data =========================================
 -28.27890 -28.27890 -28.27890 -28.27890 -28.27890
 -27.07247 -27.07247 -27.07247 -27.07247 -27.07247
 -26.23083 -26.23083 -26.23083 -26.23083 -26.23083
 -25.64249 -25.64249 -25.64249 -25.64249 -25.64249
 -25.23999 -25.23999 -25.23999 -25.23999 -25.23999
 -24.97583 -24.97583 -24.97583 -24.97583 -24.97583
 -24.81319 -24.81319 -24.81319 -24.81319 -24.81319
 -24.72362 -24.72362 -24.72362 -24.72362 -24.72362
 -24.68586 -24.68586 -24.68586 -24.68586 -24.68586
 -24.68449 -24.68449 -24.68449 -24.68449 -24.68449
 -24.70849 -24.70849 -24.70849 -24.70849 -24.70849
 -24.75011 -24.75011 -24.75011 -24.75011 -24.75011
 -24.80394 -24.80394 -24.80394 -24.80394 -24.80394
 -24.86621 -24.86621 -24.86621 -24.86621 -24.86621
 -24.93430 -24.93430 -24.93430 -24.93430 -24.93430
 -25.00641 -25.00641 -25.00641 -25.00641 -25.00641
 -25.08129 -25.08129 -25.08129 -25.08129 -25.08129
 -25.15808 -25.15808 -25.15808 -25.15808 -25.15808
 -25.23619 -25.23619 -25.23619 -25.23619 -25.23619
 -25.31520 -25.31520 -25.31520 -25.31520 -25.31520
 -25.39483 -25.39483 -25.39483 -25.39483 -25.39483
 -25.47490 -25.47490 -25.47490 -25.47490 -25.47490
 -25.55526 -25.55526 -25.55526 -25.55526 -25.55526
 -25.63583 -25.63583 -25.63583 -25.63583 -25.63583
 -25.71653 -25.71653 -25.71653 -25.71653 -25.71653
 -25.79734 -25.79734 -25.79734 -25.79734 -25.79734
 -25.87821 -25.87821 -25.87821 -25.87821 -25.87821
 -25.95912 -25.95912 -25.95912 -25.95912 -25.95912
 -26.04007 -26.04007 -26.04007 -26.04007 -26.04007
 -26.12104 -26.12104 -26.12104 -26.12104 -26.12104
 == 3 ================== Behringer data =========================================
 -29.41928 -29.41928 -29.41928 -29.41928 -29.41928
 -27.74218 -27.74218 -27.74218 -27.74218 -27.74218
 -26.61256 -26.61256 -26.61256 -26.61256 -26.61256
 -25.85984 -25.85984 -25.85984 -25.85984 -25.85984
 -25.36627 -25.36627 -25.36627 -25.36627 -25.36627
 -25.05025 -25.05025 -25.05025 -25.05025 -25.05025
 -24.85553 -24.85553 -24.85553 -24.85553 -24.85553
 -24.74397 -24.74397 -24.74397 -24.74397 -24.74397
 -24.69001 -24.69001 -24.69001 -24.69001 -24.69001
 -24.67639 -24.67639 -24.67639 -24.67639 -24.67639
 -24.69117 -24.69117 -24.69117 -24.69117 -24.69117
 -24.72596 -24.72596 -24.72596 -24.72596 -24.72596
 -24.77482 -24.77482 -24.77482 -24.77482 -24.77482
 -24.83352 -24.83352 -24.83352 -24.83352 -24.83352
 -24.89908 -24.89908 -24.89908 -24.89908 -24.89908
 -24.96942 -24.96942 -24.96942 -24.96942 -24.96942
 -25.04306 -25.04306 -25.04306 -25.04306 -25.04306
 -25.11899 -25.11899 -25.11899 -25.11899 -25.11899
 -25.19649 -25.19649 -25.19649 -25.19649 -25.19649
 -25.27509 -25.27509 -25.27509 -25.27509 -25.27509
 -25.35444 -25.35444 -25.35444 -25.35444 -25.35444
 -25.43431 -25.43431 -25.43431 -25.43431 -25.43431
 -25.51453 -25.51453 -25.51453 -25.51453 -25.51453
 -25.59501 -25.59501 -25.59501 -25.59501 -25.59501
 -25.67565 -25.67565 -25.67565 -25.67565 -25.67565
 -25.75641 -25.75641 -25.75641 -25.75641 -25.75641
 -25.83725 -25.83725 -25.83725 -25.83725 -25.83725
 -25.91814 -25.91814 -25.91814 -25.91814 -25.91814
 -25.99907 -25.99907 -25.99907 -25.99907 -25.99907
 -26.08003 -26.08003 -26.08003 -26.08003 -26.08003
 == 4 ================== Behringer data =========================================
 -27.59698 -27.59698 -27.59698 -27.59698 -27.59698
 -26.59608 -26.59608 -26.59608 -26.59608 -26.59608
 -25.93209 -25.93209 -25.93209 -25.93209 -25.93209
 -25.50010 -25.50010 -25.50010 -25.50010 -25.50010
 -25.22783 -25.22783 -25.22783 -25.22783 -25.22783
 -25.06536 -25.06536 -25.06536 -25.06536 -25.06536
 -24.97795 -24.97795 -24.97795 -24.97795 -24.97795
 -24.94139 -24.94139 -24.94139 -24.94139 -24.94139
 -24.93932 -24.93932 -24.93932 -24.93932 -24.93932
 -24.96108 -24.96108 -24.96108 -24.96108 -24.96108
 -24.99970 -24.99970 -24.99970 -24.99970 -24.99970
 -25.05047 -25.05047 -25.05047 -25.05047 -25.05047
 -25.11003 -25.11003 -25.11003 -25.11003 -25.11003
 -25.17592 -25.17592 -25.17592 -25.17592 -25.17592
 -25.24635 -25.24635 -25.24635 -25.24635 -25.24635
 -25.31997 -25.31997 -25.31997 -25.31997 -25.31997
 -25.39586 -25.39586 -25.39586 -25.39586 -25.39586
 -25.47332 -25.47332 -25.47332 -25.47332 -25.47332
 -25.55187 -25.55187 -25.55187 -25.55187 -25.55187
 -25.63119 -25.63119 -25.63119 -25.63119 -25.63119
 -25.71103 -25.71103 -25.71103 -25.71103 -25.71103
 -25.79124 -25.79124 -25.79124 -25.79124 -25.79124
 -25.87170 -25.87170 -25.87170 -25.87170 -25.87170
 -25.95233 -25.95233 -25.95233 -25.95233 -25.95233
 -26.03308 -26.03308 -26.03308 -26.03308 -26.03308
 -26.11392 -26.11392 -26.11392 -26.11392 -26.11392
 -26.19481 -26.19481 -26.19481 -26.19481 -26.19481
 -26.27574 -26.27574 -26.27574 -26.27574 -26.27574
 -26.35670 -26.35670 -26.35670 -26.35670 -26.35670
 -26.43767 -26.43767 -26.43767 -26.43767 -26.43767
 == 5 ================== Behringer data =========================================
 -40.00000 -40.00000 -40.00000 -40.00000 -40.00000
 -40.00000 -40.00000 -40.00000 -40.00000 -40.00000
 -40.00000 -40.00000 -40.00000 -40.00000 -40.00000
 -40.00000 -40.00000 -40.00000 -40.00000 -40.00000
 -40.00000 -40.00000 -40.00000 -40.00000 -40.00000
 -40.00000 -40.00000 -40.00000 -40.00000 -40.00000
 -38.61539 -38.61539 -38.61539 -38.61539 -38.61539
 -34.25491 -34.25491 -34.25491 -34.25491 -34.25491
 -31.27619 -31.27619 -31.27619 -31.27619 -31.27619
 -29.24854 -29.24854 -29.24854 -29.24854 -29.24854
 -27.87587 -27.87587 -27.87587 -27.87587 -27.87587
 -26.95458 -26.95458 -26.95458 -26.95458 -26.95458
 -26.34455 -26.34455 -26.34455 -26.34455 -26.34455
 -25.94920 -25.94920 -25.94920 -25.94920 -25.94920
 -25.70191 -25.70191 -25.70191 -25.70191 -25.70191
 -25.55671 -25.55671 -25.55671 -25.55671 -25.55671
 -25.48187 -25.48187 -25.48187 -25.48187 -25.48187
 -25.45553 -25.45553 -25.45553 -25.45553 -25.45553
 -25.46260 -25.46260 -25.46260 -25.46260 -25.46260
 -25.49269 -25.49269 -25.49269 -25.49269 -25.49269
 -25.53864 -25.53864 -25.53864 -25.53864 -25.53864
 -25.59550 -25.59550 -25.59550 -25.59550 -25.59550
 -25.65989 -25.65989 -25.65989 -25.65989 -25.65989
 -25.72945 -25.72945 -25.72945 -25.72945 -25.72945
 -25.80258 -25.80258 -25.80258 -25.80258 -25.80258
 -25.87816 -25.87816 -25.87816 -25.87816 -25.87816
 -25.95544 -25.95544 -25.95544 -25.95544 -25.95544
 -26.03388 -26.03388 -26.03388 -26.03388 -26.03388
 -26.11312 -26.11312 -26.11312 -26.11312 -26.11312
 -26.19292 -26.19292 -26.19292 -26.19292 -26.19292
 == 6 ================== Behringer data =========================================
 -40.00000 -40.00000 -40.00000 -40.00000 -40.00000
 -40.00000 -40.00000 -40.00000 -40.00000 -40.00000
 -40.00000 -40.00000 -40.00000 -40.00000 -40.00000
 -40.00000 -40.00000 -40.00000 -40.00000 -40.00000
 -40.00000 -40.00000 -40.00000 -40.00000 -40.00000
 -40.00000 -40.00000 -40.00000 -40.00000 -40.00000
 -40.00000 -40.00000 -40.00000 -40.00000 -40.00000
 -36.60559 -36.60559 -36.60559 -36.60559 -36.60559
 -33.03970 -33.03970 -33.03970 -33.03970 -33.03970
 -30.60389 -30.60389 -30.60389 -30.60389 -30.60389
 -28.94454 -28.94454 -28.94454 -28.94454 -28.94454
 -27.82032 -27.82032 -27.82032 -27.82032 -27.82032
 -27.06636 -27.06636 -27.06636 -27.06636 -27.06636
 -26.56921 -26.56921 -26.56921 -26.56921 -26.56921
 -26.25028 -26.25028 -26.25028 -26.25028 -26.25028
 -26.05493 -26.05493 -26.05493 -26.05493 -26.05493
 -25.94514 -25.94514 -25.94514 -25.94514 -25.94514
 -25.89451 -25.89451 -25.89451 -25.89451 -25.89451
 -25.88476 -25.88476 -25.88476 -25.88476 -25.88476
 -25.90322 -25.90322 -25.90322 -25.90322 -25.90322
 -25.94112 -25.94112 -25.94112 -25.94112 -25.94112
 -25.99244 -25.99244 -25.99244 -25.99244 -25.99244
 -26.05300 -26.05300 -26.05300 -26.05300 -26.05300
 -26.11993 -26.11993 -26.11993 -26.11993 -26.11993
 -26.19124 -26.19124 -26.19124 -26.19124 -26.19124
 -26.26558 -26.26558 -26.26558 -26.26558 -26.26558
 -26.34199 -26.34199 -26.34199 -26.34199 -26.34199
 -26.41984 -26.41984 -26.41984 -26.41984 -26.41984
 -26.49867 -26.49867 -26.49867 -26.49867 -26.49867
 -26.57819 -26.57819 -26.57819 -26.57819 -26.57819
