   54    5   30    1   54     /                   /                        ADF1
================================================================================
  11.00000  12.00000  13.00000  14.00000  15.00000
   0.00000   0.16203   0.32407   0.48610   0.64813   0.81017   0.97220   1.13423
   1.29627   1.45830   1.62033   1.78237   1.94440   2.10643   2.26847   2.43050
   2.59254   2.75457   2.91660   3.07864   3.24067   3.40270   3.56474   3.72677
   3.88880   4.05084   4.21287   4.37490   4.53694   4.69897
 --------------------/ IGRD= 1  / IPRT= 0  /        / Z1= 1   / DATE= 26.01.98  
 -29.24509 -29.24509 -29.24509 -29.24509 -29.24509
 -27.86151 -27.86151 -27.86151 -27.86151 -27.86151
 -26.93374 -26.93374 -26.93374 -26.93374 -26.93374
 -26.32001 -26.32001 -26.32001 -26.32001 -26.32001
 -25.92256 -25.92256 -25.92256 -25.92256 -25.92256
 -25.67407 -25.67407 -25.67407 -25.67407 -25.67407
 -25.52819 -25.52819 -25.52819 -25.52819 -25.52819
 -25.45296 -25.45296 -25.45296 -25.45296 -25.45296
 -25.42638 -25.42638 -25.42638 -25.42638 -25.42638
 -25.43330 -25.43330 -25.43330 -25.43330 -25.43330
 -25.46330 -25.46330 -25.46330 -25.46329 -25.46330
 -25.50918 -25.50918 -25.50918 -25.50918 -25.50918
 -25.56601 -25.56601 -25.56601 -25.56601 -25.56601
 -25.63037 -25.63037 -25.63037 -25.63037 -25.63037
 -25.69991 -25.69991 -25.69991 -25.69991 -25.69991
 -25.77303 -25.77303 -25.77303 -25.77303 -25.77303
 -25.84861 -25.84861 -25.84861 -25.84861 -25.84861
 -25.92588 -25.92588 -25.92588 -25.92588 -25.92588
 -26.00431 -26.00432 -26.00432 -26.00432 -26.00432
 -26.08356 -26.08356 -26.08356 -26.08356 -26.08356
 -26.16335 -26.16335 -26.16335 -26.16335 -26.16335
 -26.24353 -26.24353 -26.24353 -26.24353 -26.24353
 -26.32396 -26.32396 -26.32396 -26.32396 -26.32396
 -26.40458 -26.40458 -26.40458 -26.40458 -26.40458
 -26.48532 -26.48532 -26.48532 -26.48532 -26.48532
 -26.56616 -26.56615 -26.56615 -26.56615 -26.56616
 -26.64704 -26.64704 -26.64704 -26.64704 -26.64704
 -26.72796 -26.72796 -26.72796 -26.72796 -26.72796
 -26.80892 -26.80892 -26.80892 -26.80892 -26.80892
 -26.88989 -26.88989 -26.88989 -26.88989 -26.88989
 --------------------/ IGRD= 1  / IPRT= 0  /        / Z1= 2   / DATE= 26.01.98  
 -29.82153 -29.82153 -29.82153 -29.82153 -29.82153
 -27.96766 -27.96766 -27.96766 -27.96766 -27.96766
 -26.67525 -26.67526 -26.67526 -26.67525 -26.67526
 -25.79235 -25.79235 -25.79235 -25.79235 -25.79235
 -25.20155 -25.20154 -25.20154 -25.20154 -25.20154
 -24.81635 -24.81636 -24.81636 -24.81636 -24.81636
 -24.57474 -24.57474 -24.57474 -24.57474 -24.57474
 -24.43286 -24.43286 -24.43286 -24.43286 -24.43285
 -24.36004 -24.36004 -24.36004 -24.36004 -24.36004
 -24.33496 -24.33496 -24.33496 -24.33496 -24.33496
 -24.34286 -24.34286 -24.34286 -24.34286 -24.34286
 -24.37349 -24.37349 -24.37349 -24.37349 -24.37349
 -24.41979 -24.41979 -24.41979 -24.41979 -24.41979
 -24.47690 -24.47690 -24.47690 -24.47690 -24.47690
 -24.54144 -24.54144 -24.54144 -24.54144 -24.54145
 -24.61112 -24.61112 -24.61112 -24.61112 -24.61112
 -24.68432 -24.68432 -24.68432 -24.68432 -24.68432
 -24.75996 -24.75996 -24.75996 -24.75996 -24.75995
 -24.83728 -24.83728 -24.83728 -24.83728 -24.83728
 -24.91574 -24.91574 -24.91574 -24.91574 -24.91574
 -24.99500 -24.99499 -24.99499 -24.99499 -24.99499
 -25.07482 -25.07481 -25.07481 -25.07481 -25.07481
 -25.15500 -25.15499 -25.15499 -25.15499 -25.15499
 -25.23544 -25.23544 -25.23544 -25.23544 -25.23544
 -25.31606 -25.31606 -25.31606 -25.31606 -25.31606
 -25.39680 -25.39680 -25.39680 -25.39680 -25.39680
 -25.47764 -25.47764 -25.47763 -25.47764 -25.47763
 -25.55852 -25.55851 -25.55851 -25.55851 -25.55852
 -25.63945 -25.63945 -25.63945 -25.63945 -25.63945
 -25.72040 -25.72040 -25.72040 -25.72040 -25.72040
 --------------------/ IGRD= 1  / IPRT= 0  /        / Z1= 3   / DATE= 26.01.98  
 -30.41607 -30.41607 -30.41607 -30.41607 -30.41607
 -28.50275 -28.50275 -28.50275 -28.50275 -28.50275
 -27.07421 -27.07421 -27.07421 -27.07421 -27.07421
 -26.05491 -26.05492 -26.05492 -26.05492 -26.05491
 -25.35728 -25.35728 -25.35728 -25.35728 -25.35728
 -24.89488 -24.89488 -24.89488 -24.89488 -24.89487
 -24.59902 -24.59901 -24.59901 -24.59901 -24.59902
 -24.41945 -24.41945 -24.41945 -24.41945 -24.41944
 -24.32056 -24.32057 -24.32057 -24.32057 -24.32057
 -24.27751 -24.27751 -24.27751 -24.27751 -24.27751
 -24.27301 -24.27300 -24.27300 -24.27300 -24.27300
 -24.29508 -24.29508 -24.29508 -24.29508 -24.29508
 -24.33551 -24.33550 -24.33550 -24.33550 -24.33551
 -24.38856 -24.38856 -24.38856 -24.38856 -24.38856
 -24.45031 -24.45031 -24.45031 -24.45031 -24.45032
 -24.51806 -24.51806 -24.51806 -24.51806 -24.51806
 -24.58995 -24.58995 -24.58995 -24.58995 -24.58995
 -24.66468 -24.66467 -24.66467 -24.66467 -24.66467
 -24.74136 -24.74136 -24.74136 -24.74136 -24.74136
 -24.81940 -24.81940 -24.81940 -24.81940 -24.81940
 -24.89835 -24.89835 -24.89835 -24.89835 -24.89835
 -24.97796 -24.97796 -24.97796 -24.97796 -24.97796
 -25.05800 -25.05800 -25.05800 -25.05800 -25.05800
 -25.13834 -25.13834 -25.13834 -25.13834 -25.13834
 -25.21890 -25.21890 -25.21890 -25.21890 -25.21890
 -25.29960 -25.29960 -25.29960 -25.29960 -25.29960
 -25.38040 -25.38040 -25.38040 -25.38040 -25.38040
 -25.46125 -25.46125 -25.46125 -25.46125 -25.46126
 -25.54217 -25.54217 -25.54217 -25.54217 -25.54217
 -25.62312 -25.62312 -25.62312 -25.62312 -25.62312
 --------------------/ IGRD= 1  / IPRT= 0  /        / Z1= 4   / DATE= 26.01.98  
 -30.05851 -30.05851 -30.05851 -30.05851 -30.05851
 -28.31086 -28.31086 -28.31086 -28.31086 -28.31086
 -27.04524 -27.04524 -27.04524 -27.04524 -27.04524
 -26.09737 -26.09737 -26.09737 -26.09737 -26.09737
 -25.40838 -25.40838 -25.40838 -25.40838 -25.40838
 -24.93299 -24.93299 -24.93299 -24.93298 -24.93298
 -24.62085 -24.62085 -24.62085 -24.62085 -24.62085
 -24.42724 -24.42724 -24.42724 -24.42724 -24.42724
 -24.31756 -24.31756 -24.31756 -24.31756 -24.31756
 -24.26659 -24.26659 -24.26659 -24.26659 -24.26659
 -24.25644 -24.25644 -24.25644 -24.25644 -24.25644
 -24.27454 -24.27454 -24.27454 -24.27454 -24.27454
 -24.31218 -24.31217 -24.31217 -24.31218 -24.31218
 -24.36330 -24.36330 -24.36330 -24.36330 -24.36330
 -24.42371 -24.42371 -24.42371 -24.42371 -24.42370
 -24.49053 -24.49053 -24.49053 -24.49053 -24.49053
 -24.56178 -24.56177 -24.56177 -24.56177 -24.56177
 -24.63606 -24.63606 -24.63606 -24.63606 -24.63606
 -24.71243 -24.71244 -24.71244 -24.71244 -24.71243
 -24.79026 -24.79027 -24.79027 -24.79027 -24.79027
 -24.86908 -24.86908 -24.86908 -24.86908 -24.86908
 -24.94858 -24.94858 -24.94858 -24.94858 -24.94858
 -25.02856 -25.02856 -25.02856 -25.02856 -25.02856
 -25.10885 -25.10885 -25.10885 -25.10885 -25.10886
 -25.18937 -25.18937 -25.18937 -25.18937 -25.18937
 -25.27006 -25.27006 -25.27006 -25.27006 -25.27006
 -25.35084 -25.35084 -25.35084 -25.35084 -25.35084
 -25.43169 -25.43169 -25.43169 -25.43169 -25.43169
 -25.51260 -25.51260 -25.51260 -25.51260 -25.51260
 -25.59354 -25.59354 -25.59354 -25.59354 -25.59354
 --------------------/ IGRD= 1  / IPRT= 0  /        / Z1= 5   / DATE= 26.01.98  
 -29.88493 -29.88493 -29.88493 -29.88493 -29.88493
 -28.29819 -28.29819 -28.29819 -28.29819 -28.29819
 -27.06570 -27.06570 -27.06570 -27.06570 -27.06570
 -26.12340 -26.12340 -26.12340 -26.12340 -26.12340
 -25.43291 -25.43291 -25.43291 -25.43291 -25.43291
 -24.95348 -24.95348 -24.95348 -24.95348 -24.95348
 -24.63696 -24.63696 -24.63696 -24.63696 -24.63696
 -24.43955 -24.43955 -24.43955 -24.43955 -24.43955
 -24.32689 -24.32689 -24.32689 -24.32689 -24.32689
 -24.27369 -24.27369 -24.27369 -24.27369 -24.27369
 -24.26193 -24.26193 -24.26193 -24.26193 -24.26193
 -24.27889 -24.27889 -24.27889 -24.27889 -24.27889
 -24.31572 -24.31572 -24.31572 -24.31572 -24.31572
 -24.36627 -24.36627 -24.36627 -24.36627 -24.36627
 -24.42630 -24.42630 -24.42630 -24.42630 -24.42630
 -24.49285 -24.49284 -24.49284 -24.49284 -24.49285
 -24.56390 -24.56390 -24.56390 -24.56390 -24.56390
 -24.63805 -24.63805 -24.63805 -24.63805 -24.63805
 -24.71434 -24.71434 -24.71434 -24.71434 -24.71435
 -24.79211 -24.79210 -24.79210 -24.79210 -24.79210
 -24.87088 -24.87088 -24.87088 -24.87088 -24.87088
 -24.95036 -24.95036 -24.95036 -24.95036 -24.95036
 -25.03031 -25.03031 -25.03031 -25.03031 -25.03031
 -25.11059 -25.11059 -25.11059 -25.11059 -25.11059
 -25.19110 -25.19110 -25.19110 -25.19110 -25.19110
 -25.27178 -25.27178 -25.27178 -25.27178 -25.27178
 -25.35255 -25.35255 -25.35255 -25.35255 -25.35255
 -25.43340 -25.43340 -25.43340 -25.43340 -25.43340
 -25.51431 -25.51431 -25.51431 -25.51431 -25.51431
 -25.59525 -25.59525 -25.59525 -25.59525 -25.59525
 --------------------/ IGRD= 1  / IPRT= 0  /        / Z1= 6   / DATE= 26.01.98  
 -29.85114 -29.85114 -29.85114 -29.85114 -29.85114
 -28.24195 -28.24195 -28.24195 -28.24195 -28.24194
 -26.97987 -26.97987 -26.97987 -26.97987 -26.97987
 -26.04044 -26.04044 -26.04044 -26.04044 -26.04044
 -25.37465 -25.37465 -25.37465 -25.37465 -25.37465
 -24.92116 -24.92116 -24.92116 -24.92116 -24.92116
 -24.62487 -24.62487 -24.62487 -24.62487 -24.62487
 -24.44182 -24.44182 -24.44182 -24.44182 -24.44182
 -24.33904 -24.33905 -24.33905 -24.33905 -24.33904
 -24.29260 -24.29260 -24.29260 -24.29260 -24.29259
 -24.28543 -24.28543 -24.28543 -24.28543 -24.28543
 -24.30552 -24.30552 -24.30552 -24.30552 -24.30552
 -24.34449 -24.34449 -24.34449 -24.34449 -24.34449
 -24.39651 -24.39651 -24.39651 -24.39651 -24.39651
 -24.45755 -24.45754 -24.45754 -24.45755 -24.45754
 -24.52479 -24.52479 -24.52479 -24.52479 -24.52479
 -24.59631 -24.59631 -24.59631 -24.59631 -24.59631
 -24.67080 -24.67080 -24.67080 -24.67080 -24.67080
 -24.74732 -24.74732 -24.74732 -24.74732 -24.74732
 -24.82523 -24.82523 -24.82523 -24.82523 -24.82523
 -24.90411 -24.90411 -24.90411 -24.90411 -24.90411
 -24.98366 -24.98366 -24.98366 -24.98366 -24.98366
 -25.06366 -25.06366 -25.06366 -25.06366 -25.06366
 -25.14398 -25.14397 -25.14397 -25.14397 -25.14398
 -25.22451 -25.22451 -25.22451 -25.22451 -25.22451
 -25.30521 -25.30521 -25.30521 -25.30521 -25.30521
 -25.38599 -25.38599 -25.38599 -25.38599 -25.38599
 -25.46685 -25.46685 -25.46685 -25.46685 -25.46685
 -25.54777 -25.54777 -25.54777 -25.54777 -25.54776
 -25.62870 -25.62870 -25.62870 -25.62870 -25.62870
 --------------------/ IGRD= 1  / IPRT= 0  /        / Z1= 7   / DATE= 26.01.98  
 -30.14009 -30.14009 -30.14009 -30.14009 -30.14009
 -28.31537 -28.31537 -28.31537 -28.31537 -28.31537
 -26.94351 -26.94350 -26.94350 -26.94350 -26.94351
 -25.97421 -25.97421 -25.97421 -25.97421 -25.97421
 -25.31749 -25.31749 -25.31749 -25.31749 -25.31749
 -24.88603 -24.88603 -24.88603 -24.88603 -24.88603
 -24.61264 -24.61264 -24.61264 -24.61264 -24.61264
 -24.44904 -24.44904 -24.44904 -24.44904 -24.44903
 -24.36137 -24.36137 -24.36137 -24.36137 -24.36137
 -24.32613 -24.32613 -24.32613 -24.32613 -24.32613
 -24.32705 -24.32705 -24.32705 -24.32705 -24.32705
 -24.35290 -24.35290 -24.35290 -24.35290 -24.35290
 -24.39592 -24.39592 -24.39592 -24.39591 -24.39591
 -24.45076 -24.45076 -24.45076 -24.45076 -24.45076
 -24.51375 -24.51375 -24.51375 -24.51375 -24.51375
 -24.58236 -24.58236 -24.58236 -24.58237 -24.58236
 -24.65483 -24.65483 -24.65483 -24.65483 -24.65483
 -24.72996 -24.72995 -24.72995 -24.72995 -24.72996
 -24.80693 -24.80692 -24.80692 -24.80693 -24.80693
 -24.88515 -24.88515 -24.88515 -24.88515 -24.88515
 -24.96424 -24.96424 -24.96424 -24.96424 -24.96424
 -25.04393 -25.04393 -25.04393 -25.04393 -25.04393
 -25.12404 -25.12404 -25.12404 -25.12404 -25.12404
 -25.20443 -25.20443 -25.20443 -25.20443 -25.20443
 -25.28501 -25.28501 -25.28501 -25.28501 -25.28501
 -25.36574 -25.36574 -25.36574 -25.36574 -25.36574
 -25.44654 -25.44654 -25.44654 -25.44654 -25.44654
 -25.52742 -25.52742 -25.52742 -25.52742 -25.52742
 -25.60835 -25.60834 -25.60834 -25.60834 -25.60834
 -25.68929 -25.68929 -25.68929 -25.68929 -25.68929
 --------------------/ IGRD= 1  / IPRT= 0  /        / Z1= 8   / DATE= 26.01.98  
 -30.49322 -30.49322 -30.49322 -30.49322 -30.49322
 -28.44035 -28.44035 -28.44035 -28.44035 -28.44035
 -27.05205 -27.05205 -27.05205 -27.05205 -27.05205
 -26.12134 -26.12133 -26.12133 -26.12133 -26.12133
 -25.50564 -25.50563 -25.50563 -25.50564 -25.50564
 -25.10689 -25.10689 -25.10689 -25.10688 -25.10688
 -24.85755 -24.85754 -24.85754 -24.85754 -24.85754
 -24.71109 -24.71109 -24.71109 -24.71109 -24.71109
 -24.63546 -24.63545 -24.63545 -24.63545 -24.63545
 -24.60859 -24.60859 -24.60859 -24.60859 -24.60859
 -24.61534 -24.61534 -24.61534 -24.61534 -24.61534
 -24.64521 -24.64521 -24.64521 -24.64521 -24.64521
 -24.69101 -24.69101 -24.69101 -24.69101 -24.69101
 -24.74777 -24.74777 -24.74777 -24.74777 -24.74777
 -24.81209 -24.81209 -24.81209 -24.81209 -24.81209
 -24.88161 -24.88161 -24.88161 -24.88161 -24.88161
 -24.95471 -24.95471 -24.95471 -24.95471 -24.95471
 -25.03027 -25.03027 -25.03027 -25.03027 -25.03027
 -25.10754 -25.10753 -25.10753 -25.10753 -25.10754
 -25.18596 -25.18596 -25.18596 -25.18596 -25.18596
 -25.26520 -25.26519 -25.26519 -25.26519 -25.26520
 -25.34500 -25.34500 -25.34500 -25.34500 -25.34500
 -25.42516 -25.42516 -25.42517 -25.42516 -25.42516
 -25.50560 -25.50559 -25.50559 -25.50559 -25.50559
 -25.58621 -25.58621 -25.58621 -25.58621 -25.58621
 -25.66695 -25.66695 -25.66695 -25.66695 -25.66695
 -25.74778 -25.74779 -25.74779 -25.74779 -25.74779
 -25.82867 -25.82866 -25.82866 -25.82866 -25.82866
 -25.90959 -25.90959 -25.90959 -25.90959 -25.90959
 -25.99055 -25.99055 -25.99055 -25.99055 -25.99055
 --------------------/ IGRD= 1  / IPRT= 0  /        / Z1= 9   / DATE= 26.01.98  
 -40.00000 -40.00000 -40.00000 -40.00000 -40.00000
 -40.00000 -40.00000 -40.00000 -40.00000 -40.00000
 -39.80836 -39.80836 -39.80836 -39.80836 -39.80836
 -35.02694 -35.02694 -35.02694 -35.02694 -35.02694
 -31.75432 -31.75432 -31.75432 -31.75432 -31.75432
 -29.49338 -29.49338 -29.49338 -29.49338 -29.49338
 -27.87446 -27.87446 -27.87446 -27.87446 -27.87446
 -26.67900 -26.67900 -26.67900 -26.67900 -26.67900
 -25.81185 -25.81185 -25.81185 -25.81185 -25.81185
 -25.20729 -25.20729 -25.20729 -25.20729 -25.20729
 -24.80212 -24.80212 -24.80212 -24.80212 -24.80212
 -24.54215 -24.54214 -24.54214 -24.54214 -24.54214
 -24.38555 -24.38555 -24.38555 -24.38555 -24.38555
 -24.30169 -24.30169 -24.30169 -24.30169 -24.30168
 -24.26856 -24.26856 -24.26856 -24.26856 -24.26856
 -24.27070 -24.27070 -24.27070 -24.27070 -24.27070
 -24.29728 -24.29728 -24.29728 -24.29728 -24.29728
 -24.34074 -24.34074 -24.34074 -24.34074 -24.34074
 -24.39587 -24.39587 -24.39587 -24.39587 -24.39587
 -24.45905 -24.45905 -24.45905 -24.45905 -24.45905
 -24.52778 -24.52778 -24.52778 -24.52777 -24.52778
 -24.60033 -24.60032 -24.60032 -24.60032 -24.60033
 -24.67551 -24.67551 -24.67551 -24.67551 -24.67551
 -24.75251 -24.75251 -24.75251 -24.75251 -24.75251
 -24.83076 -24.83076 -24.83076 -24.83076 -24.83076
 -24.90987 -24.90988 -24.90988 -24.90987 -24.90987
 -24.98958 -24.98959 -24.98959 -24.98959 -24.98958
 -25.06969 -25.06969 -25.06969 -25.06969 -25.06969
 -25.15009 -25.15009 -25.15009 -25.15009 -25.15009
 -25.23067 -25.23067 -25.23067 -25.23067 -25.23067
 --------------------/ IGRD= 1  / IPRT= 0  /        / Z1=10   / DATE= 26.01.98  
 -40.00000 -40.00000 -40.00000 -40.00000 -40.00000
 -40.00000 -40.00000 -40.00000 -40.00000 -40.00000
 -40.00000 -40.00000 -40.00000 -40.00000 -40.00000
 -36.13416 -36.13416 -36.13416 -36.13416 -36.13416
 -32.50307 -32.50307 -32.50307 -32.50307 -32.50307
 -29.95566 -29.95566 -29.95566 -29.95566 -29.95566
 -28.12803 -28.12803 -28.12803 -28.12803 -28.12803
 -26.81334 -26.81334 -26.81334 -26.81334 -26.81334
 -25.88976 -25.88976 -25.88976 -25.88976 -25.88976
 -25.26026 -25.26025 -25.26025 -25.26025 -25.26025
 -24.84444 -24.84444 -24.84444 -24.84444 -24.84443
 -24.58019 -24.58019 -24.58019 -24.58019 -24.58019
 -24.42210 -24.42210 -24.42210 -24.42210 -24.42210
 -24.33790 -24.33790 -24.33790 -24.33790 -24.33790
 -24.30489 -24.30489 -24.30489 -24.30489 -24.30489
 -24.30727 -24.30727 -24.30727 -24.30727 -24.30727
 -24.33408 -24.33408 -24.33408 -24.33408 -24.33408
 -24.37774 -24.37774 -24.37774 -24.37774 -24.37774
 -24.43302 -24.43303 -24.43303 -24.43303 -24.43302
 -24.49632 -24.49632 -24.49632 -24.49632 -24.49632
 -24.56513 -24.56512 -24.56512 -24.56512 -24.56512
 -24.63774 -24.63774 -24.63774 -24.63774 -24.63774
 -24.71296 -24.71296 -24.71296 -24.71296 -24.71296
 -24.78999 -24.78999 -24.78999 -24.78999 -24.78999
 -24.86826 -24.86826 -24.86826 -24.86826 -24.86826
 -24.94739 -24.94739 -24.94739 -24.94739 -24.94739
 -25.02711 -25.02710 -25.02710 -25.02710 -25.02711
 -25.10722 -25.10722 -25.10722 -25.10722 -25.10722
 -25.18762 -25.18762 -25.18762 -25.18762 -25.18762
 -25.26821 -25.26821 -25.26821 -25.26821 -25.26821
 --------------------/ IGRD= 1  / IPRT= 0  /        / Z1=11   / DATE= 26.01.98  
 -40.00000 -40.00000 -40.00000 -40.00000 -40.00000
 -40.00000 -40.00000 -40.00000 -40.00000 -40.00000
 -40.00000 -40.00000 -40.00000 -40.00000 -40.00000
 -37.48045 -37.48045 -37.48045 -37.48045 -37.48045
 -33.39135 -33.39135 -33.39135 -33.39135 -33.39135
 -30.46879 -30.46879 -30.46879 -30.46879 -30.46879
 -28.39331 -28.39331 -28.39331 -28.39331 -28.39331
 -26.95291 -26.95290 -26.95290 -26.95290 -26.95290
 -25.97321 -25.97320 -25.97320 -25.97321 -25.97320
 -25.31895 -25.31894 -25.31894 -25.31894 -25.31894
 -24.89183 -24.89183 -24.89183 -24.89183 -24.89183
 -24.62216 -24.62216 -24.62216 -24.62216 -24.62216
 -24.46134 -24.46134 -24.46134 -24.46134 -24.46134
 -24.37571 -24.37571 -24.37571 -24.37571 -24.37571
 -24.34189 -24.34189 -24.34189 -24.34189 -24.34189
 -24.34380 -24.34380 -24.34380 -24.34380 -24.34380
 -24.37033 -24.37033 -24.37033 -24.37033 -24.37033
 -24.41382 -24.41382 -24.41382 -24.41382 -24.41382
 -24.46900 -24.46900 -24.46900 -24.46900 -24.46899
 -24.53221 -24.53221 -24.53221 -24.53221 -24.53221
 -24.60097 -24.60096 -24.60096 -24.60096 -24.60097
 -24.67355 -24.67355 -24.67355 -24.67355 -24.67355
 -24.74875 -24.74875 -24.74875 -24.74875 -24.74875
 -24.82577 -24.82577 -24.82577 -24.82577 -24.82577
 -24.90403 -24.90403 -24.90403 -24.90403 -24.90403
 -24.98315 -24.98315 -24.98315 -24.98315 -24.98315
 -25.06287 -25.06286 -25.06286 -25.06286 -25.06286
 -25.14297 -25.14297 -25.14297 -25.14297 -25.14297
 -25.22338 -25.22338 -25.22338 -25.22338 -25.22338
 -25.30396 -25.30396 -25.30396 -25.30396 -25.30396
 --------------------/ IGRD= 1  / IPRT= 0  /        / Z1=12   / DATE= 26.01.98  
 -40.00000 -40.00000 -40.00000 -40.00000 -40.00000
 -40.00000 -40.00000 -40.00000 -40.00000 -40.00000
 -40.00000 -40.00000 -40.00000 -40.00000 -40.00000
 -38.01918 -38.01918 -38.01918 -38.01918 -38.01918
 -33.60233 -33.60233 -33.60233 -33.60233 -33.60233
 -30.55178 -30.55178 -30.55178 -30.55178 -30.55178
 -28.44891 -28.44891 -28.44891 -28.44891 -28.44891
 -27.00876 -27.00876 -27.00876 -27.00876 -27.00875
 -26.03295 -26.03295 -26.03295 -26.03295 -26.03295
 -25.38153 -25.38153 -25.38153 -25.38153 -25.38153
 -24.95601 -24.95601 -24.95601 -24.95601 -24.95601
 -24.68715 -24.68715 -24.68715 -24.68715 -24.68715
 -24.52674 -24.52674 -24.52674 -24.52674 -24.52674
 -24.44128 -24.44128 -24.44128 -24.44128 -24.44128
 -24.40755 -24.40755 -24.40755 -24.40755 -24.40755
 -24.40950 -24.40950 -24.40950 -24.40950 -24.40950
 -24.43605 -24.43605 -24.43605 -24.43605 -24.43605
 -24.47954 -24.47954 -24.47954 -24.47954 -24.47954
 -24.53472 -24.53472 -24.53472 -24.53472 -24.53472
 -24.59794 -24.59793 -24.59793 -24.59793 -24.59793
 -24.66670 -24.66669 -24.66669 -24.66670 -24.66669
 -24.73928 -24.73928 -24.73928 -24.73928 -24.73928
 -24.81448 -24.81448 -24.81448 -24.81448 -24.81447
 -24.89149 -24.89149 -24.89149 -24.89149 -24.89149
 -24.96975 -24.96975 -24.96975 -24.96975 -24.96975
 -25.04887 -25.04887 -25.04887 -25.04887 -25.04887
 -25.12858 -25.12858 -25.12858 -25.12858 -25.12858
 -25.20869 -25.20870 -25.20870 -25.20870 -25.20870
 -25.28910 -25.28910 -25.28910 -25.28910 -25.28910
 -25.36968 -25.36968 -25.36968 -25.36968 -25.36968
 --------------------/ IGRD= 1  / IPRT= 0  /        / Z1=13   / DATE= 26.01.98  
 -40.00000 -40.00000 -40.00000 -40.00000 -40.00000
 -40.00000 -40.00000 -40.00000 -40.00000 -40.00000
 -40.00000 -40.00000 -40.00000 -40.00000 -40.00000
 -37.89590 -37.89590 -37.89590 -37.89590 -37.89590
 -33.58188 -33.58188 -33.58188 -33.58188 -33.58188
 -30.55800 -30.55800 -30.55800 -30.55800 -30.55800
 -28.46379 -28.46379 -28.46379 -28.46379 -28.46379
 -27.03130 -27.03130 -27.03130 -27.03130 -27.03130
 -26.06368 -26.06368 -26.06368 -26.06368 -26.06368
 -25.41980 -25.41980 -25.41980 -25.41980 -25.41980
 -25.00053 -25.00053 -25.00053 -25.00053 -25.00053
 -24.73651 -24.73650 -24.73650 -24.73650 -24.73651
 -24.57967 -24.57967 -24.57967 -24.57967 -24.57967
 -24.49681 -24.49681 -24.49681 -24.49681 -24.49682
 -24.46492 -24.46492 -24.46492 -24.46492 -24.46492
 -24.46818 -24.46818 -24.46818 -24.46818 -24.46818
 -24.49562 -24.49563 -24.49563 -24.49563 -24.49563
 -24.53976 -24.53976 -24.53976 -24.53976 -24.53976
 -24.59538 -24.59538 -24.59538 -24.59538 -24.59538
 -24.65890 -24.65890 -24.65890 -24.65890 -24.65890
 -24.72787 -24.72787 -24.72787 -24.72787 -24.72787
 -24.80059 -24.80059 -24.80059 -24.80059 -24.80059
 -24.87590 -24.87590 -24.87590 -24.87590 -24.87589
 -24.95298 -24.95298 -24.95298 -24.95298 -24.95298
 -25.03128 -25.03128 -25.03128 -25.03128 -25.03128
 -25.11044 -25.11044 -25.11044 -25.11044 -25.11044
 -25.19017 -25.19017 -25.19017 -25.19017 -25.19016
 -25.27029 -25.27029 -25.27029 -25.27029 -25.27030
 -25.35071 -25.35070 -25.35070 -25.35070 -25.35071
 -25.43130 -25.43130 -25.43130 -25.43130 -25.43130
 --------------------/ IGRD= 1  / IPRT= 0  /        / Z1=14   / DATE= 26.01.98  
 -40.00000 -40.00000 -40.00000 -40.00000 -40.00000
 -40.00000 -40.00000 -40.00000 -40.00000 -40.00000
 -40.00000 -40.00000 -40.00000 -40.00000 -40.00000
 -36.15934 -36.15934 -36.15934 -36.15934 -36.15934
 -33.13050 -33.13050 -33.13050 -33.13050 -33.13050
 -30.71679 -30.71679 -30.71679 -30.71679 -30.71679
 -28.68046 -28.68046 -28.68046 -28.68046 -28.68046
 -27.20916 -27.20916 -27.20916 -27.20916 -27.20916
 -26.20525 -26.20525 -26.20525 -26.20525 -26.20525
 -25.53495 -25.53495 -25.53495 -25.53495 -25.53494
 -25.09714 -25.09714 -25.09714 -25.09714 -25.09714
 -24.82023 -24.82023 -24.82023 -24.82023 -24.82023
 -24.65447 -24.65447 -24.65447 -24.65447 -24.65447
 -24.56543 -24.56543 -24.56543 -24.56543 -24.56543
 -24.52928 -24.52928 -24.52928 -24.52928 -24.52928
 -24.52959 -24.52958 -24.52958 -24.52958 -24.52958
 -24.55501 -24.55501 -24.55501 -24.55501 -24.55501
 -24.59773 -24.59773 -24.59773 -24.59773 -24.59773
 -24.65238 -24.65238 -24.65238 -24.65238 -24.65238
 -24.71524 -24.71523 -24.71523 -24.71523 -24.71524
 -24.78375 -24.78375 -24.78375 -24.78375 -24.78375
 -24.85616 -24.85615 -24.85615 -24.85615 -24.85615
 -24.93125 -24.93125 -24.93125 -24.93125 -24.93124
 -25.00818 -25.00818 -25.00818 -25.00818 -25.00818
 -25.08639 -25.08638 -25.08638 -25.08638 -25.08638
 -25.16546 -25.16546 -25.16546 -25.16546 -25.16546
 -25.24514 -25.24514 -25.24514 -25.24514 -25.24514
 -25.32524 -25.32524 -25.32524 -25.32524 -25.32524
 -25.40563 -25.40562 -25.40562 -25.40562 -25.40563
 -25.48621 -25.48621 -25.48621 -25.48621 -25.48621
 --------------------/ IGRD= 1  / IPRT= 0  /        / Z1=15   / DATE= 26.01.98  
 -40.00000 -40.00000 -40.00000 -40.00000 -40.00000
 -40.00000 -40.00000 -40.00000 -40.00000 -40.00000
 -40.00000 -40.00000 -40.00000 -40.00000 -40.00000
 -37.75523 -37.75523 -37.75523 -37.75523 -37.75523
 -33.76315 -33.76315 -33.76315 -33.76315 -33.76315
 -30.78548 -30.78548 -30.78548 -30.78548 -30.78548
 -28.67800 -28.67800 -28.67800 -28.67800 -28.67800
 -27.22985 -27.22985 -27.22985 -27.22985 -27.22986
 -26.25024 -26.25024 -26.25024 -26.25024 -26.25023
 -25.59746 -25.59745 -25.59745 -25.59745 -25.59746
 -25.17160 -25.17160 -25.17160 -25.17160 -25.17159
 -24.90272 -24.90272 -24.90272 -24.90272 -24.90272
 -24.74237 -24.74237 -24.74237 -24.74237 -24.74237
 -24.65699 -24.65698 -24.65698 -24.65698 -24.65699
 -24.62330 -24.62330 -24.62330 -24.62330 -24.62330
 -24.62530 -24.62530 -24.62530 -24.62530 -24.62530
 -24.65187 -24.65187 -24.65187 -24.65187 -24.65187
 -24.69538 -24.69538 -24.69538 -24.69538 -24.69538
 -24.75058 -24.75058 -24.75058 -24.75058 -24.75057
 -24.81379 -24.81379 -24.81379 -24.81379 -24.81380
 -24.88257 -24.88257 -24.88257 -24.88257 -24.88256
 -24.95515 -24.95515 -24.95515 -24.95515 -24.95515
 -25.03035 -25.03035 -25.03035 -25.03035 -25.03035
 -25.10737 -25.10737 -25.10737 -25.10737 -25.10737
 -25.18563 -25.18563 -25.18563 -25.18563 -25.18563
 -25.26476 -25.26476 -25.26476 -25.26476 -25.26476
 -25.34447 -25.34446 -25.34446 -25.34446 -25.34447
 -25.42458 -25.42458 -25.42458 -25.42458 -25.42458
 -25.50498 -25.50498 -25.50498 -25.50498 -25.50498
 -25.58557 -25.58557 -25.58557 -25.58557 -25.58557
 --------------------/ IGRD= 1  / IPRT= 0  /        / Z1=16   / DATE= 26.01.98  
 -40.00000 -40.00000 -40.00000 -40.00000 -40.00000
 -40.00000 -40.00000 -40.00000 -40.00000 -40.00000
 -40.00000 -40.00000 -40.00000 -40.00000 -40.00000
 -38.61855 -38.61855 -38.61855 -38.61855 -38.61855
 -34.08897 -34.08897 -34.08897 -34.08896 -34.08896
 -30.95808 -30.95809 -30.95809 -30.95809 -30.95809
 -28.81391 -28.81391 -28.81391 -28.81391 -28.81390
 -27.35658 -27.35658 -27.35658 -27.35658 -27.35658
 -26.37463 -26.37463 -26.37463 -26.37463 -26.37463
 -25.72096 -25.72096 -25.72096 -25.72096 -25.72096
 -25.29413 -25.29413 -25.29413 -25.29413 -25.29413
 -25.02393 -25.02392 -25.02392 -25.02392 -25.02393
 -24.86201 -24.86201 -24.86201 -24.86201 -24.86201
 -24.77506 -24.77506 -24.77506 -24.77506 -24.77506
 -24.73999 -24.73999 -24.73999 -24.73999 -24.73999
 -24.74083 -24.74083 -24.74083 -24.74083 -24.74083
 -24.76650 -24.76650 -24.76650 -24.76650 -24.76650
 -24.80935 -24.80935 -24.80935 -24.80935 -24.80935
 -24.86404 -24.86404 -24.86404 -24.86404 -24.86404
 -24.92692 -24.92691 -24.92691 -24.92691 -24.92692
 -24.99543 -24.99543 -24.99543 -24.99543 -24.99543
 -25.06784 -25.06784 -25.06784 -25.06783 -25.06783
 -25.14293 -25.14293 -25.14293 -25.14293 -25.14293
 -25.21985 -25.21985 -25.21985 -25.21985 -25.21984
 -25.29805 -25.29805 -25.29805 -25.29805 -25.29805
 -25.37714 -25.37714 -25.37714 -25.37714 -25.37714
 -25.45682 -25.45682 -25.45682 -25.45682 -25.45682
 -25.53691 -25.53691 -25.53691 -25.53691 -25.53691
 -25.61730 -25.61730 -25.61730 -25.61730 -25.61730
 -25.69788 -25.69788 -25.69788 -25.69788 -25.69788
 --------------------/ IGRD= 1  / IPRT= 0  /        / Z1=17   / DATE= 26.01.98  
 -40.00000 -40.00000 -40.00000 -40.00000 -40.00000
 -40.00000 -40.00000 -40.00000 -40.00000 -40.00000
 -40.00000 -40.00000 -40.00000 -40.00000 -40.00000
 -38.59591 -38.59591 -38.59591 -38.59591 -38.59591
 -34.11364 -34.11364 -34.11364 -34.11364 -34.11364
 -31.02910 -31.02910 -31.02910 -31.02910 -31.02910
 -28.91939 -28.91939 -28.91939 -28.91939 -28.91939
 -27.48618 -27.48618 -27.48618 -27.48618 -27.48618
 -26.52074 -26.52074 -26.52074 -26.52074 -26.52074
 -25.87810 -25.87810 -25.87810 -25.87810 -25.87810
 -25.45838 -25.45837 -25.45837 -25.45837 -25.45838
 -25.19261 -25.19261 -25.19261 -25.19261 -25.19260
 -25.03333 -25.03334 -25.03334 -25.03334 -25.03333
 -24.94791 -24.94791 -24.94791 -24.94791 -24.94791
 -24.91369 -24.91369 -24.91369 -24.91369 -24.91369
 -24.91499 -24.91499 -24.91499 -24.91499 -24.91499
 -24.94091 -24.94091 -24.94091 -24.94091 -24.94091
 -24.98390 -24.98390 -24.98390 -24.98390 -24.98390
 -25.03867 -25.03867 -25.03867 -25.03867 -25.03867
 -25.10159 -25.10159 -25.10159 -25.10159 -25.10159
 -25.17013 -25.17013 -25.17013 -25.17013 -25.17013
 -25.24256 -25.24255 -25.24255 -25.24255 -25.24255
 -25.31765 -25.31765 -25.31765 -25.31765 -25.31765
 -25.39459 -25.39459 -25.39458 -25.39458 -25.39459
 -25.47279 -25.47279 -25.47279 -25.47279 -25.47279
 -25.55188 -25.55188 -25.55188 -25.55188 -25.55188
 -25.63156 -25.63156 -25.63156 -25.63156 -25.63156
 -25.71165 -25.71165 -25.71165 -25.71165 -25.71165
 -25.79205 -25.79204 -25.79204 -25.79204 -25.79205
 -25.87262 -25.87262 -25.87262 -25.87262 -25.87262
 --------------------/ IGRD= 1  / IPRT= 0  /        / Z1=18   / DATE= 26.01.98  
 -40.00000 -40.00000 -40.00000 -40.00000 -40.00000
 -40.00000 -40.00000 -40.00000 -40.00000 -40.00000
 -40.00000 -40.00000 -40.00000 -40.00000 -40.00000
 -37.08182 -37.08182 -37.08182 -37.08182 -37.08182
 -33.20904 -33.20905 -33.20905 -33.20905 -33.20904
 -30.41783 -30.41782 -30.41782 -30.41783 -30.41783
 -28.41164 -28.41164 -28.41164 -28.41164 -28.41164
 -27.00205 -27.00205 -27.00205 -27.00205 -27.00205
 -26.03352 -26.03352 -26.03352 -26.03352 -26.03352
 -25.38171 -25.38171 -25.38171 -25.38171 -25.38171
 -24.95371 -24.95371 -24.95371 -24.95371 -24.95371
 -24.68220 -24.68220 -24.68220 -24.68220 -24.68221
 -24.51954 -24.51954 -24.51954 -24.51954 -24.51954
 -24.43234 -24.43234 -24.43234 -24.43234 -24.43234
 -24.39732 -24.39732 -24.39732 -24.39732 -24.39732
 -24.39835 -24.39835 -24.39835 -24.39835 -24.39835
 -24.42423 -24.42423 -24.42423 -24.42423 -24.42423
 -24.46728 -24.46728 -24.46728 -24.46728 -24.46728
 -24.52213 -24.52212 -24.52212 -24.52212 -24.52213
 -24.58512 -24.58512 -24.58512 -24.58512 -24.58512
 -24.65373 -24.65373 -24.65373 -24.65373 -24.65373
 -24.72620 -24.72620 -24.72620 -24.72620 -24.72621
 -24.80133 -24.80133 -24.80133 -24.80133 -24.80133
 -24.87830 -24.87829 -24.87829 -24.87829 -24.87829
 -24.95651 -24.95651 -24.95651 -24.95651 -24.95651
 -25.03562 -25.03561 -25.03561 -25.03561 -25.03561
 -25.11531 -25.11531 -25.11531 -25.11531 -25.11531
 -25.19541 -25.19541 -25.19541 -25.19540 -25.19541
 -25.27581 -25.27581 -25.27581 -25.27581 -25.27580
 -25.35638 -25.35638 -25.35638 -25.35638 -25.35638
 --------------------/ IGRD= 1  / IPRT= 0  /        / Z1=19   / DATE= 26.01.98  
 -40.00000 -40.00000 -40.00000 -40.00000 -40.00000
 -40.00000 -40.00000 -40.00000 -40.00000 -40.00000
 -40.00000 -40.00000 -40.00000 -40.00000 -40.00000
 -37.72475 -37.72474 -37.72474 -37.72474 -37.72474
 -33.58660 -33.58661 -33.58661 -33.58661 -33.58660
 -30.67250 -30.67250 -30.67250 -30.67250 -30.67250
 -28.59100 -28.59100 -28.59100 -28.59100 -28.59100
 -27.12423 -27.12423 -27.12423 -27.12423 -27.12424
 -26.11499 -26.11499 -26.11499 -26.11499 -26.11500
 -25.43590 -25.43590 -25.43590 -25.43590 -25.43590
 -24.98996 -24.98996 -24.98996 -24.98996 -24.98996
 -24.70665 -24.70665 -24.70665 -24.70665 -24.70665
 -24.53617 -24.53617 -24.53617 -24.53617 -24.53617
 -24.44374 -24.44374 -24.44374 -24.44374 -24.44374
 -24.40521 -24.40522 -24.40522 -24.40521 -24.40522
 -24.40385 -24.40385 -24.40385 -24.40385 -24.40385
 -24.42812 -24.42812 -24.42812 -24.42812 -24.42812
 -24.47005 -24.47005 -24.47005 -24.47005 -24.47005
 -24.52415 -24.52415 -24.52415 -24.52415 -24.52415
 -24.58662 -24.58662 -24.58662 -24.58662 -24.58662
 -24.65487 -24.65487 -24.65487 -24.65487 -24.65487
 -24.72709 -24.72709 -24.72709 -24.72709 -24.72709
 -24.80206 -24.80206 -24.80206 -24.80206 -24.80206
 -24.87889 -24.87889 -24.87889 -24.87889 -24.87889
 -24.95705 -24.95705 -24.95705 -24.95705 -24.95705
 -25.03609 -25.03609 -25.03609 -25.03609 -25.03609
 -25.11574 -25.11574 -25.11574 -25.11574 -25.11574
 -25.19581 -25.19581 -25.19581 -25.19581 -25.19581
 -25.27620 -25.27620 -25.27620 -25.27620 -25.27620
 -25.35676 -25.35676 -25.35676 -25.35676 -25.35676
 --------------------/ IGRD= 1  / IPRT= 0  /        / Z1=20   / DATE= 26.01.98  
 -40.00000 -40.00000 -40.00000 -40.00000 -40.00000
 -40.00000 -40.00000 -40.00000 -40.00000 -40.00000
 -38.47229 -38.47229 -38.47229 -38.47229 -38.47229
 -34.28747 -34.28747 -34.28747 -34.28747 -34.28747
 -31.42315 -31.42315 -31.42315 -31.42315 -31.42315
 -29.42956 -29.42956 -29.42956 -29.42956 -29.42956
 -27.95500 -27.95500 -27.95500 -27.95500 -27.95499
 -26.81172 -26.81172 -26.81172 -26.81172 -26.81172
 -25.95933 -25.95933 -25.95933 -25.95933 -25.95933
 -25.36134 -25.36134 -25.36134 -25.36134 -25.36134
 -24.96142 -24.96142 -24.96142 -24.96142 -24.96142
 -24.70611 -24.70611 -24.70611 -24.70611 -24.70611
 -24.55342 -24.55342 -24.55342 -24.55342 -24.55342
 -24.47264 -24.47264 -24.47264 -24.47264 -24.47264
 -24.44184 -24.44184 -24.44184 -24.44184 -24.44184
 -24.44569 -24.44569 -24.44569 -24.44569 -24.44569
 -24.47349 -24.47349 -24.47349 -24.47349 -24.47349
 -24.51782 -24.51782 -24.51782 -24.51782 -24.51782
 -24.57356 -24.57357 -24.57357 -24.57357 -24.57356
 -24.63716 -24.63716 -24.63716 -24.63716 -24.63716
 -24.70619 -24.70618 -24.70618 -24.70618 -24.70618
 -24.77894 -24.77894 -24.77894 -24.77894 -24.77894
 -24.85427 -24.85426 -24.85426 -24.85426 -24.85427
 -24.93136 -24.93136 -24.93136 -24.93136 -24.93136
 -25.00968 -25.00968 -25.00968 -25.00968 -25.00968
 -25.08884 -25.08884 -25.08884 -25.08884 -25.08884
 -25.16858 -25.16858 -25.16858 -25.16858 -25.16858
 -25.24871 -25.24871 -25.24871 -25.24871 -25.24871
 -25.32913 -25.32913 -25.32913 -25.32913 -25.32913
 -25.40972 -25.40972 -25.40972 -25.40972 -25.40972
 --------------------/ IGRD= 1  / IPRT= 0  /        / Z1=21   / DATE= 26.01.98  
 -40.00000 -40.00000 -40.00000 -40.00000 -40.00000
 -40.00000 -40.00000 -40.00000 -40.00000 -40.00000
 -38.32051 -38.32051 -38.32051 -38.32050 -38.32051
 -34.07746 -34.07746 -34.07746 -34.07746 -34.07746
 -31.17827 -31.17826 -31.17826 -31.17826 -31.17827
 -29.18884 -29.18884 -29.18884 -29.18884 -29.18884
 -27.77848 -27.77848 -27.77848 -27.77848 -27.77848
 -26.72051 -26.72051 -26.72051 -26.72051 -26.72050
 -25.92529 -25.92529 -25.92529 -25.92529 -25.92529
 -25.35778 -25.35778 -25.35778 -25.35778 -25.35778
 -24.97435 -24.97435 -24.97435 -24.97436 -24.97436
 -24.72864 -24.72864 -24.72864 -24.72864 -24.72864
 -24.58191 -24.58191 -24.58191 -24.58191 -24.58191
 -24.50495 -24.50495 -24.50495 -24.50495 -24.50495
 -24.47669 -24.47669 -24.47669 -24.47669 -24.47669
 -24.48223 -24.48223 -24.48223 -24.48223 -24.48223
 -24.51118 -24.51118 -24.51118 -24.51118 -24.51118
 -24.55630 -24.55630 -24.55630 -24.55630 -24.55630
 -24.61258 -24.61258 -24.61258 -24.61258 -24.61257
 -24.67654 -24.67654 -24.67654 -24.67654 -24.67654
 -24.74582 -24.74582 -24.74582 -24.74582 -24.74582
 -24.81874 -24.81874 -24.81874 -24.81874 -24.81874
 -24.89420 -24.89419 -24.89419 -24.89419 -24.89419
 -24.97136 -24.97136 -24.97136 -24.97136 -24.97136
 -25.04974 -25.04974 -25.04974 -25.04974 -25.04974
 -25.12894 -25.12894 -25.12894 -25.12895 -25.12894
 -25.20871 -25.20871 -25.20871 -25.20871 -25.20871
 -25.28886 -25.28885 -25.28885 -25.28885 -25.28885
 -25.36928 -25.36928 -25.36928 -25.36928 -25.36928
 -25.44989 -25.44989 -25.44989 -25.44989 -25.44989
 --------------------/ IGRD= 1  / IPRT= 0  /        / Z1=22   / DATE= 26.01.98  
 -40.00000 -40.00000 -40.00000 -40.00000 -40.00000
 -40.00000 -40.00000 -40.00000 -40.00000 -40.00000
 -38.32610 -38.32610 -38.32610 -38.32610 -38.32610
 -34.00505 -34.00505 -34.00505 -34.00505 -34.00505
 -31.05398 -31.05398 -31.05398 -31.05398 -31.05398
 -29.04076 -29.04076 -29.04076 -29.04076 -29.04076
 -27.65034 -27.65034 -27.65034 -27.65034 -27.65034
 -26.65087 -26.65087 -26.65087 -26.65087 -26.65087
 -25.91025 -25.91025 -25.91025 -25.91025 -25.91025
 -25.37351 -25.37351 -25.37351 -25.37351 -25.37351
 -25.00391 -25.00391 -25.00391 -25.00391 -25.00391
 -24.76375 -24.76375 -24.76375 -24.76375 -24.76375
 -24.61899 -24.61899 -24.61899 -24.61899 -24.61899
 -24.54257 -24.54257 -24.54257 -24.54257 -24.54257
 -24.51430 -24.51430 -24.51430 -24.51430 -24.51430
 -24.51967 -24.51967 -24.51967 -24.51967 -24.51967
 -24.54841 -24.54841 -24.54841 -24.54841 -24.54841
 -24.59336 -24.59336 -24.59336 -24.59336 -24.59336
 -24.64950 -24.64950 -24.64950 -24.64950 -24.64950
 -24.71336 -24.71336 -24.71336 -24.71336 -24.71336
 -24.78256 -24.78256 -24.78256 -24.78257 -24.78256
 -24.85544 -24.85544 -24.85544 -24.85544 -24.85544
 -24.93085 -24.93085 -24.93085 -24.93085 -24.93085
 -25.00800 -25.00800 -25.00800 -25.00800 -25.00800
 -25.08636 -25.08635 -25.08635 -25.08636 -25.08636
 -25.16555 -25.16555 -25.16555 -25.16555 -25.16555
 -25.24530 -25.24530 -25.24530 -25.24530 -25.24530
 -25.32544 -25.32544 -25.32544 -25.32544 -25.32545
 -25.40587 -25.40586 -25.40586 -25.40586 -25.40586
 -25.48647 -25.48647 -25.48647 -25.48647 -25.48647
 --------------------/ IGRD= 1  / IPRT= 0  /        / Z1=23   / DATE= 26.01.98  
 -40.00000 -40.00000 -40.00000 -40.00000 -40.00000
 -39.82343 -39.82343 -39.82343 -39.82343 -39.82343
 -35.40060 -35.40060 -35.40060 -35.40060 -35.40060
 -32.36251 -32.36252 -32.36252 -32.36252 -32.36252
 -30.22625 -30.22625 -30.22624 -30.22624 -30.22624
 -28.65605 -28.65605 -28.65605 -28.65605 -28.65605
 -27.46892 -27.46893 -27.46893 -27.46893 -27.46893
 -26.55833 -26.55833 -26.55833 -26.55833 -26.55833
 -25.86287 -25.86287 -25.86287 -25.86287 -25.86287
 -25.35395 -25.35395 -25.35395 -25.35395 -25.35396
 -25.00289 -25.00290 -25.00290 -25.00290 -25.00289
 -24.77534 -24.77533 -24.77533 -24.77533 -24.77533
 -24.63919 -24.63919 -24.63919 -24.63919 -24.63919
 -24.56868 -24.56868 -24.56868 -24.56868 -24.56868
 -24.54446 -24.54446 -24.54446 -24.54446 -24.54446
 -24.55264 -24.55263 -24.55263 -24.55264 -24.55264
 -24.58330 -24.58330 -24.58330 -24.58330 -24.58330
 -24.62956 -24.62956 -24.62956 -24.62956 -24.62956
 -24.68661 -24.68661 -24.68661 -24.68661 -24.68661
 -24.75110 -24.75110 -24.75110 -24.75110 -24.75110
 -24.82073 -24.82073 -24.82073 -24.82073 -24.82073
 -24.89391 -24.89391 -24.89391 -24.89391 -24.89391
 -24.96952 -24.96952 -24.96952 -24.96952 -24.96952
 -25.04681 -25.04681 -25.04681 -25.04681 -25.04681
 -25.12526 -25.12526 -25.12526 -25.12526 -25.12526
 -25.20452 -25.20452 -25.20452 -25.20452 -25.20452
 -25.28432 -25.28432 -25.28432 -25.28432 -25.28432
 -25.36449 -25.36449 -25.36449 -25.36449 -25.36449
 -25.44494 -25.44494 -25.44494 -25.44494 -25.44494
 -25.52556 -25.52556 -25.52556 -25.52556 -25.52556
 --------------------/ IGRD= 1  / IPRT= 0  /        / Z1=24   / DATE= 26.01.98  
 -40.00000 -40.00000 -40.00000 -40.00000 -40.00000
 -39.35355 -39.35355 -39.35355 -39.35355 -39.35355
 -34.88837 -34.88837 -34.88837 -34.88837 -34.88837
 -31.83462 -31.83461 -31.83461 -31.83461 -31.83461
 -29.73186 -29.73186 -29.73186 -29.73186 -29.73186
 -28.23494 -28.23494 -28.23494 -28.23494 -28.23494
 -27.11552 -27.11552 -27.11552 -27.11552 -27.11552
 -26.27222 -26.27221 -26.27221 -26.27221 -26.27221
 -25.65875 -25.65875 -25.65875 -25.65875 -25.65875
 -25.23209 -25.23209 -25.23209 -25.23209 -25.23209
 -24.94939 -24.94939 -24.94939 -24.94939 -24.94939
 -24.77328 -24.77328 -24.77328 -24.77328 -24.77328
 -24.67411 -24.67411 -24.67411 -24.67411 -24.67411
 -24.62959 -24.62959 -24.62959 -24.62959 -24.62960
 -24.62349 -24.62349 -24.62349 -24.62349 -24.62349
 -24.64419 -24.64419 -24.64419 -24.64419 -24.64419
 -24.68352 -24.68352 -24.68352 -24.68352 -24.68352
 -24.73575 -24.73576 -24.73576 -24.73576 -24.73575
 -24.79693 -24.79693 -24.79693 -24.79693 -24.79693
 -24.86427 -24.86427 -24.86427 -24.86427 -24.86426
 -24.93585 -24.93585 -24.93585 -24.93585 -24.93585
 -25.01037 -25.01037 -25.01037 -25.01037 -25.01037
 -25.08691 -25.08691 -25.08691 -25.08691 -25.08691
 -25.16485 -25.16485 -25.16485 -25.16485 -25.16485
 -25.24374 -25.24374 -25.24374 -25.24374 -25.24374
 -25.32329 -25.32329 -25.32329 -25.32329 -25.32329
 -25.40330 -25.40330 -25.40330 -25.40330 -25.40330
 -25.48362 -25.48362 -25.48362 -25.48362 -25.48362
 -25.56417 -25.56417 -25.56417 -25.56417 -25.56417
 -25.64485 -25.64485 -25.64485 -25.64485 -25.64485
 --------------------/ IGRD= 1  / IPRT= 0  /        / Z1=25   / DATE= 26.01.98  
 -40.00000 -40.00000 -40.00000 -40.00000 -40.00000
 -40.00000 -40.00000 -40.00000 -40.00000 -40.00000
 -36.02658 -36.02657 -36.02657 -36.02658 -36.02657
 -32.52296 -32.52296 -32.52296 -32.52296 -32.52296
 -30.09509 -30.09509 -30.09509 -30.09509 -30.09509
 -28.36045 -28.36045 -28.36045 -28.36045 -28.36045
 -27.10304 -27.10304 -27.10304 -27.10304 -27.10304
 -26.21277 -26.21277 -26.21277 -26.21277 -26.21277
 -25.60402 -25.60402 -25.60403 -25.60403 -25.60402
 -25.20185 -25.20185 -25.20185 -25.20185 -25.20185
 -24.94695 -24.94695 -24.94695 -24.94695 -24.94695
 -24.79530 -24.79530 -24.79530 -24.79530 -24.79530
 -24.71553 -24.71553 -24.71553 -24.71553 -24.71553
 -24.68559 -24.68559 -24.68559 -24.68559 -24.68559
 -24.69008 -24.69008 -24.69008 -24.69008 -24.69008
 -24.71835 -24.71835 -24.71835 -24.71835 -24.71835
 -24.76302 -24.76302 -24.76302 -24.76302 -24.76302
 -24.81900 -24.81900 -24.81900 -24.81900 -24.81900
 -24.88277 -24.88277 -24.88277 -24.88277 -24.88277
 -24.95191 -24.95191 -24.95191 -24.95191 -24.95191
 -25.02474 -25.02475 -25.02475 -25.02475 -25.02474
 -25.10012 -25.10013 -25.10013 -25.10013 -25.10013
 -25.17727 -25.17727 -25.17727 -25.17727 -25.17727
 -25.25561 -25.25561 -25.25561 -25.25561 -25.25561
 -25.33479 -25.33478 -25.33478 -25.33478 -25.33478
 -25.41453 -25.41454 -25.41454 -25.41454 -25.41454
 -25.49469 -25.49469 -25.49469 -25.49469 -25.49468
 -25.57510 -25.57509 -25.57509 -25.57509 -25.57509
 -25.65570 -25.65570 -25.65570 -25.65570 -25.65570
 -25.73643 -25.73643 -25.73643 -25.73643 -25.73643
 --------------------/ IGRD= 1  / IPRT= 0  /        / Z1=26   / DATE= 26.01.98  
 -40.00000 -40.00000 -40.00000 -40.00000 -40.00000
 -40.00000 -40.00000 -40.00000 -40.00000 -40.00000
 -37.30458 -37.30458 -37.30458 -37.30458 -37.30457
 -33.20584 -33.20585 -33.20585 -33.20585 -33.20585
 -30.40857 -30.40857 -30.40857 -30.40857 -30.40857
 -28.50753 -28.50753 -28.50753 -28.50753 -28.50753
 -27.22377 -27.22377 -27.22377 -27.22377 -27.22377
 -26.36501 -26.36501 -26.36501 -26.36501 -26.36501
 -25.79889 -25.79888 -25.79888 -25.79888 -25.79888
 -25.43425 -25.43425 -25.43425 -25.43425 -25.43425
 -25.20842 -25.20842 -25.20842 -25.20842 -25.20842
 -25.07813 -25.07814 -25.07814 -25.07814 -25.07814
 -25.01343 -25.01343 -25.01343 -25.01343 -25.01343
 -24.99150 -24.99149 -24.99149 -24.99149 -24.99150
 -24.98809 -24.98809 -24.98809 -24.98809 -24.98809
 -24.97689 -24.97689 -24.97689 -24.97689 -24.97689
 -24.94804 -24.94804 -24.94804 -24.94804 -24.94804
 -24.91486 -24.91486 -24.91486 -24.91486 -24.91486
 -24.89425 -24.89425 -24.89425 -24.89425 -24.89425
 -24.89383 -24.89383 -24.89383 -24.89383 -24.89383
 -24.91344 -24.91344 -24.91344 -24.91344 -24.91344
 -24.94976 -24.94976 -24.94976 -24.94976 -24.94976
 -24.99891 -24.99891 -24.99891 -24.99891 -24.99891
 -25.05747 -25.05747 -25.05747 -25.05747 -25.05747
 -25.12279 -25.12279 -25.12279 -25.12279 -25.12279
 -25.19289 -25.19289 -25.19289 -25.19289 -25.19289
 -25.26635 -25.26634 -25.26634 -25.26634 -25.26635
 -25.34212 -25.34212 -25.34212 -25.34212 -25.34211
 -25.41954 -25.41954 -25.41954 -25.41954 -25.41953
 -25.49805 -25.49805 -25.49805 -25.49805 -25.49805
 --------------------/ IGRD= 1  / IPRT= 0  /        / Z1=27   / DATE= 26.01.98  
 -40.00000 -40.00000 -40.00000 -40.00000 -40.00000
 -40.00000 -40.00000 -40.00000 -40.00000 -40.00000
 -40.00000 -40.00000 -40.00000 -40.00000 -40.00000
 -40.00000 -40.00000 -40.00000 -40.00000 -40.00000
 -40.00000 -40.00000 -40.00000 -40.00000 -40.00000
 -40.00000 -40.00000 -40.00000 -40.00000 -40.00000
 -40.00000 -40.00000 -40.00000 -40.00000 -40.00000
 -40.00000 -40.00000 -40.00000 -40.00000 -40.00000
 -39.75439 -39.75439 -39.75439 -39.75439 -39.75439
 -35.29206 -35.29206 -35.29206 -35.29206 -35.29206
 -32.19757 -32.19757 -32.19757 -32.19757 -32.19757
 -29.96825 -29.96825 -29.96825 -29.96825 -29.96825
 -28.33270 -28.33270 -28.33270 -28.33270 -28.33270
 -27.16954 -27.16954 -27.16954 -27.16954 -27.16954
 -26.37155 -26.37154 -26.37154 -26.37154 -26.37154
 -25.83959 -25.83959 -25.83959 -25.83959 -25.83958
 -25.49575 -25.49575 -25.49575 -25.49575 -25.49575
 -25.28313 -25.28313 -25.28313 -25.28313 -25.28313
 -25.16150 -25.16150 -25.16150 -25.16150 -25.16150
 -25.10279 -25.10279 -25.10279 -25.10279 -25.10279
 -25.08750 -25.08750 -25.08750 -25.08750 -25.08750
 -25.10217 -25.10217 -25.10217 -25.10217 -25.10217
 -25.13748 -25.13748 -25.13748 -25.13748 -25.13748
 -25.18700 -25.18700 -25.18700 -25.18700 -25.18700
 -25.24634 -25.24633 -25.24633 -25.24633 -25.24633
 -25.31242 -25.31242 -25.31242 -25.31242 -25.31242
 -25.38317 -25.38317 -25.38317 -25.38317 -25.38317
 -25.45709 -25.45708 -25.45708 -25.45708 -25.45709
 -25.53325 -25.53324 -25.53324 -25.53324 -25.53324
 -25.61089 -25.61089 -25.61089 -25.61089 -25.61089
 --------------------/ IGRD= 1  / IPRT= 0  /        / Z1=28   / DATE= 26.01.98  
 -40.00000 -40.00000 -40.00000 -40.00000 -40.00000
 -40.00000 -40.00000 -40.00000 -40.00000 -40.00000
 -40.00000 -40.00000 -40.00000 -40.00000 -40.00000
 -40.00000 -40.00000 -40.00000 -40.00000 -40.00000
 -40.00000 -40.00000 -40.00000 -40.00000 -40.00000
 -40.00000 -40.00000 -40.00000 -40.00000 -40.00000
 -37.54191 -37.54190 -37.54190 -37.54190 -37.54191
 -33.66477 -33.66476 -33.66476 -33.66476 -33.66477
 -31.01995 -31.01994 -31.01994 -31.01994 -31.01994
 -29.22372 -29.22372 -29.22372 -29.22372 -29.22372
 -28.01221 -28.01221 -28.01221 -28.01220 -28.01221
 -27.20299 -27.20299 -27.20299 -27.20298 -27.20299
 -26.66955 -26.66955 -26.66954 -26.66955 -26.66955
 -26.32265 -26.32265 -26.32265 -26.32265 -26.32265
 -26.09965 -26.09965 -26.09965 -26.09965 -26.09966
 -25.95984 -25.95984 -25.95984 -25.95984 -25.95984
 -25.87868 -25.87868 -25.87868 -25.87868 -25.87868
 -25.84094 -25.84094 -25.84094 -25.84094 -25.84094
 -25.83592 -25.83591 -25.83591 -25.83591 -25.83592
 -25.85534 -25.85535 -25.85535 -25.85534 -25.85535
 -25.89275 -25.89275 -25.89275 -25.89275 -25.89275
 -25.94313 -25.94313 -25.94313 -25.94313 -25.94313
 -26.00275 -26.00275 -26.00275 -26.00275 -26.00275
 -26.06889 -26.06889 -26.06889 -26.06889 -26.06889
 -26.13960 -26.13960 -26.13960 -26.13960 -26.13959
 -26.21348 -26.21348 -26.21347 -26.21347 -26.21348
 -26.28957 -26.28956 -26.28956 -26.28956 -26.28956
 -26.36718 -26.36717 -26.36717 -26.36717 -26.36717
 -26.44585 -26.44585 -26.44585 -26.44585 -26.44585
 -26.52525 -26.52525 -26.52525 -26.52525 -26.52525
 --------------------/ IGRD= 1  / IPRT= 0  /        / Z1=29   / DATE= 26.01.98  
 -40.00000 -40.00000 -40.00000 -40.00000 -40.00000
 -40.00000 -40.00000 -40.00000 -40.00000 -40.00000
 -40.00000 -40.00000 -40.00000 -40.00000 -40.00000
 -40.00000 -40.00000 -40.00000 -40.00000 -40.00000
 -40.00000 -40.00000 -40.00000 -40.00000 -40.00000
 -40.00000 -40.00000 -40.00000 -40.00000 -40.00000
 -36.55854 -36.55854 -36.55854 -36.55854 -36.55854
 -32.92653 -32.92653 -32.92653 -32.92653 -32.92653
 -30.44971 -30.44971 -30.44971 -30.44971 -30.44971
 -28.76755 -28.76755 -28.76755 -28.76755 -28.76755
 -27.63257 -27.63257 -27.63257 -27.63257 -27.63257
 -26.87435 -26.87435 -26.87435 -26.87435 -26.87435
 -26.37435 -26.37435 -26.37435 -26.37435 -26.37435
 -26.03984 -26.03984 -26.03984 -26.03984 -26.03984
 -25.78380 -25.78380 -25.78380 -25.78380 -25.78379
 -25.55260 -25.55260 -25.55260 -25.55260 -25.55260
 -25.35294 -25.35294 -25.35294 -25.35294 -25.35294
 -25.20604 -25.20604 -25.20604 -25.20604 -25.20604
 -25.11515 -25.11515 -25.11515 -25.11515 -25.11515
 -25.07167 -25.07167 -25.07167 -25.07167 -25.07167
 -25.06441 -25.06441 -25.06441 -25.06441 -25.06441
 -25.08355 -25.08355 -25.08355 -25.08355 -25.08355
 -25.12148 -25.12148 -25.12148 -25.12148 -25.12148
 -25.17262 -25.17261 -25.17261 -25.17261 -25.17262
 -25.23295 -25.23296 -25.23296 -25.23296 -25.23295
 -25.29969 -25.29969 -25.29969 -25.29969 -25.29969
 -25.37085 -25.37085 -25.37085 -25.37085 -25.37085
 -25.44506 -25.44506 -25.44506 -25.44506 -25.44506
 -25.52141 -25.52140 -25.52140 -25.52141 -25.52141
 -25.59919 -25.59919 -25.59919 -25.59919 -25.59919
 --------------------/ IGRD= 1  / IPRT= 0  /        / Z1=30   / DATE= 26.01.98  
 -40.00000 -40.00000 -40.00000 -40.00000 -40.00000
 -40.00000 -40.00000 -40.00000 -40.00000 -40.00000
 -40.00000 -40.00000 -40.00000 -40.00000 -40.00000
 -40.00000 -40.00000 -40.00000 -40.00000 -40.00000
 -40.00000 -40.00000 -40.00000 -40.00000 -40.00000
 -40.00000 -40.00000 -40.00000 -40.00000 -40.00000
 -36.14884 -36.14884 -36.14884 -36.14884 -36.14884
 -32.60349 -32.60349 -32.60349 -32.60349 -32.60349
 -30.16524 -30.16524 -30.16524 -30.16524 -30.16524
 -28.49670 -28.49670 -28.49670 -28.49670 -28.49670
 -27.36498 -27.36498 -27.36498 -27.36498 -27.36498
 -26.60671 -26.60671 -26.60671 -26.60671 -26.60670
 -26.10714 -26.10714 -26.10714 -26.10714 -26.10714
 -25.78195 -25.78194 -25.78195 -25.78195 -25.78194
 -25.56074 -25.56074 -25.56074 -25.56074 -25.56074
 -25.38961 -25.38961 -25.38961 -25.38961 -25.38961
 -25.24858 -25.24858 -25.24859 -25.24859 -25.24858
 -25.14256 -25.14255 -25.14256 -25.14256 -25.14255
 -25.07642 -25.07642 -25.07642 -25.07642 -25.07642
 -25.04744 -25.04744 -25.04744 -25.04744 -25.04744
 -25.04878 -25.04878 -25.04878 -25.04878 -25.04878
 -25.07318 -25.07317 -25.07317 -25.07317 -25.07318
 -25.11440 -25.11440 -25.11440 -25.11440 -25.11440
 -25.16764 -25.16764 -25.16764 -25.16764 -25.16765
 -25.22937 -25.22937 -25.22937 -25.22937 -25.22937
 -25.29704 -25.29704 -25.29704 -25.29704 -25.29704
 -25.36882 -25.36882 -25.36882 -25.36882 -25.36882
 -25.44345 -25.44344 -25.44344 -25.44344 -25.44344
 -25.52007 -25.52007 -25.52007 -25.52007 -25.52007
 -25.59805 -25.59805 -25.59805 -25.59805 -25.59805
 --------------------/ IGRD= 1  / IPRT= 0  /        / Z1=31   / DATE= 26.01.98  
 -40.00000 -40.00000 -40.00000 -40.00000 -40.00000
 -40.00000 -40.00000 -40.00000 -40.00000 -40.00000
 -40.00000 -40.00000 -40.00000 -40.00000 -40.00000
 -40.00000 -40.00000 -40.00000 -40.00000 -40.00000
 -40.00000 -40.00000 -40.00000 -40.00000 -40.00000
 -40.00000 -40.00000 -40.00000 -40.00000 -40.00000
 -35.89838 -35.89838 -35.89838 -35.89838 -35.89838
 -32.40821 -32.40821 -32.40821 -32.40821 -32.40821
 -30.01197 -30.01197 -30.01197 -30.01197 -30.01197
 -28.37178 -28.37178 -28.37178 -28.37178 -28.37178
 -27.25693 -27.25693 -27.25693 -27.25693 -27.25693
 -26.50771 -26.50771 -26.50771 -26.50771 -26.50771
 -26.01306 -26.01306 -26.01306 -26.01306 -26.01306
 -25.69534 -25.69534 -25.69534 -25.69534 -25.69534
 -25.49984 -25.49984 -25.49984 -25.49984 -25.49984
 -25.38844 -25.38844 -25.38844 -25.38844 -25.38844
 -25.33500 -25.33500 -25.33500 -25.33500 -25.33500
 -25.32179 -25.32179 -25.32179 -25.32179 -25.32179
 -25.33677 -25.33677 -25.33677 -25.33677 -25.33677
 -25.37160 -25.37160 -25.37160 -25.37160 -25.37159
 -25.42039 -25.42039 -25.42039 -25.42039 -25.42039
 -25.47899 -25.47899 -25.47899 -25.47899 -25.47899
 -25.54446 -25.54446 -25.54446 -25.54446 -25.54446
 -25.61470 -25.61470 -25.61470 -25.61470 -25.61470
 -25.68828 -25.68828 -25.68828 -25.68828 -25.68828
 -25.76417 -25.76416 -25.76416 -25.76416 -25.76417
 -25.84164 -25.84163 -25.84163 -25.84163 -25.84163
 -25.92020 -25.92020 -25.92020 -25.92020 -25.92020
 -25.99954 -25.99954 -25.99954 -25.99954 -25.99954
 -26.07939 -26.07939 -26.07939 -26.07939 -26.07939
 --------------------/ IGRD= 1  / IPRT= 0  /        / Z1=32   / DATE= 26.01.98  
 -40.00000 -40.00000 -40.00000 -40.00000 -40.00000
 -40.00000 -40.00000 -40.00000 -40.00000 -40.00000
 -40.00000 -40.00000 -40.00000 -40.00000 -40.00000
 -40.00000 -40.00000 -40.00000 -40.00000 -40.00000
 -40.00000 -40.00000 -40.00000 -40.00000 -40.00000
 -38.39838 -38.39837 -38.39837 -38.39837 -38.39838
 -34.75611 -34.75611 -34.75611 -34.75611 -34.75611
 -31.96983 -31.96982 -31.96982 -31.96982 -31.96982
 -29.79749 -29.79749 -29.79749 -29.79749 -29.79749
 -28.23249 -28.23250 -28.23250 -28.23250 -28.23250
 -27.14607 -27.14607 -27.14607 -27.14607 -27.14607
 -26.40704 -26.40705 -26.40705 -26.40705 -26.40704
 -25.91529 -25.91529 -25.91529 -25.91529 -25.91529
 -25.59786 -25.59786 -25.59786 -25.59786 -25.59786
 -25.40212 -25.40212 -25.40212 -25.40212 -25.40212
 -25.29068 -25.29068 -25.29068 -25.29068 -25.29068
 -25.23755 -25.23755 -25.23755 -25.23755 -25.23755
 -25.22486 -25.22486 -25.22486 -25.22486 -25.22486
 -25.24041 -25.24041 -25.24041 -25.24041 -25.24041
 -25.27575 -25.27575 -25.27575 -25.27575 -25.27575
 -25.32495 -25.32495 -25.32495 -25.32495 -25.32495
 -25.38388 -25.38388 -25.38388 -25.38388 -25.38389
 -25.44958 -25.44958 -25.44958 -25.44958 -25.44959
 -25.52001 -25.52001 -25.52001 -25.52001 -25.52001
 -25.59371 -25.59371 -25.59371 -25.59371 -25.59371
 -25.66968 -25.66968 -25.66968 -25.66968 -25.66968
 -25.74720 -25.74719 -25.74720 -25.74720 -25.74720
 -25.82581 -25.82581 -25.82581 -25.82581 -25.82581
 -25.90519 -25.90518 -25.90518 -25.90518 -25.90518
 -25.98505 -25.98505 -25.98505 -25.98505 -25.98505
 --------------------/ IGRD= 1  / IPRT= 0  /        / Z1=33   / DATE= 26.01.98  
 -40.00000 -40.00000 -40.00000 -40.00000 -40.00000
 -40.00000 -40.00000 -40.00000 -40.00000 -40.00000
 -40.00000 -40.00000 -40.00000 -40.00000 -40.00000
 -40.00000 -40.00000 -40.00000 -40.00000 -40.00000
 -40.00000 -40.00000 -40.00000 -40.00000 -40.00000
 -40.00000 -40.00000 -40.00000 -40.00000 -40.00000
 -35.74797 -35.74797 -35.74797 -35.74797 -35.74797
 -32.36302 -32.36302 -32.36302 -32.36302 -32.36301
 -30.05738 -30.05738 -30.05738 -30.05738 -30.05738
 -28.49479 -28.49479 -28.49479 -28.49479 -28.49479
 -27.44407 -27.44406 -27.44406 -27.44406 -27.44407
 -26.74471 -26.74471 -26.74471 -26.74471 -26.74471
 -26.28078 -26.28078 -26.28078 -26.28078 -26.28078
 -25.95679 -25.95679 -25.95679 -25.95679 -25.95679
 -25.69666 -25.69666 -25.69666 -25.69666 -25.69666
 -25.47100 -25.47100 -25.47100 -25.47100 -25.47100
 -25.28947 -25.28947 -25.28947 -25.28947 -25.28947
 -25.16227 -25.16227 -25.16227 -25.16227 -25.16227
 -25.08702 -25.08702 -25.08702 -25.08702 -25.08702
 -25.05463 -25.05463 -25.05463 -25.05463 -25.05463
 -25.05492 -25.05492 -25.05492 -25.05492 -25.05492
 -25.07915 -25.07915 -25.07915 -25.07915 -25.07915
 -25.12051 -25.12051 -25.12051 -25.12051 -25.12052
 -25.17398 -25.17398 -25.17398 -25.17398 -25.17398
 -25.23589 -25.23589 -25.23589 -25.23589 -25.23589
 -25.30371 -25.30371 -25.30371 -25.30371 -25.30371
 -25.37561 -25.37560 -25.37560 -25.37560 -25.37560
 -25.45032 -25.45032 -25.45032 -25.45032 -25.45032
 -25.52701 -25.52701 -25.52701 -25.52701 -25.52701
 -25.60503 -25.60503 -25.60503 -25.60503 -25.60503
 --------------------/ IGRD= 1  / IPRT= 0  /        / Z1=34   / DATE= 26.01.98  
 -40.00000 -40.00000 -40.00000 -40.00000 -40.00000
 -40.00000 -40.00000 -40.00000 -40.00000 -40.00000
 -40.00000 -40.00000 -40.00000 -40.00000 -40.00000
 -40.00000 -40.00000 -40.00000 -40.00000 -40.00000
 -40.00000 -40.00000 -40.00000 -40.00000 -40.00000
 -37.93297 -37.93297 -37.93297 -37.93297 -37.93297
 -33.98809 -33.98808 -33.98808 -33.98808 -33.98809
 -31.24330 -31.24330 -31.24330 -31.24330 -31.24330
 -29.28804 -29.28804 -29.28804 -29.28804 -29.28803
 -27.88145 -27.88145 -27.88145 -27.88145 -27.88145
 -26.88600 -26.88600 -26.88600 -26.88600 -26.88600
 -26.20043 -26.20043 -26.20043 -26.20043 -26.20043
 -25.74217 -25.74217 -25.74217 -25.74217 -25.74217
 -25.44670 -25.44670 -25.44670 -25.44670 -25.44670
 -25.26579 -25.26579 -25.26579 -25.26579 -25.26579
 -25.16476 -25.16476 -25.16476 -25.16476 -25.16476
 -25.11927 -25.11927 -25.11927 -25.11927 -25.11927
 -25.11239 -25.11239 -25.11239 -25.11239 -25.11239
 -25.13241 -25.13240 -25.13240 -25.13240 -25.13241
 -25.17112 -25.17112 -25.17112 -25.17112 -25.17112
 -25.22285 -25.22285 -25.22285 -25.22285 -25.22285
 -25.28363 -25.28363 -25.28363 -25.28363 -25.28363
 -25.35065 -25.35065 -25.35065 -25.35065 -25.35065
 -25.42202 -25.42202 -25.42202 -25.42202 -25.42202
 -25.49637 -25.49637 -25.49637 -25.49637 -25.49637
 -25.57281 -25.57281 -25.57281 -25.57281 -25.57281
 -25.65066 -25.65066 -25.65066 -25.65066 -25.65066
 -25.72950 -25.72950 -25.72950 -25.72950 -25.72950
 -25.80902 -25.80902 -25.80902 -25.80902 -25.80902
 -25.88900 -25.88900 -25.88900 -25.88900 -25.88900
 --------------------/ IGRD= 1  / IPRT= 0  /        / Z1=35   / DATE= 26.01.98  
 -40.00000 -40.00000 -40.00000 -40.00000 -40.00000
 -40.00000 -40.00000 -40.00000 -40.00000 -40.00000
 -40.00000 -40.00000 -40.00000 -40.00000 -40.00000
 -40.00000 -40.00000 -40.00000 -40.00000 -40.00000
 -40.00000 -40.00000 -40.00000 -40.00000 -40.00000
 -37.40844 -37.40844 -37.40844 -37.40844 -37.40844
 -33.61568 -33.61568 -33.61568 -33.61568 -33.61568
 -31.02258 -31.02258 -31.02258 -31.02258 -31.02258
 -29.22927 -29.22927 -29.22927 -29.22927 -29.22927
 -27.94060 -27.94060 -27.94060 -27.94060 -27.94060
 -26.98433 -26.98433 -26.98433 -26.98433 -26.98433
 -26.28812 -26.28811 -26.28811 -26.28811 -26.28811
 -25.80416 -25.80416 -25.80416 -25.80416 -25.80416
 -25.48353 -25.48353 -25.48353 -25.48353 -25.48353
 -25.28103 -25.28103 -25.28103 -25.28103 -25.28103
 -25.15879 -25.15879 -25.15879 -25.15879 -25.15879
 -25.08840 -25.08840 -25.08840 -25.08840 -25.08841
 -25.05256 -25.05256 -25.05256 -25.05256 -25.05255
 -25.04263 -25.04262 -25.04262 -25.04262 -25.04262
 -25.05398 -25.05398 -25.05398 -25.05398 -25.05398
 -25.08290 -25.08290 -25.08290 -25.08290 -25.08290
 -25.12583 -25.12583 -25.12583 -25.12583 -25.12583
 -25.17947 -25.17947 -25.17947 -25.17947 -25.17947
 -25.24108 -25.24108 -25.24108 -25.24108 -25.24108
 -25.30844 -25.30844 -25.30844 -25.30844 -25.30844
 -25.37993 -25.37993 -25.37993 -25.37993 -25.37993
 -25.45432 -25.45432 -25.45432 -25.45432 -25.45432
 -25.53074 -25.53074 -25.53074 -25.53074 -25.53074
 -25.60859 -25.60859 -25.60859 -25.60859 -25.60859
 -25.68741 -25.68741 -25.68741 -25.68741 -25.68741
 --------------------/ IGRD= 1  / IPRT= 0  /        / Z1=36   / DATE= 26.01.98  
 -40.00000 -40.00000 -40.00000 -40.00000 -40.00000
 -40.00000 -40.00000 -40.00000 -40.00000 -40.00000
 -40.00000 -40.00000 -40.00000 -40.00000 -40.00000
 -40.00000 -40.00000 -40.00000 -40.00000 -40.00000
 -40.00000 -40.00000 -40.00000 -40.00000 -40.00000
 -38.08164 -38.08163 -38.08163 -38.08163 -38.08164
 -34.15104 -34.15104 -34.15104 -34.15104 -34.15104
 -31.31845 -31.31845 -31.31845 -31.31845 -31.31845
 -29.29525 -29.29525 -29.29525 -29.29525 -29.29525
 -27.85178 -27.85177 -27.85177 -27.85177 -27.85178
 -26.83486 -26.83486 -26.83486 -26.83486 -26.83486
 -26.13525 -26.13525 -26.13525 -26.13525 -26.13525
 -25.66754 -25.66754 -25.66754 -25.66754 -25.66754
 -25.36574 -25.36573 -25.36573 -25.36573 -25.36573
 -25.17969 -25.17968 -25.17968 -25.17968 -25.17969
 -25.07066 -25.07066 -25.07066 -25.07066 -25.07066
 -25.00954 -25.00954 -25.00954 -25.00954 -25.00954
 -24.97839 -24.97839 -24.97839 -24.97839 -24.97839
 -24.96928 -24.96928 -24.96928 -24.96928 -24.96928
 -24.97916 -24.97916 -24.97916 -24.97916 -24.97916
 -25.00575 -25.00575 -25.00575 -25.00575 -25.00575
 -25.04634 -25.04634 -25.04634 -25.04634 -25.04634
 -25.09799 -25.09799 -25.09799 -25.09799 -25.09799
 -25.15804 -25.15804 -25.15804 -25.15804 -25.15804
 -25.22424 -25.22424 -25.22424 -25.22424 -25.22424
 -25.29489 -25.29488 -25.29488 -25.29489 -25.29488
 -25.36867 -25.36867 -25.36867 -25.36867 -25.36867
 -25.44466 -25.44466 -25.44466 -25.44466 -25.44466
 -25.52221 -25.52221 -25.52221 -25.52221 -25.52221
 -25.60082 -25.60082 -25.60082 -25.60082 -25.60082
 --------------------/ IGRD= 1  / IPRT= 0  /        / Z1=37   / DATE= 26.01.98  
 -40.00000 -40.00000 -40.00000 -40.00000 -40.00000
 -40.00000 -40.00000 -40.00000 -40.00000 -40.00000
 -40.00000 -40.00000 -40.00000 -40.00000 -40.00000
 -40.00000 -40.00000 -40.00000 -40.00000 -40.00000
 -40.00000 -40.00000 -40.00000 -40.00000 -40.00000
 -37.24217 -37.24217 -37.24217 -37.24217 -37.24217
 -33.33799 -33.33799 -33.33799 -33.33799 -33.33799
 -30.67227 -30.67227 -30.67227 -30.67227 -30.67226
 -28.84838 -28.84838 -28.84838 -28.84838 -28.84838
 -27.58348 -27.58348 -27.58348 -27.58348 -27.58348
 -26.69166 -26.69166 -26.69166 -26.69166 -26.69166
 -26.06458 -26.06458 -26.06458 -26.06458 -26.06458
 -25.63530 -25.63530 -25.63530 -25.63530 -25.63530
 -25.35365 -25.35364 -25.35364 -25.35364 -25.35364
 -25.17914 -25.17914 -25.17914 -25.17914 -25.17914
 -25.07933 -25.07932 -25.07932 -25.07932 -25.07933
 -25.02874 -25.02874 -25.02874 -25.02874 -25.02874
 -25.00985 -25.00985 -25.00985 -25.00985 -25.00985
 -25.01297 -25.01297 -25.01297 -25.01297 -25.01297
 -25.03335 -25.03335 -25.03335 -25.03335 -25.03335
 -25.06811 -25.06811 -25.06811 -25.06811 -25.06811
 -25.11467 -25.11467 -25.11467 -25.11467 -25.11467
 -25.17058 -25.17058 -25.17058 -25.17058 -25.17058
 -25.23359 -25.23359 -25.23359 -25.23359 -25.23359
 -25.30185 -25.30185 -25.30185 -25.30185 -25.30185
 -25.37392 -25.37392 -25.37392 -25.37392 -25.37392
 -25.44868 -25.44868 -25.44868 -25.44868 -25.44868
 -25.52535 -25.52535 -25.52535 -25.52535 -25.52535
 -25.60336 -25.60336 -25.60336 -25.60336 -25.60336
 -25.68229 -25.68229 -25.68229 -25.68229 -25.68229
 --------------------/ IGRD= 1  / IPRT= 0  /        / Z1=38   / DATE= 26.01.98  
 -40.00000 -40.00000 -40.00000 -40.00000 -40.00000
 -40.00000 -40.00000 -40.00000 -40.00000 -40.00000
 -40.00000 -40.00000 -40.00000 -40.00000 -40.00000
 -40.00000 -40.00000 -40.00000 -40.00000 -40.00000
 -40.00000 -40.00000 -40.00000 -40.00000 -40.00000
 -36.29743 -36.29743 -36.29743 -36.29743 -36.29743
 -32.89910 -32.89910 -32.89910 -32.89910 -32.89910
 -30.52791 -30.52791 -30.52791 -30.52791 -30.52791
 -28.82390 -28.82389 -28.82389 -28.82389 -28.82389
 -27.56883 -27.56883 -27.56883 -27.56883 -27.56883
 -26.66050 -26.66050 -26.66050 -26.66050 -26.66050
 -26.02800 -26.02800 -26.02800 -26.02800 -26.02800
 -25.60428 -25.60428 -25.60428 -25.60428 -25.60428
 -25.33220 -25.33220 -25.33220 -25.33220 -25.33220
 -25.16734 -25.16734 -25.16734 -25.16734 -25.16734
 -25.07610 -25.07610 -25.07610 -25.07610 -25.07611
 -25.03303 -25.03303 -25.03303 -25.03303 -25.03303
 -25.02049 -25.02049 -25.02049 -25.02049 -25.02049
 -25.02857 -25.02857 -25.02857 -25.02857 -25.02857
 -25.05251 -25.05251 -25.05251 -25.05251 -25.05251
 -25.08968 -25.08968 -25.08968 -25.08968 -25.08968
 -25.13783 -25.13783 -25.13783 -25.13783 -25.13783
 -25.19476 -25.19476 -25.19476 -25.19476 -25.19476
 -25.25843 -25.25843 -25.25843 -25.25843 -25.25843
 -25.32713 -25.32713 -25.32713 -25.32713 -25.32713
 -25.39949 -25.39949 -25.39949 -25.39949 -25.39949
 -25.47444 -25.47444 -25.47444 -25.47444 -25.47445
 -25.55125 -25.55125 -25.55125 -25.55125 -25.55125
 -25.62934 -25.62934 -25.62934 -25.62934 -25.62934
 -25.70833 -25.70833 -25.70833 -25.70833 -25.70833
 --------------------/ IGRD= 1  / IPRT= 0  /        / Z1=39   / DATE= 26.01.98  
 -40.00000 -40.00000 -40.00000 -40.00000 -40.00000
 -40.00000 -40.00000 -40.00000 -40.00000 -40.00000
 -40.00000 -40.00000 -40.00000 -40.00000 -40.00000
 -40.00000 -40.00000 -40.00000 -40.00000 -40.00000
 -40.00000 -40.00000 -40.00000 -40.00000 -40.00000
 -38.01243 -38.01243 -38.01244 -38.01244 -38.01243
 -33.92978 -33.92977 -33.92977 -33.92977 -33.92977
 -31.12771 -31.12771 -31.12771 -31.12771 -31.12771
 -29.19604 -29.19604 -29.19604 -29.19604 -29.19604
 -27.84855 -27.84855 -27.84855 -27.84855 -27.84855
 -26.89089 -26.89089 -26.89089 -26.89089 -26.89089
 -26.20656 -26.20656 -26.20656 -26.20656 -26.20656
 -25.72829 -25.72829 -25.72829 -25.72829 -25.72829
 -25.40753 -25.40754 -25.40754 -25.40754 -25.40754
 -25.20383 -25.20383 -25.20383 -25.20383 -25.20383
 -25.08386 -25.08385 -25.08385 -25.08385 -25.08385
 -25.02119 -25.02119 -25.02119 -25.02119 -25.02119
 -24.99671 -24.99670 -24.99670 -24.99670 -24.99670
 -24.99839 -24.99839 -24.99839 -24.99839 -24.99840
 -25.01939 -25.01939 -25.01939 -25.01939 -25.01939
 -25.05543 -25.05543 -25.05543 -25.05543 -25.05543
 -25.10330 -25.10330 -25.10330 -25.10329 -25.10330
 -25.16027 -25.16027 -25.16027 -25.16027 -25.16027
 -25.22411 -25.22411 -25.22411 -25.22411 -25.22411
 -25.29297 -25.29297 -25.29297 -25.29297 -25.29297
 -25.36547 -25.36547 -25.36547 -25.36547 -25.36547
 -25.44053 -25.44053 -25.44053 -25.44053 -25.44053
 -25.51741 -25.51741 -25.51741 -25.51741 -25.51741
 -25.59557 -25.59557 -25.59557 -25.59557 -25.59557
 -25.67460 -25.67460 -25.67460 -25.67460 -25.67460
 --------------------/ IGRD= 1  / IPRT= 0  /        / Z1=40   / DATE= 26.01.98  
 -40.00000 -40.00000 -40.00000 -40.00000 -40.00000
 -40.00000 -40.00000 -40.00000 -40.00000 -40.00000
 -40.00000 -40.00000 -40.00000 -40.00000 -40.00000
 -40.00000 -40.00000 -40.00000 -40.00000 -40.00000
 -40.00000 -40.00000 -40.00000 -40.00000 -40.00000
 -36.30741 -36.30741 -36.30741 -36.30741 -36.30741
 -33.02420 -33.02420 -33.02420 -33.02420 -33.02420
 -30.56252 -30.56252 -30.56252 -30.56252 -30.56252
 -28.73467 -28.73467 -28.73467 -28.73467 -28.73467
 -27.44186 -27.44186 -27.44186 -27.44186 -27.44186
 -26.55398 -26.55398 -26.55398 -26.55398 -26.55398
 -25.95638 -25.95638 -25.95638 -25.95638 -25.95638
 -25.56362 -25.56362 -25.56362 -25.56362 -25.56362
 -25.31475 -25.31475 -25.31475 -25.31475 -25.31475
 -25.16642 -25.16642 -25.16642 -25.16642 -25.16642
 -25.08743 -25.08743 -25.08743 -25.08743 -25.08743
 -25.05461 -25.05461 -25.05461 -25.05461 -25.05461
 -25.05161 -25.05161 -25.05161 -25.05161 -25.05161
 -25.06844 -25.06844 -25.06844 -25.06844 -25.06844
 -25.09982 -25.09982 -25.09982 -25.09982 -25.09982
 -25.14287 -25.14287 -25.14287 -25.14287 -25.14287
 -25.19542 -25.19542 -25.19542 -25.19542 -25.19543
 -25.25554 -25.25554 -25.25554 -25.25554 -25.25554
 -25.32148 -25.32147 -25.32147 -25.32147 -25.32148
 -25.39175 -25.39175 -25.39175 -25.39175 -25.39175
 -25.46521 -25.46522 -25.46521 -25.46522 -25.46522
 -25.54094 -25.54094 -25.54094 -25.54094 -25.54094
 -25.61826 -25.61826 -25.61826 -25.61826 -25.61826
 -25.69673 -25.69672 -25.69672 -25.69672 -25.69673
 -25.77597 -25.77597 -25.77597 -25.77597 -25.77597
 --------------------/ IGRD= 1  / IPRT= 0  /        / Z1=41   / DATE= 26.01.98  
 -40.00000 -40.00000 -40.00000 -40.00000 -40.00000
 -40.00000 -40.00000 -40.00000 -40.00000 -40.00000
 -40.00000 -40.00000 -40.00000 -40.00000 -40.00000
 -39.08812 -39.08812 -39.08812 -39.08812 -39.08812
 -34.92869 -34.92869 -34.92869 -34.92869 -34.92869
 -32.08960 -32.08960 -32.08960 -32.08960 -32.08960
 -30.15861 -30.15861 -30.15861 -30.15861 -30.15861
 -28.83900 -28.83900 -28.83900 -28.83900 -28.83900
 -27.87609 -27.87609 -27.87609 -27.87609 -27.87608
 -27.06164 -27.06163 -27.06163 -27.06163 -27.06163
 -26.37336 -26.37335 -26.37335 -26.37335 -26.37335
 -25.85884 -25.85884 -25.85884 -25.85884 -25.85884
 -25.50769 -25.50769 -25.50769 -25.50769 -25.50769
 -25.28358 -25.28358 -25.28358 -25.28358 -25.28358
 -25.15155 -25.15155 -25.15155 -25.15155 -25.15154
 -25.08388 -25.08388 -25.08388 -25.08388 -25.08388
 -25.05934 -25.05934 -25.05934 -25.05934 -25.05934
 -25.06262 -25.06262 -25.06262 -25.06262 -25.06262
 -25.08421 -25.08421 -25.08421 -25.08421 -25.08421
 -25.11915 -25.11915 -25.11915 -25.11915 -25.11915
 -25.16474 -25.16474 -25.16474 -25.16474 -25.16474
 -25.21907 -25.21907 -25.21907 -25.21907 -25.21907
 -25.28041 -25.28041 -25.28041 -25.28041 -25.28041
 -25.34719 -25.34719 -25.34719 -25.34719 -25.34719
 -25.41805 -25.41805 -25.41805 -25.41806 -25.41805
 -25.49191 -25.49191 -25.49191 -25.49191 -25.49191
 -25.56790 -25.56789 -25.56789 -25.56789 -25.56789
 -25.64541 -25.64541 -25.64541 -25.64541 -25.64541
 -25.72400 -25.72400 -25.72400 -25.72400 -25.72400
 -25.80333 -25.80333 -25.80333 -25.80333 -25.80333
 --------------------/ IGRD= 1  / IPRT= 0  /        / Z1=42   / DATE= 26.01.98  
 -40.00000 -40.00000 -40.00000 -40.00000 -40.00000
 -40.00000 -40.00000 -40.00000 -40.00000 -40.00000
 -40.00000 -40.00000 -40.00000 -40.00000 -40.00000
 -40.00000 -40.00000 -40.00000 -40.00000 -40.00000
 -37.61774 -37.61774 -37.61774 -37.61774 -37.61774
 -33.69978 -33.69978 -33.69978 -33.69978 -33.69978
 -30.99803 -30.99803 -30.99803 -30.99803 -30.99803
 -29.12731 -29.12731 -29.12731 -29.12731 -29.12731
 -27.82236 -27.82236 -27.82236 -27.82236 -27.82236
 -26.90371 -26.90371 -26.90371 -26.90371 -26.90371
 -26.25906 -26.25906 -26.25906 -26.25906 -26.25906
 -25.81654 -25.81655 -25.81655 -25.81654 -25.81654
 -25.52423 -25.52423 -25.52423 -25.52423 -25.52423
 -25.34186 -25.34186 -25.34186 -25.34186 -25.34186
 -25.23849 -25.23849 -25.23849 -25.23849 -25.23849
 -25.19113 -25.19113 -25.19113 -25.19113 -25.19113
 -25.18309 -25.18309 -25.18309 -25.18309 -25.18309
 -25.20247 -25.20247 -25.20247 -25.20247 -25.20246
 -25.24089 -25.24089 -25.24089 -25.24089 -25.24089
 -25.29251 -25.29251 -25.29251 -25.29251 -25.29251
 -25.35325 -25.35325 -25.35325 -25.35325 -25.35325
 -25.42029 -25.42029 -25.42029 -25.42029 -25.42029
 -25.49168 -25.49168 -25.49168 -25.49168 -25.49168
 -25.56606 -25.56606 -25.56606 -25.56606 -25.56606
 -25.64250 -25.64250 -25.64250 -25.64249 -25.64249
 -25.72037 -25.72037 -25.72037 -25.72037 -25.72037
 -25.79923 -25.79922 -25.79922 -25.79922 -25.79922
 -25.87874 -25.87874 -25.87874 -25.87874 -25.87874
 -25.95872 -25.95872 -25.95872 -25.95872 -25.95872
 -26.03904 -26.03904 -26.03904 -26.03904 -26.03904
 --------------------/ IGRD= 1  / IPRT= 0  /        / Z1=43   / DATE= 26.01.98  
 -40.00000 -40.00000 -40.00000 -40.00000 -40.00000
 -40.00000 -40.00000 -40.00000 -40.00000 -40.00000
 -40.00000 -40.00000 -40.00000 -40.00000 -40.00000
 -40.00000 -40.00000 -40.00000 -40.00000 -40.00000
 -38.05104 -38.05103 -38.05103 -38.05103 -38.05104
 -33.99985 -33.99985 -33.99985 -33.99985 -33.99985
 -31.23205 -31.23205 -31.23205 -31.23205 -31.23205
 -29.33209 -29.33209 -29.33209 -29.33209 -29.33209
 -27.99759 -27.99759 -27.99759 -27.99759 -27.99759
 -27.03599 -27.03598 -27.03598 -27.03598 -27.03598
 -26.34851 -26.34850 -26.34850 -26.34850 -26.34850
 -25.87392 -25.87392 -25.87392 -25.87392 -25.87392
 -25.56057 -25.56057 -25.56057 -25.56057 -25.56057
 -25.36505 -25.36504 -25.36504 -25.36505 -25.36504
 -25.25346 -25.25346 -25.25346 -25.25346 -25.25346
 -25.20063 -25.20063 -25.20063 -25.20063 -25.20063
 -25.18800 -25.18800 -25.18800 -25.18800 -25.18800
 -25.20207 -25.20207 -25.20207 -25.20207 -25.20207
 -25.23381 -25.23381 -25.23381 -25.23381 -25.23381
 -25.27782 -25.27782 -25.27782 -25.27782 -25.27782
 -25.33096 -25.33096 -25.33096 -25.33096 -25.33096
 -25.39123 -25.39123 -25.39123 -25.39122 -25.39123
 -25.45701 -25.45701 -25.45701 -25.45701 -25.45701
 -25.52702 -25.52702 -25.52702 -25.52702 -25.52702
 -25.60019 -25.60019 -25.60019 -25.60019 -25.60019
 -25.67567 -25.67566 -25.67567 -25.67567 -25.67567
 -25.75281 -25.75281 -25.75281 -25.75281 -25.75281
 -25.83110 -25.83110 -25.83110 -25.83110 -25.83110
 -25.91025 -25.91025 -25.91025 -25.91025 -25.91025
 -25.98996 -25.98996 -25.98996 -25.98996 -25.98996
 --------------------/ IGRD= 1  / IPRT= 0  /        / Z1=44   / DATE= 26.01.98  
 -40.00000 -40.00000 -40.00000 -40.00000 -40.00000
 -40.00000 -40.00000 -40.00000 -40.00000 -40.00000
 -40.00000 -40.00000 -40.00000 -40.00000 -40.00000
 -40.00000 -40.00000 -40.00000 -40.00000 -40.00000
 -39.73277 -39.73277 -39.73277 -39.73277 -39.73277
 -35.01409 -35.01408 -35.01408 -35.01408 -35.01408
 -31.79088 -31.79088 -31.79088 -31.79088 -31.79088
 -29.59666 -29.59666 -29.59666 -29.59666 -29.59666
 -28.11096 -28.11096 -28.11096 -28.11096 -28.11096
 -27.11302 -27.11302 -27.11302 -27.11302 -27.11302
 -26.45116 -26.45116 -26.45116 -26.45116 -26.45116
 -26.02062 -26.02062 -26.02062 -26.02062 -26.02062
 -25.74936 -25.74935 -25.74935 -25.74935 -25.74935
 -25.58781 -25.58782 -25.58782 -25.58781 -25.58781
 -25.50177 -25.50177 -25.50177 -25.50177 -25.50177
 -25.46751 -25.46751 -25.46751 -25.46751 -25.46751
 -25.46816 -25.46815 -25.46816 -25.46816 -25.46816
 -25.49159 -25.49159 -25.49159 -25.49159 -25.49159
 -25.52978 -25.52978 -25.52978 -25.52978 -25.52978
 -25.57809 -25.57809 -25.57809 -25.57809 -25.57809
 -25.63404 -25.63404 -25.63404 -25.63404 -25.63405
 -25.69609 -25.69608 -25.69608 -25.69609 -25.69609
 -25.76303 -25.76303 -25.76303 -25.76303 -25.76303
 -25.83377 -25.83377 -25.83377 -25.83377 -25.83377
 -25.90742 -25.90742 -25.90742 -25.90742 -25.90742
 -25.98322 -25.98322 -25.98322 -25.98321 -25.98322
 -26.06055 -26.06055 -26.06055 -26.06055 -26.06055
 -26.13900 -26.13900 -26.13900 -26.13900 -26.13900
 -26.21823 -26.21823 -26.21823 -26.21823 -26.21823
 -26.29801 -26.29801 -26.29801 -26.29801 -26.29801
 --------------------/ IGRD= 1  / IPRT= 0  /        / Z1=45   / DATE= 26.01.98  
 -40.00000 -40.00000 -40.00000 -40.00000 -40.00000
 -40.00000 -40.00000 -40.00000 -40.00000 -40.00000
 -40.00000 -40.00000 -40.00000 -40.00000 -40.00000
 -40.00000 -40.00000 -40.00000 -40.00000 -40.00000
 -40.00000 -40.00000 -40.00000 -40.00000 -40.00000
 -40.00000 -40.00000 -40.00000 -40.00000 -40.00000
 -40.00000 -40.00000 -40.00000 -40.00000 -40.00000
 -40.00000 -40.00000 -40.00000 -40.00000 -40.00000
 -40.00000 -40.00000 -40.00000 -40.00000 -40.00000
 -40.00000 -40.00000 -40.00000 -40.00000 -40.00000
 -40.00000 -40.00000 -40.00000 -40.00000 -40.00000
 -40.00000 -40.00000 -40.00000 -40.00000 -40.00000
 -40.00000 -40.00000 -40.00000 -40.00000 -40.00000
 -39.88896 -39.88896 -39.88896 -39.88896 -39.88896
 -35.23673 -35.23672 -35.23672 -35.23672 -35.23673
 -32.03772 -32.03773 -32.03773 -32.03773 -32.03773
 -29.85193 -29.85193 -29.85193 -29.85193 -29.85193
 -28.36840 -28.36839 -28.36839 -28.36839 -28.36840
 -27.37048 -27.37049 -27.37049 -27.37049 -27.37048
 -26.70794 -26.70794 -26.70794 -26.70794 -26.70793
 -26.27661 -26.27660 -26.27661 -26.27661 -26.27660
 -26.00469 -26.00468 -26.00468 -26.00468 -26.00469
 -25.84261 -25.84261 -25.84261 -25.84261 -25.84261
 -25.75621 -25.75620 -25.75621 -25.75621 -25.75620
 -25.72192 -25.72192 -25.72192 -25.72192 -25.72192
 -25.72354 -25.72354 -25.72354 -25.72354 -25.72354
 -25.74987 -25.74986 -25.74986 -25.74986 -25.74986
 -25.79323 -25.79323 -25.79323 -25.79323 -25.79323
 -25.84832 -25.84832 -25.84832 -25.84832 -25.84832
 -25.91148 -25.91148 -25.91148 -25.91148 -25.91148
 --------------------/ IGRD= 1  / IPRT= 0  /        / Z1=46   / DATE= 26.01.98  
 -40.00000 -40.00000 -40.00000 -40.00000 -40.00000
 -40.00000 -40.00000 -40.00000 -40.00000 -40.00000
 -40.00000 -40.00000 -40.00000 -40.00000 -40.00000
 -40.00000 -40.00000 -40.00000 -40.00000 -40.00000
 -40.00000 -40.00000 -40.00000 -40.00000 -40.00000
 -40.00000 -40.00000 -40.00000 -40.00000 -40.00000
 -40.00000 -40.00000 -40.00000 -40.00000 -40.00000
 -40.00000 -40.00000 -40.00000 -40.00000 -40.00000
 -37.13520 -37.13520 -37.13520 -37.13520 -37.13520
 -33.58252 -33.58252 -33.58252 -33.58253 -33.58253
 -31.16172 -31.16172 -31.16172 -31.16172 -31.16172
 -29.51992 -29.51991 -29.51991 -29.51991 -29.51991
 -28.41449 -28.41449 -28.41449 -28.41449 -28.41449
 -27.67862 -27.67862 -27.67862 -27.67862 -27.67862
 -27.19710 -27.19710 -27.19710 -27.19710 -27.19710
 -26.89075 -26.89075 -26.89075 -26.89075 -26.89075
 -26.70487 -26.70487 -26.70487 -26.70487 -26.70487
 -26.59792 -26.59792 -26.59792 -26.59792 -26.59793
 -26.51402 -26.51401 -26.51401 -26.51401 -26.51402
 -26.37244 -26.37244 -26.37244 -26.37244 -26.37244
 -26.17083 -26.17083 -26.17083 -26.17083 -26.17083
 -25.98531 -25.98531 -25.98531 -25.98531 -25.98532
 -25.85582 -25.85582 -25.85582 -25.85582 -25.85582
 -25.78249 -25.78250 -25.78250 -25.78250 -25.78250
 -25.75381 -25.75381 -25.75381 -25.75381 -25.75381
 -25.75798 -25.75798 -25.75798 -25.75798 -25.75798
 -25.78554 -25.78554 -25.78554 -25.78554 -25.78554
 -25.82951 -25.82951 -25.82951 -25.82951 -25.82951
 -25.88492 -25.88492 -25.88492 -25.88492 -25.88492
 -25.94826 -25.94826 -25.94826 -25.94826 -25.94826
 --------------------/ IGRD= 1  / IPRT= 0  /        / Z1=47   / DATE= 26.01.98  
 -40.00000 -40.00000 -40.00000 -40.00000 -40.00000
 -40.00000 -40.00000 -40.00000 -40.00000 -40.00000
 -40.00000 -40.00000 -40.00000 -40.00000 -40.00000
 -40.00000 -40.00000 -40.00000 -40.00000 -40.00000
 -40.00000 -40.00000 -40.00000 -40.00000 -40.00000
 -40.00000 -40.00000 -40.00000 -40.00000 -40.00000
 -40.00000 -40.00000 -40.00000 -40.00000 -40.00000
 -40.00000 -40.00000 -40.00000 -40.00000 -40.00000
 -38.74610 -38.74610 -38.74610 -38.74610 -38.74610
 -34.60788 -34.60787 -34.60787 -34.60787 -34.60788
 -31.78381 -31.78381 -31.78381 -31.78381 -31.78381
 -29.86438 -29.86438 -29.86438 -29.86438 -29.86438
 -28.56776 -28.56776 -28.56776 -28.56776 -28.56776
 -27.70026 -27.70026 -27.70026 -27.70026 -27.70026
 -27.12809 -27.12809 -27.12809 -27.12809 -27.12809
 -26.75932 -26.75932 -26.75932 -26.75932 -26.75932
 -26.53059 -26.53059 -26.53059 -26.53059 -26.53058
 -26.39704 -26.39704 -26.39704 -26.39704 -26.39704
 -26.31743 -26.31743 -26.31743 -26.31743 -26.31743
 -26.23694 -26.23694 -26.23694 -26.23694 -26.23694
 -26.11857 -26.11857 -26.11857 -26.11857 -26.11857
 -25.98735 -25.98734 -25.98734 -25.98734 -25.98734
 -25.88316 -25.88316 -25.88316 -25.88316 -25.88316
 -25.82030 -25.82030 -25.82030 -25.82030 -25.82030
 -25.79574 -25.79574 -25.79574 -25.79574 -25.79574
 -25.80142 -25.80142 -25.80142 -25.80142 -25.80142
 -25.82946 -25.82946 -25.82946 -25.82946 -25.82946
 -25.87350 -25.87350 -25.87350 -25.87350 -25.87350
 -25.92886 -25.92886 -25.92886 -25.92886 -25.92886
 -25.99210 -25.99210 -25.99210 -25.99210 -25.99210
 --------------------/ IGRD= 1  / IPRT= 0  /        / Z1=48   / DATE= 26.01.98  
 -40.00000 -40.00000 -40.00000 -40.00000 -40.00000
 -40.00000 -40.00000 -40.00000 -40.00000 -40.00000
 -40.00000 -40.00000 -40.00000 -40.00000 -40.00000
 -40.00000 -40.00000 -40.00000 -40.00000 -40.00000
 -40.00000 -40.00000 -40.00000 -40.00000 -40.00000
 -40.00000 -40.00000 -40.00000 -40.00000 -40.00000
 -40.00000 -40.00000 -40.00000 -40.00000 -40.00000
 -38.92104 -38.92104 -38.92104 -38.92104 -38.92104
 -35.04005 -35.04005 -35.04005 -35.04005 -35.04004
 -32.36616 -32.36615 -32.36615 -32.36615 -32.36615
 -30.47088 -30.47087 -30.47087 -30.47087 -30.47087
 -29.08189 -29.08189 -29.08189 -29.08189 -29.08189
 -28.06557 -28.06557 -28.06557 -28.06557 -28.06557
 -27.33809 -27.33809 -27.33809 -27.33809 -27.33809
 -26.83143 -26.83143 -26.83143 -26.83143 -26.83143
 -26.49089 -26.49089 -26.49089 -26.49089 -26.49089
 -26.27305 -26.27306 -26.27306 -26.27306 -26.27305
 -26.14352 -26.14352 -26.14352 -26.14352 -26.14352
 -26.07181 -26.07181 -26.07181 -26.07181 -26.07181
 -26.02341 -26.02341 -26.02341 -26.02341 -26.02341
 -25.96884 -25.96884 -25.96884 -25.96884 -25.96884
 -25.90647 -25.90647 -25.90647 -25.90647 -25.90647
 -25.85423 -25.85423 -25.85423 -25.85423 -25.85423
 -25.82527 -25.82527 -25.82527 -25.82527 -25.82527
 -25.82206 -25.82206 -25.82207 -25.82207 -25.82206
 -25.84127 -25.84127 -25.84127 -25.84127 -25.84127
 -25.87801 -25.87801 -25.87801 -25.87801 -25.87801
 -25.92778 -25.92778 -25.92777 -25.92777 -25.92778
 -25.98693 -25.98693 -25.98693 -25.98693 -25.98693
 -26.05271 -26.05271 -26.05271 -26.05271 -26.05271
 --------------------/ IGRD= 1  / IPRT= 0  /        / Z1=49   / DATE= 26.01.98  
 -40.00000 -40.00000 -40.00000 -40.00000 -40.00000
 -40.00000 -40.00000 -40.00000 -40.00000 -40.00000
 -40.00000 -40.00000 -40.00000 -40.00000 -40.00000
 -40.00000 -40.00000 -40.00000 -40.00000 -40.00000
 -40.00000 -40.00000 -40.00000 -40.00000 -40.00000
 -40.00000 -40.00000 -40.00000 -40.00000 -40.00000
 -40.00000 -40.00000 -40.00000 -40.00000 -40.00000
 -36.44406 -36.44406 -36.44406 -36.44406 -36.44406
 -33.09153 -33.09153 -33.09153 -33.09153 -33.09153
 -30.80800 -30.80800 -30.80800 -30.80800 -30.80800
 -29.25840 -29.25840 -29.25840 -29.25840 -29.25841
 -28.20371 -28.20371 -28.20371 -28.20371 -28.20371
 -27.47044 -27.47044 -27.47044 -27.47044 -27.47044
 -26.94458 -26.94457 -26.94457 -26.94457 -26.94457
 -26.56519 -26.56519 -26.56519 -26.56519 -26.56519
 -26.30094 -26.30094 -26.30094 -26.30094 -26.30094
 -26.12877 -26.12877 -26.12877 -26.12877 -26.12877
 -26.02752 -26.02752 -26.02752 -26.02752 -26.02752
 -25.97660 -25.97659 -25.97659 -25.97659 -25.97659
 -25.95263 -25.95263 -25.95263 -25.95263 -25.95263
 -25.93285 -25.93285 -25.93285 -25.93285 -25.93285
 -25.90901 -25.90901 -25.90901 -25.90901 -25.90901
 -25.88888 -25.88888 -25.88888 -25.88888 -25.88888
 -25.88252 -25.88251 -25.88251 -25.88251 -25.88251
 -25.89412 -25.89412 -25.89412 -25.89412 -25.89412
 -25.92288 -25.92288 -25.92288 -25.92288 -25.92288
 -25.96580 -25.96581 -25.96581 -25.96581 -25.96581
 -26.01962 -26.01962 -26.01962 -26.01962 -26.01961
 -26.08144 -26.08144 -26.08144 -26.08144 -26.08144
 -26.14903 -26.14903 -26.14903 -26.14903 -26.14903
 --------------------/ IGRD= 1  / IPRT= 0  /        / Z1=50   / DATE= 26.01.98  
 -40.00000 -40.00000 -40.00000 -40.00000 -40.00000
 -40.00000 -40.00000 -40.00000 -40.00000 -40.00000
 -40.00000 -40.00000 -40.00000 -40.00000 -40.00000
 -40.00000 -40.00000 -40.00000 -40.00000 -40.00000
 -40.00000 -40.00000 -40.00000 -40.00000 -40.00000
 -40.00000 -40.00000 -40.00000 -40.00000 -40.00000
 -38.40545 -38.40545 -38.40545 -38.40545 -38.40545
 -34.42045 -34.42044 -34.42044 -34.42044 -34.42044
 -31.69869 -31.69869 -31.69869 -31.69869 -31.69869
 -29.84167 -29.84167 -29.84167 -29.84167 -29.84167
 -28.57418 -28.57418 -28.57418 -28.57418 -28.57418
 -27.70585 -27.70585 -27.70585 -27.70585 -27.70585
 -27.10190 -27.10190 -27.10190 -27.10190 -27.10190
 -26.67150 -26.67150 -26.67150 -26.67150 -26.67150
 -26.36420 -26.36420 -26.36420 -26.36420 -26.36419
 -26.15374 -26.15374 -26.15374 -26.15374 -26.15374
 -26.02095 -26.02095 -26.02095 -26.02095 -26.02095
 -25.94817 -25.94817 -25.94817 -25.94817 -25.94818
 -25.91906 -25.91906 -25.91906 -25.91906 -25.91906
 -25.91714 -25.91713 -25.91713 -25.91713 -25.91713
 -25.92659 -25.92659 -25.92659 -25.92659 -25.92659
 -25.93840 -25.93840 -25.93840 -25.93840 -25.93839
 -25.95304 -25.95304 -25.95304 -25.95304 -25.95304
 -25.97508 -25.97508 -25.97508 -25.97507 -25.97508
 -26.00762 -26.00762 -26.00762 -26.00762 -26.00762
 -26.05110 -26.05110 -26.05110 -26.05110 -26.05110
 -26.10416 -26.10416 -26.10416 -26.10416 -26.10415
 -26.16489 -26.16489 -26.16489 -26.16489 -26.16489
 -26.23146 -26.23146 -26.23146 -26.23146 -26.23146
 -26.30228 -26.30228 -26.30228 -26.30228 -26.30228
 --------------------/ IGRD= 1  / IPRT= 0  /        / Z1=51   / DATE= 26.01.98  
 -40.00000 -40.00000 -40.00000 -40.00000 -40.00000
 -40.00000 -40.00000 -40.00000 -40.00000 -40.00000
 -40.00000 -40.00000 -40.00000 -40.00000 -40.00000
 -40.00000 -40.00000 -40.00000 -40.00000 -40.00000
 -40.00000 -40.00000 -40.00000 -40.00000 -40.00000
 -40.00000 -40.00000 -40.00000 -40.00000 -40.00000
 -39.73218 -39.73219 -39.73219 -39.73219 -39.73219
 -35.31951 -35.31951 -35.31951 -35.31951 -35.31951
 -32.30647 -32.30647 -32.30647 -32.30647 -32.30647
 -30.25597 -30.25596 -30.25596 -30.25596 -30.25596
 -28.86170 -28.86169 -28.86169 -28.86169 -28.86169
 -27.89703 -27.89702 -27.89702 -27.89702 -27.89702
 -27.20248 -27.20248 -27.20248 -27.20248 -27.20248
 -26.69387 -26.69387 -26.69387 -26.69387 -26.69388
 -26.33332 -26.33333 -26.33333 -26.33333 -26.33332
 -26.09266 -26.09266 -26.09266 -26.09266 -26.09266
 -25.94430 -25.94430 -25.94430 -25.94430 -25.94430
 -25.86391 -25.86392 -25.86392 -25.86392 -25.86391
 -25.83190 -25.83190 -25.83190 -25.83190 -25.83190
 -25.83239 -25.83239 -25.83239 -25.83239 -25.83239
 -25.85197 -25.85196 -25.85196 -25.85196 -25.85197
 -25.88128 -25.88128 -25.88128 -25.88128 -25.88128
 -25.91654 -25.91654 -25.91654 -25.91654 -25.91654
 -25.95780 -25.95781 -25.95781 -25.95781 -25.95780
 -26.00596 -26.00596 -26.00596 -26.00596 -26.00596
 -26.06115 -26.06115 -26.06115 -26.06115 -26.06115
 -26.12264 -26.12265 -26.12265 -26.12265 -26.12264
 -26.18932 -26.18932 -26.18932 -26.18932 -26.18932
 -26.26002 -26.26002 -26.26002 -26.26002 -26.26002
 -26.33372 -26.33372 -26.33372 -26.33372 -26.33372
 --------------------/ IGRD= 1  / IPRT= 0  /        / Z1=52   / DATE= 26.01.98  
 -40.00000 -40.00000 -40.00000 -40.00000 -40.00000
 -40.00000 -40.00000 -40.00000 -40.00000 -40.00000
 -40.00000 -40.00000 -40.00000 -40.00000 -40.00000
 -40.00000 -40.00000 -40.00000 -40.00000 -40.00000
 -40.00000 -40.00000 -40.00000 -40.00000 -40.00000
 -40.00000 -40.00000 -40.00000 -40.00000 -40.00000
 -40.00000 -40.00000 -40.00000 -40.00000 -40.00000
 -36.78668 -36.78668 -36.78668 -36.78668 -36.78668
 -33.20098 -33.20098 -33.20098 -33.20098 -33.20098
 -30.75697 -30.75697 -30.75697 -30.75697 -30.75697
 -29.09946 -29.09946 -29.09946 -29.09946 -29.09946
 -27.98329 -27.98329 -27.98329 -27.98329 -27.98329
 -27.23987 -27.23987 -27.23987 -27.23987 -27.23987
 -26.75324 -26.75324 -26.75324 -26.75324 -26.75324
 -26.44335 -26.44335 -26.44335 -26.44335 -26.44335
 -26.25518 -26.25518 -26.25518 -26.25518 -26.25518
 -26.15085 -26.15085 -26.15085 -26.15084 -26.15085
 -26.10421 -26.10421 -26.10421 -26.10421 -26.10421
 -26.09702 -26.09702 -26.09702 -26.09702 -26.09702
 -26.11538 -26.11538 -26.11538 -26.11538 -26.11538
 -26.14757 -26.14757 -26.14757 -26.14757 -26.14757
 -26.18526 -26.18526 -26.18526 -26.18526 -26.18526
 -26.22552 -26.22552 -26.22552 -26.22552 -26.22552
 -26.26943 -26.26943 -26.26943 -26.26943 -26.26942
 -26.31879 -26.31878 -26.31878 -26.31878 -26.31879
 -26.37442 -26.37442 -26.37442 -26.37442 -26.37442
 -26.43601 -26.43601 -26.43601 -26.43601 -26.43601
 -26.50267 -26.50266 -26.50266 -26.50266 -26.50267
 -26.57329 -26.57329 -26.57329 -26.57329 -26.57329
 -26.64691 -26.64691 -26.64691 -26.64691 -26.64691
 --------------------/ IGRD= 1  / IPRT= 0  /        / Z1=53   / DATE= 26.01.98  
 -40.00000 -40.00000 -40.00000 -40.00000 -40.00000
 -40.00000 -40.00000 -40.00000 -40.00000 -40.00000
 -40.00000 -40.00000 -40.00000 -40.00000 -40.00000
 -40.00000 -40.00000 -40.00000 -40.00000 -40.00000
 -40.00000 -40.00000 -40.00000 -40.00000 -40.00000
 -40.00000 -40.00000 -40.00000 -40.00000 -40.00000
 -40.00000 -40.00000 -40.00000 -40.00000 -40.00000
 -40.00000 -40.00000 -40.00000 -40.00000 -40.00000
 -40.00000 -40.00000 -40.00000 -40.00000 -40.00000
 -40.00000 -40.00000 -40.00000 -40.00000 -40.00000
 -40.00000 -40.00000 -40.00000 -40.00000 -40.00000
 -40.00000 -40.00000 -40.00000 -40.00000 -40.00000
 -40.00000 -40.00000 -40.00000 -40.00000 -40.00000
 -40.00000 -40.00000 -40.00000 -40.00000 -40.00000
 -40.00000 -40.00000 -40.00000 -40.00000 -40.00000
 -40.00000 -40.00000 -40.00000 -40.00000 -40.00000
 -40.00000 -40.00000 -40.00000 -40.00000 -40.00000
 -40.00000 -40.00000 -40.00000 -40.00000 -40.00000
 -40.00000 -40.00000 -40.00000 -40.00000 -40.00000
 -36.80542 -36.80542 -36.80542 -36.80542 -36.80542
 -33.43651 -33.43651 -33.43651 -33.43651 -33.43651
 -31.13692 -31.13692 -31.13692 -31.13692 -31.13692
 -29.57290 -29.57290 -29.57290 -29.57290 -29.57290
 -28.51602 -28.51602 -28.51602 -28.51602 -28.51602
 -27.80980 -27.80980 -27.80980 -27.80980 -27.80979
 -27.34639 -27.34639 -27.34639 -27.34639 -27.34639
 -27.05126 -27.05126 -27.05126 -27.05126 -27.05126
 -26.87258 -26.87257 -26.87257 -26.87257 -26.87257
 -26.77439 -26.77439 -26.77439 -26.77439 -26.77439
 -26.73185 -26.73185 -26.73185 -26.73185 -26.73185
 --------------------/ IGRD= 1  / IPRT= 0  /        / Z1=54   / DATE= 26.01.98  
 -40.00000 -40.00000 -40.00000 -40.00000 -40.00000
 -40.00000 -40.00000 -40.00000 -40.00000 -40.00000
 -40.00000 -40.00000 -40.00000 -40.00000 -40.00000
 -40.00000 -40.00000 -40.00000 -40.00000 -40.00000
 -40.00000 -40.00000 -40.00000 -40.00000 -40.00000
 -40.00000 -40.00000 -40.00000 -40.00000 -40.00000
 -40.00000 -40.00000 -40.00000 -40.00000 -40.00000
 -40.00000 -40.00000 -40.00000 -40.00000 -40.00000
 -40.00000 -40.00000 -40.00000 -40.00000 -40.00000
 -40.00000 -40.00000 -40.00000 -40.00000 -40.00000
 -40.00000 -40.00000 -40.00000 -40.00000 -40.00000
 -40.00000 -40.00000 -40.00000 -40.00000 -40.00000
 -40.00000 -40.00000 -40.00000 -40.00000 -40.00000
 -40.00000 -40.00000 -40.00000 -40.00000 -40.00000
 -40.00000 -40.00000 -40.00000 -40.00000 -40.00000
 -40.00000 -40.00000 -40.00000 -40.00000 -40.00000
 -40.00000 -40.00000 -40.00000 -40.00000 -40.00000
 -40.00000 -40.00000 -40.00000 -40.00000 -40.00000
 -40.00000 -40.00000 -40.00000 -40.00000 -40.00000
 -37.30262 -37.30262 -37.30262 -37.30262 -37.30262
 -33.86944 -33.86943 -33.86943 -33.86943 -33.86944
 -31.52481 -31.52481 -31.52481 -31.52481 -31.52481
 -29.92801 -29.92801 -29.92801 -29.92801 -29.92801
 -28.84646 -28.84646 -28.84646 -28.84646 -28.84646
 -28.12151 -28.12150 -28.12150 -28.12150 -28.12150
 -27.64403 -27.64403 -27.64403 -27.64403 -27.64403
 -27.33852 -27.33852 -27.33852 -27.33852 -27.33852
 -27.15231 -27.15231 -27.15231 -27.15231 -27.15231
 -27.04876 -27.04876 -27.04876 -27.04876 -27.04876
 -27.00243 -27.00243 -27.00243 -27.00243 -27.00243
