    7    5   35    1    7     /NITROGEN           /GCR PROJECT                 
================================================================================
  11.00000  12.00000  13.00000  14.00000  15.00000
   0.00000   0.13535   0.27071   0.40606   0.54142   0.67677   0.81213   0.94748
   1.08284   1.21819   1.35355   1.48890   1.62426   1.75961   1.89497   2.03032
   2.16568   2.30103   2.43638   2.57174   2.70709   2.84245   2.97780   3.11316
   3.24851   3.38387   3.51922   3.65458   3.78993   3.92529   4.06064   4.19600
   4.33135   4.46671   4.60206
---------------------/ IGRD= 1  / IPRT= 0  /--------/ Z1= 1   / DATE= 04/11/99  
 -29.23407 -29.22893 -29.23521 -29.27512 -29.43422
 -28.08295 -28.08775 -28.09975 -28.17737 -28.42845
 -27.27077 -27.27168 -27.29327 -27.42573 -27.77692
 -26.67305 -26.67560 -26.71242 -26.89496 -27.32837
 -26.22721 -26.23118 -26.28093 -26.50080 -26.99865
 -25.88859 -25.89395 -25.95230 -26.19650 -26.74267
 -25.62231 -25.62869 -25.69062 -25.95055 -26.53436
 -25.41469 -25.42187 -25.48548 -25.75655 -26.36715
 -25.25894 -25.26653 -25.33152 -25.60894 -26.23634
 -25.14441 -25.15226 -25.21787 -25.49831 -26.13405
 -25.06043 -25.06839 -25.13346 -25.41519 -26.05415
 -25.00068 -25.00868 -25.07201 -25.35215 -25.99266
 -24.96025 -24.96898 -25.03002 -25.30610 -25.94462
 -24.93633 -24.94384 -25.00384 -25.27359 -25.90552
 -24.92683 -24.93215 -24.98894 -25.25163 -25.87391
 -24.92736 -24.93298 -24.98347 -25.23778 -25.84948
 -24.93327 -24.93957 -24.98774 -25.22975 -25.82922
 -24.94524 -24.94847 -24.99570 -25.22592 -25.81154
 -24.95615 -24.96043 -25.00106 -25.22372 -25.79697
 -24.96655 -24.97314 -25.00570 -25.22178 -25.78311
 -24.97732 -24.98562 -25.01073 -25.21981 -25.76902
 -24.98802 -24.99824 -25.01570 -25.21787 -25.75503
 -24.99878 -25.01090 -25.02070 -25.21596 -25.74107
 -25.00956 -25.02359 -25.02573 -25.21405 -25.72713
 -25.02037 -25.03633 -25.03080 -25.21216 -25.71320
 -25.03121 -25.04909 -25.03589 -25.21029 -25.69927
 -25.04206 -25.06187 -25.04101 -25.20844 -25.68536
 -25.05294 -25.07468 -25.04614 -25.20658 -25.67146
 -25.06384 -25.08750 -25.05130 -25.20474 -25.65756
 -25.07475 -25.10034 -25.05648 -25.20291 -25.64367
 -25.08567 -25.11320 -25.06167 -25.20110 -25.62979
 -25.09660 -25.12606 -25.06688 -25.19929 -25.61590
 -25.10754 -25.13892 -25.07209 -25.19747 -25.60201
 -25.11847 -25.15178 -25.07730 -25.19566 -25.58811
 -25.12941 -25.16464 -25.08251 -25.19384 -25.57422
---------------------/ IGRD= 1  / IPRT= 0  /--------/ Z1= 2   / DATE= 04/11/99  
 -29.26646 -29.70447 -29.80749 -29.82437 -29.86621
 -28.35675 -28.53016 -28.54935 -28.55840 -28.59267
 -27.57081 -27.62590 -27.63447 -27.63711 -27.66411
 -26.93256 -26.95019 -26.95234 -26.95554 -26.97722
 -26.42210 -26.43010 -26.43161 -26.43321 -26.45449
 -26.01555 -26.02021 -26.02090 -26.02306 -26.04939
 -25.69380 -25.69790 -25.69831 -25.70289 -25.73535
 -25.44506 -25.44907 -25.45011 -25.45634 -25.49688
 -25.25885 -25.26272 -25.26444 -25.27140 -25.31987
 -25.12445 -25.12788 -25.12917 -25.13749 -25.19172
 -25.03032 -25.03295 -25.03414 -25.04352 -25.10139
 -24.96698 -24.96893 -24.97122 -24.97969 -25.04002
 -24.92919 -24.93048 -24.93170 -24.93974 -25.00225
 -24.90771 -24.90860 -24.90887 -24.91844 -24.98000
 -24.89818 -24.89848 -24.89857 -24.91026 -24.96882
 -24.89842 -24.89900 -24.89895 -24.91021 -24.96680
 -24.90391 -24.90661 -24.90714 -24.91577 -24.97088
 -24.91685 -24.91863 -24.91900 -24.92692 -24.98134
 -24.93518 -24.93524 -24.93442 -24.94478 -24.99652
 -24.95681 -24.95655 -24.95779 -24.96528 -25.01576
 -24.98231 -24.98246 -24.98572 -24.98899 -25.03827
 -25.01191 -25.01190 -25.01258 -25.01779 -25.06285
 -25.04126 -25.04122 -25.04144 -25.04674 -25.08821
 -25.07022 -25.07021 -25.07134 -25.07521 -25.11378
 -25.09919 -25.09918 -25.10130 -25.10365 -25.13938
 -25.12816 -25.12817 -25.13125 -25.13211 -25.16499
 -25.15713 -25.15717 -25.16122 -25.16056 -25.19061
 -25.18610 -25.18615 -25.19117 -25.18901 -25.21623
 -25.21506 -25.21513 -25.22113 -25.21745 -25.24185
 -25.24401 -25.24410 -25.25108 -25.24588 -25.26747
 -25.27296 -25.27308 -25.28103 -25.27430 -25.29309
 -25.30190 -25.30205 -25.31098 -25.30272 -25.31871
 -25.33085 -25.33102 -25.34092 -25.33113 -25.34433
 -25.35980 -25.35999 -25.37087 -25.35955 -25.36995
 -25.38875 -25.38896 -25.40082 -25.38797 -25.39557
---------------------/ IGRD= 1  / IPRT= 0  /--------/ Z1= 3   / DATE= 04/11/99  
 -29.29025 -29.80752 -29.95975 -29.97662 -30.03796
 -28.29296 -28.53214 -28.57077 -28.58046 -28.63256
 -27.45938 -27.55255 -27.56733 -27.57256 -27.61391
 -26.80311 -26.84217 -26.84742 -26.85061 -26.88133
 -26.30172 -26.32174 -26.32401 -26.32710 -26.34955
 -25.92282 -25.93683 -25.93830 -25.94124 -25.95755
 -25.63428 -25.64582 -25.64700 -25.64866 -25.65994
 -25.40023 -25.41037 -25.41167 -25.41231 -25.41982
 -25.23888 -25.24716 -25.24769 -25.24807 -25.25181
 -25.07965 -25.08619 -25.08760 -25.08793 -25.09196
 -25.03381 -25.03828 -25.04246 -25.04227 -25.04186
 -25.01873 -25.02100 -25.02497 -25.02508 -25.02162
 -24.54644 -24.55094 -24.55291 -24.55619 -24.58420
 -24.45148 -24.45649 -24.45728 -24.46235 -24.49582
 -24.80946 -24.81304 -24.81275 -24.81828 -24.82663
 -24.95118 -24.95404 -24.95385 -24.95862 -24.96000
 -24.91007 -24.91066 -24.91442 -24.91539 -24.92350
 -24.94689 -24.94767 -24.95126 -24.95398 -24.96127
 -24.98198 -24.98357 -24.98548 -24.99025 -24.99748
 -25.02121 -25.02252 -25.02405 -25.02876 -25.03718
 -25.07373 -25.07453 -25.07634 -25.08023 -25.08929
 -25.12371 -25.12499 -25.12641 -25.13028 -25.13941
 -25.17548 -25.17691 -25.17823 -25.18217 -25.19123
 -25.22801 -25.22898 -25.23074 -25.23443 -25.24377
 -25.28057 -25.28150 -25.28322 -25.28680 -25.29610
 -25.33321 -25.33477 -25.33564 -25.33966 -25.34832
 -25.38582 -25.38820 -25.38796 -25.39267 -25.40050
 -25.43846 -25.44162 -25.44032 -25.44567 -25.45270
 -25.49111 -25.49505 -25.49270 -25.49867 -25.50494
 -25.54377 -25.54849 -25.54509 -25.55169 -25.55719
 -25.59646 -25.60195 -25.59749 -25.60472 -25.60945
 -25.64914 -25.65542 -25.64991 -25.65776 -25.66174
 -25.70183 -25.70890 -25.70233 -25.71080 -25.71404
 -25.75451 -25.76237 -25.75475 -25.76385 -25.76633
 -25.80720 -25.81584 -25.80717 -25.81689 -25.81862
---------------------/ IGRD= 1  / IPRT= 0  /--------/ Z1= 4   / DATE= 04/11/99  
 -29.33104 -30.19388 -30.80689 -30.97937 -31.01860
 -28.33429 -28.93428 -29.15808 -29.17887 -29.19605
 -27.51999 -27.81119 -27.86548 -27.87250 -27.89321
 -26.82923 -26.94104 -26.96031 -26.96143 -26.97603
 -26.29214 -26.33929 -26.34486 -26.34606 -26.36024
 -25.89850 -25.92656 -25.93039 -25.93223 -25.94362
 -25.61520 -25.63897 -25.64263 -25.64404 -25.65351
 -25.40844 -25.43144 -25.43428 -25.43545 -25.44371
 -25.25313 -25.27496 -25.27755 -25.27851 -25.28514
 -25.13290 -25.15237 -25.15494 -25.15545 -25.15984
 -25.03636 -25.05347 -25.05564 -25.05600 -25.05823
 -24.95838 -24.97366 -24.97553 -24.97586 -24.97711
 -24.89811 -24.91229 -24.91422 -24.91397 -24.91541
 -24.85308 -24.86590 -24.86937 -24.86862 -24.86928
 -24.82356 -24.83417 -24.83909 -24.83821 -24.83747
 -24.81097 -24.81923 -24.82240 -24.82188 -24.82119
 -24.81199 -24.81841 -24.81841 -24.81943 -24.81902
 -24.82151 -24.82584 -24.82597 -24.82899 -24.82707
 -24.83893 -24.84212 -24.84228 -24.84406 -24.84273
 -24.85991 -24.86409 -24.86436 -24.86441 -24.86373
 -24.88414 -24.88813 -24.89027 -24.88940 -24.88856
 -24.91292 -24.91335 -24.91759 -24.91740 -24.91615
 -24.94281 -24.94325 -24.94320 -24.94748 -24.94550
 -24.97348 -24.97398 -24.97359 -24.97677 -24.97615
 -25.00446 -25.00494 -25.00551 -25.00657 -25.00637
 -25.03539 -25.03610 -25.03652 -25.03742 -25.03677
 -25.06647 -25.06706 -25.06762 -25.06849 -25.06802
 -25.09776 -25.09811 -25.09855 -25.09979 -25.09924
 -25.12911 -25.12919 -25.12950 -25.13117 -25.13048
 -25.16046 -25.16029 -25.16050 -25.16256 -25.16176
 -25.19182 -25.19142 -25.19151 -25.19397 -25.19306
 -25.22319 -25.22256 -25.22253 -25.22538 -25.22438
 -25.25456 -25.25371 -25.25354 -25.25680 -25.25570
 -25.28593 -25.28485 -25.28456 -25.28822 -25.28702
 -25.31731 -25.31599 -25.31558 -25.31964 -25.31834
---------------------/ IGRD= 1  / IPRT= 0  /--------/ Z1= 5   / DATE= 04/11/99  
 -28.66623 -28.66619 -28.66748 -28.67804 -28.76869
 -27.62098 -27.62094 -27.62218 -27.63102 -27.71055
 -26.81981 -26.81980 -26.82023 -26.82780 -26.89709
 -26.26431 -26.26434 -26.26468 -26.27308 -26.33256
 -25.87117 -25.87121 -25.87172 -25.87920 -25.93137
 -25.59987 -25.59989 -25.60010 -25.60445 -25.65148
 -25.41625 -25.41626 -25.41644 -25.42073 -25.46107
 -25.29533 -25.29534 -25.29606 -25.29983 -25.33433
 -25.21745 -25.21737 -25.21793 -25.22082 -25.24951
 -25.16464 -25.16479 -25.16479 -25.16708 -25.18875
 -25.12435 -25.12474 -25.12491 -25.12626 -25.13984
 -25.09215 -25.09219 -25.09274 -25.09351 -25.09859
 -25.06574 -25.06584 -25.06636 -25.06681 -25.06507
 -25.04630 -25.04667 -25.04712 -25.04746 -25.04073
 -25.03503 -25.03552 -25.03599 -25.03627 -25.02627
 -25.03195 -25.03247 -25.03303 -25.03325 -25.02153
 -25.03675 -25.03735 -25.03826 -25.03852 -25.02603
 -25.04914 -25.04965 -25.05080 -25.05103 -25.03818
 -25.06736 -25.06798 -25.06906 -25.06926 -25.05651
 -25.09068 -25.09127 -25.09235 -25.09263 -25.08042
 -25.11861 -25.11893 -25.12013 -25.12049 -25.10910
 -25.15047 -25.15048 -25.15179 -25.15213 -25.14161
 -25.18527 -25.18518 -25.18669 -25.18715 -25.17729
 -25.22237 -25.22295 -25.22405 -25.22456 -25.21567
 -25.26147 -25.26229 -25.26327 -25.26369 -25.25542
 -25.30172 -25.30229 -25.30337 -25.30415 -25.29650
 -25.34222 -25.34293 -25.34398 -25.34479 -25.33805
 -25.38272 -25.38385 -25.38486 -25.38492 -25.37890
 -25.42347 -25.42445 -25.42485 -25.42556 -25.42027
 -25.46434 -25.46488 -25.46435 -25.46653 -25.46200
 -25.50519 -25.50533 -25.50392 -25.50744 -25.50367
 -25.54605 -25.54577 -25.54347 -25.54838 -25.54538
 -25.58690 -25.58620 -25.58301 -25.58932 -25.58710
 -25.62776 -25.62663 -25.62256 -25.63026 -25.62881
 -25.66862 -25.66706 -25.66210 -25.67120 -25.67052
---------------------/ IGRD= 1  / IPRT= 0  /--------/ Z1= 6   / DATE= 04/11/99  
 -73.99994 -73.99992 -73.99992 -73.99992 -73.99992
 -74.00000 -74.00000 -74.00000 -74.00000 -74.00000
 -73.92828 -73.90195 -73.90593 -73.90609 -73.90624
 -74.00000 -73.99999 -73.99999 -73.99999 -73.99999
 -72.26952 -71.72344 -71.80874 -71.81208 -71.81525
 -64.12763 -63.19534 -63.41843 -63.42668 -63.43376
 -51.52707 -53.50299 -53.48515 -53.48270 -53.47768
 -44.97991 -45.77466 -45.74149 -45.73981 -45.73860
 -40.83139 -40.24516 -40.27596 -40.27813 -40.28118
 -36.15987 -36.22313 -36.22029 -36.21936 -36.21960
 -33.26858 -33.28130 -33.28185 -33.28024 -33.28087
 -31.13864 -31.13401 -31.13350 -31.13426 -31.13310
 -29.57262 -29.56975 -29.56959 -29.56952 -29.56837
 -28.43533 -28.43512 -28.43505 -28.43460 -28.43329
 -27.61170 -27.61237 -27.61200 -27.61253 -27.61039
 -27.02016 -27.02006 -27.02030 -27.02136 -27.01907
 -26.59719 -26.59712 -26.59726 -26.59885 -26.59691
 -26.29839 -26.29864 -26.29878 -26.29912 -26.29841
 -26.08805 -26.08829 -26.08844 -26.08853 -26.08845
 -25.94109 -25.94120 -25.94134 -25.94153 -25.94150
 -25.83875 -25.83881 -25.83889 -25.83901 -25.83899
 -25.76716 -25.76723 -25.76723 -25.76737 -25.76755
 -25.71944 -25.71941 -25.71942 -25.71958 -25.72002
 -25.68663 -25.68633 -25.68639 -25.68655 -25.68869
 -25.66798 -25.66838 -25.66842 -25.66819 -25.66977
 -25.66043 -25.66103 -25.66116 -25.66195 -25.66203
 -25.66281 -25.66276 -25.66294 -25.66465 -25.66472
 -25.67524 -25.67518 -25.67520 -25.67546 -25.67566
 -25.69104 -25.69109 -25.69109 -25.69099 -25.69099
 -25.71140 -25.71142 -25.71144 -25.71154 -25.71149
 -25.73496 -25.73489 -25.73489 -25.73477 -25.73496
 -25.75789 -25.75775 -25.75773 -25.75750 -25.75787
 -25.78072 -25.78051 -25.78047 -25.78013 -25.78068
 -25.80355 -25.80328 -25.80320 -25.80277 -25.80349
 -25.82638 -25.82604 -25.82594 -25.82540 -25.82630
---------------------/ IGRD= 1  / IPRT= 0  /--------/ Z1= 7   / DATE= 04/11/99  
 -74.00000 -74.00000 -74.00000 -74.00000 -74.00000
 -73.97019 -73.96838 -73.96861 -73.96862 -73.96862
 -74.00000 -74.00000 -74.00000 -74.00000 -74.00000
 -73.52398 -73.49512 -73.49876 -73.49899 -73.49900
 -73.99998 -73.99998 -73.99998 -73.99998 -73.99998
 -73.99978 -73.99980 -73.99979 -73.99979 -73.99979
 -58.51646 -59.39683 -59.28584 -59.27892 -59.27839
 -48.92549 -49.01491 -49.00364 -49.00294 -49.00289
 -43.76011 -43.56125 -43.58632 -43.58788 -43.58800
 -38.11951 -38.21990 -38.20724 -38.20645 -38.20639
 -34.96975 -34.95170 -34.95397 -34.95411 -34.95412
 -32.38776 -32.39092 -32.39053 -32.39050 -32.39050
 -30.54728 -30.55214 -30.55154 -30.55149 -30.55155
 -29.23419 -29.23230 -29.23254 -29.23255 -29.23251
 -28.25909 -28.25973 -28.25966 -28.25965 -28.25971
 -27.56069 -27.56051 -27.56054 -27.56054 -27.56110
 -27.05686 -27.05674 -27.05674 -27.05663 -27.05717
 -26.69649 -26.69637 -26.69637 -26.69628 -26.69617
 -26.42893 -26.42972 -26.42975 -26.43051 -26.43215
 -26.24034 -26.24147 -26.24204 -26.24331 -26.24583
 -26.11367 -26.11426 -26.11535 -26.11657 -26.11880
 -26.02661 -26.02681 -26.02751 -26.02844 -26.03127
 -25.96678 -25.96797 -25.96782 -25.96786 -25.97185
 -25.92610 -25.92918 -25.92909 -25.92933 -25.93300
 -25.90263 -25.90423 -25.90465 -25.90713 -25.90820
 -25.89378 -25.89337 -25.89367 -25.89551 -25.89724
 -25.89332 -25.89342 -25.89335 -25.89271 -25.89683
 -25.89713 -25.89848 -25.89842 -25.89816 -25.90089
 -25.90594 -25.90867 -25.90861 -25.90877 -25.90970
 -25.92045 -25.92123 -25.92123 -25.92157 -25.92398
 -25.93777 -25.93684 -25.93688 -25.93709 -25.94156
 -25.95499 -25.95626 -25.95618 -25.95548 -25.95976
 -25.97218 -25.97617 -25.97595 -25.97424 -25.97802
 -25.98937 -25.99609 -25.99572 -25.99300 -25.99629
 -26.00656 -26.01601 -26.01549 -26.01176 -26.01455
