    1    5   35    1    1     /HYDROGEN           /SUMMERS ET AL 1996          
================================================================================
  11.00000  12.00000  13.00000  14.00000  15.00000
   0.00000   0.13535   0.27071   0.40606   0.54142   0.67677   0.81213   0.94748
   1.08284   1.21819   1.35355   1.48890   1.62426   1.75961   1.89497   2.03032
   2.16568   2.30103   2.43638   2.57174   2.70709   2.84245   2.97780   3.11316
   3.24851   3.38387   3.51922   3.65458   3.78993   3.92529   4.06064   4.19600
   4.33135   4.46671   4.60206
---------------------/ IPRT= 1  / IGRD= 1  /--------/ Z1= 1   / DATE= 19/04/99  
 -29.70920 -29.71199 -29.71951 -29.73968 -29.81285
 -28.53872 -28.54517 -28.56144 -28.59901 -28.71905
 -27.66278 -27.67386 -27.70054 -27.75762 -27.93015
 -27.01125 -27.02728 -27.06433 -27.13970 -27.36171
 -26.53987 -26.56091 -26.60815 -26.70043 -26.96750
 -26.18879 -26.21376 -26.26828 -26.37379 -26.68048
 -25.91694 -25.94378 -26.00056 -26.11212 -26.44847
 -25.71466 -25.74326 -25.80407 -25.91948 -26.27715
 -25.56574 -25.59530 -25.65844 -25.77740 -26.15374
 -25.44633 -25.47492 -25.53507 -25.65478 -26.04475
 -25.35116 -25.37827 -25.43516 -25.55350 -25.94822
 -25.27931 -25.30483 -25.35828 -25.47438 -25.86907
 -25.22765 -25.25176 -25.30213 -25.41553 -25.80660
 -25.19304 -25.21597 -25.26377 -25.37422 -25.75911
 -25.17251 -25.19446 -25.24006 -25.34732 -25.72377
 -25.16337 -25.18446 -25.22810 -25.33175 -25.69732
 -25.16377 -25.18407 -25.22591 -25.32564 -25.67817
 -25.17264 -25.19218 -25.23238 -25.32814 -25.66626
 -25.18880 -25.20757 -25.24619 -25.33813 -25.66123
 -25.21012 -25.22807 -25.26505 -25.35313 -25.66070
 -25.23482 -25.25190 -25.28710 -25.37106 -25.66261
 -25.26210 -25.27830 -25.31161 -25.39121 -25.66641
 -25.29314 -25.30851 -25.34009 -25.41552 -25.67444
 -25.32866 -25.34332 -25.37345 -25.44524 -25.68845
 -25.36727 -25.38126 -25.41010 -25.47858 -25.70671
 -25.40715 -25.42050 -25.44802 -25.51317 -25.72674
 -25.44788 -25.46059 -25.48675 -25.54854 -25.74806
 -25.48980 -25.50188 -25.52673 -25.58523 -25.77131
 -25.53315 -25.54466 -25.56828 -25.62364 -25.79702
 -25.57839 -25.58935 -25.61186 -25.66431 -25.82587
 -25.62482 -25.63527 -25.65671 -25.70641 -25.85670
 -25.67129 -25.68121 -25.70159 -25.74855 -25.88757
 -25.71775 -25.72717 -25.74649 -25.79069 -25.91846
 -25.76421 -25.77313 -25.79138 -25.83284 -25.94935
 -25.81067 -25.81908 -25.83627 -25.87500 -25.98024
