    6    5   50    1    6 AXUV DIODES WITH EFIICIENCY=1 for lam<10nm           
================================================================================
  11.00000  12.00000  13.00000  14.00000  15.00000
   0.00000   0.09590   0.19179   0.28769   0.38359   0.47949   0.57538   0.67128
   0.76718   0.86308   0.95897   1.05487   1.15077   1.24667   1.34256   1.43846
   1.53436   1.63025   1.72615   1.82205   1.91795   2.01384   2.10974   2.20564
   2.30154   2.39743   2.49333   2.58923   2.68513   2.78102   2.87692   2.97282
   3.06872   3.16461   3.26051   3.35641   3.45230   3.54820   3.64410   3.74000
   3.83589   3.93179   4.02769   4.12359   4.21948   4.31538   4.41128   4.50718
   4.60307   4.69897
================================================================================
 -30.94543 -30.98197 -31.04640 -31.19901 -31.31470
 -30.97534 -31.01482 -31.07925 -31.22427 -31.32806
 -30.95286 -31.00414 -31.07395 -31.20997 -31.30628
 -30.85335 -30.92571 -31.00816 -31.13691 -31.23392
 -30.69891 -30.79250 -30.89000 -31.01550 -31.11848
 -30.53611 -30.64441 -30.75365 -30.87874 -30.98847
 -30.39712 -30.51390 -30.63046 -30.75595 -30.85493
 -30.29306 -30.41555 -30.53614 -30.66183 -30.76837
 -30.22773 -30.35204 -30.47450 -30.59978 -30.71004
 -30.19583 -30.32059 -30.44338 -30.56743 -30.67870
 -30.19225 -30.31637 -30.43818 -30.55998 -30.67000
 -30.21171 -30.33415 -30.45371 -30.57204 -30.67879
 -30.24897 -30.36856 -30.48446 -30.59783 -30.69927
 -30.29905 -30.41441 -30.52503 -30.63169 -30.72573
 -30.35681 -30.46553 -30.56962 -30.66753 -30.75204
 -30.41732 -30.51813 -30.61287 -30.70003 -30.77327
 -30.47548 -30.56626 -30.64966 -30.72442 -30.78530
 -30.52639 -30.60523 -30.67580 -30.73413 -30.78574
 -30.56615 -30.63187 -30.68794 -30.73491 -30.77461
 -30.59169 -30.64433 -30.68781 -30.72333 -30.75281
 -30.60293 -30.64326 -30.67572 -30.70169 -30.72296
 -30.60002 -30.62978 -30.65322 -30.67168 -30.68670
 -30.58507 -30.60636 -30.62285 -30.63571 -30.64616
 -30.56083 -30.57572 -30.58710 -30.59593 -30.60313
 -30.52969 -30.53992 -30.54768 -30.55368 -30.55861
 -30.49376 -30.50070 -30.50594 -30.51000 -30.51337
 -30.45474 -30.45941 -30.46293 -30.46566 -30.46796
 -30.41399 -30.41713 -30.41948 -30.42132 -30.42289
 -30.37223 -30.37427 -30.37589 -30.37713 -30.37820
 -30.32987 -30.33124 -30.33233 -30.33316 -30.33389
 -30.28708 -30.28800 -30.28872 -30.28928 -30.28978
 -30.24408 -30.24469 -30.24517 -30.24555 -30.24589
 -30.20011 -30.20052 -30.20084 -30.20109 -30.20133
 -30.15580 -30.15607 -30.15629 -30.15645 -30.15661
 -30.11074 -30.11092 -30.11106 -30.11117 -30.11128
 -30.06516 -30.06528 -30.06537 -30.06545 -30.06553
 -30.01924 -30.01932 -30.01938 -30.01943 -30.01948
 -29.97321 -29.97326 -29.97330 -29.97334 -29.97336
 -29.92722 -29.92725 -29.92728 -29.92730 -29.92732
 -29.88130 -29.88132 -29.88134 -29.88135 -29.88136
 -29.83537 -29.83538 -29.83539 -29.83540 -29.83541
 -29.78936 -29.78937 -29.78938 -29.78938 -29.78939
 -29.74326 -29.74327 -29.74327 -29.74327 -29.74328
 -29.69712 -29.69712 -29.69712 -29.69713 -29.69713
 -29.65101 -29.65101 -29.65101 -29.65101 -29.65102
 -29.60493 -29.60493 -29.60494 -29.60494 -29.60494
 -29.55889 -29.55889 -29.55889 -29.55889 -29.55889
 -29.51290 -29.51290 -29.51290 -29.51290 -29.51290
 -29.46711 -29.46711 -29.46711 -29.46711 -29.46711
 -29.42196 -29.42197 -29.42197 -29.42197 -29.42197
================================================================================
 -29.75288 -29.79060 -29.82126 -29.93762 -29.93764
 -29.79196 -29.83999 -29.86953 -29.91397 -29.98063
 -29.83742 -29.86483 -29.91335 -29.95625 -30.02014
 -29.86371 -29.89498 -29.94443 -29.98809 -30.05070
 -29.85225 -29.89441 -29.94989 -29.99894 -30.06353
 -29.79526 -29.85418 -29.92114 -29.98117 -30.05218
 -29.70045 -29.77611 -29.85729 -29.93286 -30.01522
 -29.57642 -29.66359 -29.75852 -29.85281 -29.95209
 -29.43172 -29.52352 -29.62911 -29.74254 -29.86297
 -29.28353 -29.37547 -29.48742 -29.61637 -29.75736
 -29.15383 -29.24294 -29.35759 -29.49663 -29.65333
 -29.05499 -29.14082 -29.25473 -29.40031 -29.56706
 -28.99116 -29.07384 -29.18710 -29.33455 -29.50673
 -28.96087 -29.04039 -29.15227 -29.29960 -29.47384
 -28.96011 -29.03686 -29.14649 -29.29227 -29.46605
 -28.98410 -29.05813 -29.16498 -29.30805 -29.47928
 -29.02800 -29.09927 -29.20283 -29.34204 -29.50870
 -29.08741 -29.15568 -29.25532 -29.38943 -29.54939
 -29.15802 -29.22293 -29.31785 -29.44463 -29.59632
 -29.23583 -29.29692 -29.38617 -29.50474 -29.64492
 -29.31666 -29.37329 -29.45570 -29.56419 -29.69033
 -29.39647 -29.44789 -29.52223 -29.61883 -29.72884
 -29.47096 -29.51630 -29.58149 -29.66469 -29.75570
 -29.53602 -29.57480 -29.62966 -29.69889 -29.77241
 -29.58843 -29.62032 -29.66486 -29.72007 -29.77721
 -29.62573 -29.65088 -29.68557 -29.72788 -29.77073
 -29.64745 -29.66650 -29.69247 -29.72376 -29.75493
 -29.65432 -29.66820 -29.68699 -29.70942 -29.73151
 -29.64829 -29.65809 -29.67129 -29.68698 -29.70233
 -29.63180 -29.63857 -29.64762 -29.65839 -29.66890
 -29.60744 -29.61198 -29.61812 -29.62541 -29.63253
 -29.57724 -29.58026 -29.58436 -29.58923 -29.59402
 -29.54291 -29.54490 -29.54761 -29.55077 -29.55406
 -29.50609 -29.50739 -29.50917 -29.51126 -29.51346
 -29.46742 -29.46827 -29.46941 -29.47080 -29.47227
 -29.42764 -29.42819 -29.42894 -29.42986 -29.43084
 -29.38697 -29.38734 -29.38782 -29.38842 -29.38908
 -29.34572 -29.34595 -29.34627 -29.34666 -29.34710
 -29.30333 -29.30348 -29.30368 -29.30394 -29.30423
 -29.26045 -29.26055 -29.26068 -29.26085 -29.26103
 -29.21627 -29.21633 -29.21642 -29.21653 -29.21664
 -29.17169 -29.17173 -29.17179 -29.17186 -29.17193
 -29.12634 -29.12637 -29.12641 -29.12645 -29.12650
 -29.08084 -29.08085 -29.08088 -29.08091 -29.08094
 -29.03522 -29.03523 -29.03524 -29.03526 -29.03529
 -28.98960 -28.98961 -28.98962 -28.98963 -28.98964
 -28.94397 -28.94397 -28.94398 -28.94399 -28.94400
 -28.89820 -28.89820 -28.89820 -28.89821 -28.89821
 -28.85252 -28.85252 -28.85253 -28.85253 -28.85254
 -28.80734 -28.80734 -28.80734 -28.80735 -28.80735
================================================================================
 -28.90657 -28.92851 -28.98620 -29.01810 -29.06222
 -28.94552 -28.97567 -29.00927 -29.06398 -29.10780
 -28.98264 -29.01498 -29.05000 -29.10464 -29.14908
 -29.00625 -29.04338 -29.08195 -29.13797 -29.18432
 -29.01797 -29.06180 -29.10565 -29.16432 -29.21371
 -29.02425 -29.07517 -29.12481 -29.18664 -29.23953
 -29.03127 -29.08812 -29.14284 -29.20756 -29.26386
 -29.03513 -29.09781 -29.15604 -29.22310 -29.28321
 -29.02583 -29.08383 -29.14705 -29.21626 -29.28271
 -28.98007 -29.03350 -29.09433 -29.16581 -29.24252
 -28.89675 -28.94311 -29.00006 -29.06628 -29.16142
 -28.80016 -28.84002 -28.89112 -28.96264 -29.06382
 -28.71650 -28.75156 -28.80036 -28.87236 -28.97671
 -28.65929 -28.69120 -28.73796 -28.80938 -28.91462
 -28.63217 -28.66160 -28.70652 -28.77667 -28.88122
 -28.63283 -28.66010 -28.70348 -28.77189 -28.87463
 -28.65720 -28.68290 -28.72446 -28.79071 -28.89076
 -28.70074 -28.72499 -28.76466 -28.82834 -28.92284
 -28.75881 -28.78169 -28.81932 -28.87998 -28.97020
 -28.82714 -28.84852 -28.88386 -28.94098 -29.02587
 -28.90124 -28.92100 -28.95375 -29.00667 -29.08507
 -28.97693 -28.99490 -29.02441 -29.07273 -29.14347
 -29.04969 -29.06553 -29.09181 -29.13396 -29.19656
 -29.11554 -29.12925 -29.15187 -29.18794 -29.24107
 -29.17065 -29.18208 -29.20085 -29.23060 -29.27403
 -29.21232 -29.22148 -29.23646 -29.26005 -29.29420
 -29.23949 -29.24655 -29.25806 -29.27605 -29.30194
 -29.25183 -29.25707 -29.26557 -29.27880 -29.29778
 -29.25133 -29.25506 -29.26121 -29.27065 -29.28419
 -29.23962 -29.24223 -29.24643 -29.25310 -29.26255
 -29.21935 -29.22114 -29.22400 -29.22858 -29.23507
 -29.19248 -29.19368 -29.19561 -29.19871 -29.20284
 -29.16080 -29.16162 -29.16290 -29.16488 -29.16774
 -29.12591 -29.12645 -29.12730 -29.12861 -29.13052
 -29.08865 -29.08900 -29.08957 -29.09043 -29.09170
 -29.04973 -29.04995 -29.05034 -29.05090 -29.05175
 -29.00975 -29.00991 -29.01014 -29.01053 -29.01109
 -28.96922 -28.96933 -28.96948 -28.96974 -28.97012
 -28.92828 -28.92835 -28.92845 -28.92863 -28.92888
 -28.88707 -28.88711 -28.88718 -28.88730 -28.88747
 -28.84550 -28.84552 -28.84557 -28.84565 -28.84576
 -28.80363 -28.80365 -28.80368 -28.80373 -28.80381
 -28.76075 -28.76076 -28.76078 -28.76081 -28.76087
 -28.71734 -28.71735 -28.71736 -28.71738 -28.71741
 -28.67311 -28.67312 -28.67312 -28.67314 -28.67316
 -28.62819 -28.62820 -28.62820 -28.62821 -28.62823
 -28.58287 -28.58287 -28.58288 -28.58288 -28.58289
 -28.53736 -28.53736 -28.53737 -28.53737 -28.53738
 -28.49199 -28.49199 -28.49199 -28.49200 -28.49200
 -28.44724 -28.44724 -28.44725 -28.44725 -28.44725
================================================================================
 -28.34108 -28.35859 -28.38716 -28.41748 -28.46989
 -28.39268 -28.40939 -28.43682 -28.46629 -28.48787
 -28.44449 -28.46035 -28.48658 -28.51512 -28.53617
 -28.49280 -28.51142 -28.53642 -28.56397 -28.58443
 -28.54515 -28.56259 -28.58630 -28.61278 -28.63258
 -28.59755 -28.61375 -28.62718 -28.66148 -28.68056
 -28.64986 -28.66008 -28.67735 -28.69634 -28.72824
 -28.70192 -28.71125 -28.72725 -28.74510 -28.77551
 -28.75146 -28.76195 -28.77665 -28.79333 -28.82215
 -28.80250 -28.81191 -28.82532 -28.84080 -28.86795
 -28.85249 -28.86089 -28.87303 -28.88728 -28.91270
 -28.90097 -28.90842 -28.91934 -28.93235 -28.95598
 -28.94641 -28.95193 -28.96378 -28.97557 -28.99736
 -28.99051 -28.99533 -29.00226 -29.01641 -29.03633
 -29.03106 -29.03525 -29.04134 -29.05396 -29.07203
 -29.06348 -29.06717 -29.07263 -29.08401 -29.09117
 -29.06740 -29.07102 -29.07663 -29.08806 -29.09735
 -28.99706 -29.00186 -29.00941 -29.02115 -29.04113
 -28.83282 -28.83859 -28.84957 -28.86764 -28.89830
 -28.62678 -28.63371 -28.64677 -28.66950 -28.70847
 -28.43931 -28.44677 -28.46058 -28.48574 -28.52890
 -28.29584 -28.30345 -28.31759 -28.34339 -28.38807
 -28.19957 -28.20711 -28.22117 -28.24687 -28.29163
 -28.14550 -28.15285 -28.16664 -28.19185 -28.23593
 -28.12675 -28.13387 -28.14724 -28.17172 -28.21464
 -28.13648 -28.14333 -28.15619 -28.17977 -28.22119
 -28.16832 -28.17485 -28.18712 -28.20957 -28.24924
 -28.21664 -28.22281 -28.23438 -28.25563 -28.29302
 -28.27610 -28.28184 -28.29265 -28.31248 -28.34736
 -28.34185 -28.34712 -28.35704 -28.37524 -28.40721
 -28.40903 -28.41377 -28.42268 -28.43902 -28.46766
 -28.47309 -28.47723 -28.48503 -28.49930 -28.52424
 -28.52976 -28.53327 -28.53987 -28.55192 -28.57292
 -28.57548 -28.57833 -28.58370 -28.59352 -28.61054
 -28.60798 -28.61021 -28.61441 -28.62205 -28.63535
 -28.62633 -28.62801 -28.63117 -28.63691 -28.64687
 -28.63129 -28.63251 -28.63480 -28.63895 -28.64616
 -28.62435 -28.62520 -28.62681 -28.62973 -28.63479
 -28.60767 -28.60824 -28.60935 -28.61135 -28.61477
 -28.58367 -28.58406 -28.58480 -28.58614 -28.58845
 -28.55421 -28.55447 -28.55496 -28.55585 -28.55737
 -28.52096 -28.52113 -28.52144 -28.52202 -28.52303
 -28.48490 -28.48501 -28.48522 -28.48559 -28.48625
 -28.44682 -28.44689 -28.44702 -28.44727 -28.44769
 -28.40692 -28.40697 -28.40705 -28.40721 -28.40749
 -28.36564 -28.36567 -28.36572 -28.36583 -28.36600
 -28.32282 -28.32284 -28.32288 -28.32294 -28.32306
 -28.27932 -28.27933 -28.27935 -28.27939 -28.27946
 -28.23471 -28.23472 -28.23473 -28.23476 -28.23480
 -28.19047 -28.19047 -28.19048 -28.19050 -28.19053
================================================================================
 -27.11524 -27.13244 -27.16198 -27.18658 -27.22603
 -27.16771 -27.18417 -27.20380 -27.23675 -27.27551
 -27.22071 -27.23640 -27.25529 -27.28730 -27.32530
 -27.27429 -27.28917 -27.30729 -27.33829 -27.35428
 -27.32592 -27.34251 -27.35981 -27.38975 -27.40530
 -27.38091 -27.39645 -27.41290 -27.42998 -27.45678
 -27.43655 -27.44728 -27.46658 -27.48292 -27.50877
 -27.49286 -27.50275 -27.52088 -27.53644 -27.56129
 -27.54982 -27.55889 -27.57040 -27.59055 -27.61436
 -27.60595 -27.61567 -27.62632 -27.64526 -27.66797
 -27.66430 -27.67310 -27.68288 -27.70057 -27.72213
 -27.72317 -27.72901 -27.74003 -27.75646 -27.77681
 -27.78250 -27.78773 -27.79773 -27.81288 -27.83198
 -27.84217 -27.84683 -27.85585 -27.86976 -27.88757
 -27.90204 -27.90618 -27.91428 -27.92166 -27.94346
 -27.96186 -27.96553 -27.97041 -27.97945 -27.99068
 -28.02087 -28.02310 -28.02845 -28.03658 -28.04681
 -28.07602 -28.07801 -28.08279 -28.09013 -28.09956
 -28.11893 -28.12078 -28.12514 -28.13202 -28.14119
 -28.13605 -28.13792 -28.14218 -28.14914 -28.15912
 -28.11896 -28.12104 -28.12551 -28.13316 -28.14506
 -28.07609 -28.07819 -28.08275 -28.09185 -28.10602
 -28.02710 -28.02950 -28.03445 -28.04336 -28.06012
 -27.98881 -27.99138 -27.99655 -28.00598 -28.02360
 -27.96957 -27.97220 -27.97742 -27.98704 -28.00492
 -27.97109 -27.97365 -27.97886 -27.98838 -28.00546
 -27.99147 -27.99397 -27.99900 -28.00823 -28.02488
 -28.02722 -28.02961 -28.03429 -28.04317 -28.05906
 -28.07411 -28.07634 -28.08072 -28.08902 -28.10389
 -28.12789 -28.12991 -28.13395 -28.14141 -28.15518
 -28.18406 -28.18587 -28.18948 -28.19617 -28.20848
 -28.23866 -28.24023 -28.24338 -28.24920 -28.25993
 -28.28781 -28.28913 -28.29176 -28.29672 -28.30577
 -28.32859 -28.32967 -28.33182 -28.33587 -28.34325
 -28.35888 -28.35973 -28.36142 -28.36462 -28.37044
 -28.37767 -28.37831 -28.37960 -28.38203 -28.38635
 -28.38513 -28.38560 -28.38655 -28.38831 -28.39152
 -28.38215 -28.38248 -28.38315 -28.38442 -28.38672
 -28.37037 -28.37060 -28.37106 -28.37195 -28.37356
 -28.35121 -28.35137 -28.35168 -28.35229 -28.35340
 -28.32624 -28.32634 -28.32655 -28.32697 -28.32771
 -28.29700 -28.29707 -28.29721 -28.29749 -28.29799
 -28.26449 -28.26453 -28.26462 -28.26480 -28.26514
 -28.22964 -28.22967 -28.22973 -28.22985 -28.23006
 -28.19291 -28.19293 -28.19297 -28.19304 -28.19318
 -28.15469 -28.15470 -28.15472 -28.15478 -28.15487
 -28.11497 -28.11497 -28.11499 -28.11502 -28.11508
 -28.07400 -28.07400 -28.07401 -28.07403 -28.07407
 -28.03173 -28.03173 -28.03173 -28.03175 -28.03178
 -27.98934 -27.98934 -27.98934 -27.98935 -27.98937
================================================================================
 -26.79300 -26.81055 -26.82712 -26.85302 -26.88075
 -26.84450 -26.85720 -26.87736 -26.90263 -26.92990
 -26.89644 -26.90855 -26.92797 -26.95255 -26.97927
 -26.94884 -26.96033 -26.97898 -27.00281 -27.02893
 -27.00172 -27.01258 -27.03041 -27.04432 -27.07889
 -27.05512 -27.06532 -27.07710 -27.09567 -27.11537
 -27.10905 -27.11575 -27.12970 -27.14746 -27.16647
 -27.16354 -27.16973 -27.18282 -27.19973 -27.21800
 -27.21857 -27.22426 -27.23647 -27.25249 -27.26999
 -27.27415 -27.27935 -27.29066 -27.30575 -27.32244
 -27.33026 -27.33498 -27.34539 -27.35951 -27.37537
 -27.38686 -27.38950 -27.39765 -27.41377 -27.42875
 -27.44390 -27.44627 -27.45364 -27.46362 -27.48258
 -27.50131 -27.50342 -27.51006 -27.51917 -27.53682
 -27.55898 -27.56086 -27.56681 -27.57508 -27.59139
 -27.61681 -27.61758 -27.62378 -27.63125 -27.64623
 -27.67462 -27.67531 -27.68081 -27.68752 -27.69536
 -27.73224 -27.73284 -27.73638 -27.74370 -27.75079
 -27.78941 -27.78993 -27.79304 -27.79955 -27.80591
 -27.84585 -27.84631 -27.84904 -27.85286 -27.86048
 -27.90128 -27.90128 -27.90406 -27.90742 -27.91417
 -27.95526 -27.95526 -27.95767 -27.96062 -27.96657
 -28.00727 -28.00727 -28.00880 -28.01193 -28.01715
 -28.05680 -28.05680 -28.05812 -28.06082 -28.06537
 -28.10316 -28.10316 -28.10429 -28.10661 -28.11055
 -28.14573 -28.14573 -28.14668 -28.14867 -28.15059
 -28.18377 -28.18377 -28.18457 -28.18569 -28.18789
 -28.21679 -28.21679 -28.21725 -28.21840 -28.22026
 -28.24411 -28.24411 -28.24449 -28.24545 -28.24700
 -28.26591 -28.26591 -28.26623 -28.26702 -28.26829
 -28.28149 -28.28149 -28.28174 -28.28239 -28.28344
 -28.29120 -28.29120 -28.29141 -28.29194 -28.29279
 -28.29490 -28.29490 -28.29500 -28.29535 -28.29618
 -28.29292 -28.29292 -28.29300 -28.29328 -28.29371
 -28.28580 -28.28580 -28.28587 -28.28609 -28.28643
 -28.27372 -28.27372 -28.27377 -28.27394 -28.27422
 -28.25747 -28.25747 -28.25749 -28.25765 -28.25787
 -28.23715 -28.23715 -28.23717 -28.23729 -28.23746
 -28.21337 -28.21337 -28.21338 -28.21345 -28.21361
 -28.18656 -28.18656 -28.18657 -28.18662 -28.18675
 -28.15714 -28.15714 -28.15714 -28.15719 -28.15726
 -28.12539 -28.12539 -28.12539 -28.12543 -28.12548
 -28.09164 -28.09164 -28.09164 -28.09167 -28.09171
 -28.05650 -28.05650 -28.05650 -28.05652 -28.05655
 -28.02002 -28.02002 -28.02002 -28.02003 -28.02006
 -27.98251 -27.98251 -27.98251 -27.98252 -27.98254
 -27.94397 -27.94397 -27.94397 -27.94398 -27.94400
 -27.90464 -27.90464 -27.90464 -27.90465 -27.90466
 -27.86402 -27.86402 -27.86402 -27.86402 -27.86403
 -27.82323 -27.82323 -27.82323 -27.82323 -27.82324
