    1    5   35    1    1           /W   standard Behringer data set (R.Dux)   
================================================================================
  11.00000  12.00000  13.00000  14.00000  15.00000
   0.00000   0.14706   0.29412   0.44118   0.58824   0.73529   0.88235   1.02941
   1.17647   1.32353   1.47059   1.61765   1.76471   1.91176   2.05882   2.20588
   2.35294   2.50000   2.64706   2.79412   2.94118   3.08824   3.23529   3.38235
   3.52941   3.67647   3.82353   3.97059   4.11765   4.26471   4.41177   4.55882
   4.70588   4.85294   5.00000
 == 1 ================== Behringer data =========================================
 -30.09834 -30.11413 -30.13717 -30.17356 -30.23871
 -30.19309 -30.20727 -30.22818 -30.26155 -30.32216
 -30.28935 -30.30196 -30.32074 -30.35106 -30.40688
 -30.38626 -30.39734 -30.41402 -30.44126 -30.49204
 -30.48238 -30.49198 -30.50656 -30.53066 -30.53066
 -30.56976 -30.58355 -30.59605 -30.61694 -30.61694
 -30.65725 -30.66862 -30.67905 -30.69666 -30.69666
 -30.73356 -30.74263 -30.75101 -30.76530 -30.76530
 -30.79349 -30.80038 -30.80681 -30.81784 -30.81784
 -30.83237 -30.83437 -30.84198 -30.85003 -30.85003
 -30.84769 -30.84904 -30.85421 -30.85973 -30.85973
 -30.83993 -30.84079 -30.84410 -30.84410 -30.84767
 -30.81219 -30.81271 -30.81349 -30.81473 -30.81692
 -30.76870 -30.76921 -30.76967 -30.77040 -30.77168
 -30.71441 -30.71470 -30.71496 -30.71537 -30.71611
 -30.65265 -30.65281 -30.65296 -30.65319 -30.65360
 -30.58615 -30.58624 -30.58631 -30.58644 -30.58667
 -30.51672 -30.51677 -30.51681 -30.51688 -30.51701
 -30.44555 -30.44558 -30.44560 -30.44564 -30.44571
 -30.37336 -30.37337 -30.37339 -30.37341 -30.37345
 -30.30059 -30.30059 -30.30061 -30.30062 -30.30064
 -30.22748 -30.22748 -30.22749 -30.22750 -30.22751
 -30.15418 -30.15419 -30.15419 -30.15419 -30.15420
 -30.08078 -30.08078 -30.08079 -30.08079 -30.08079
 -30.00732 -30.00732 -30.00733 -30.00733 -30.00733
 -29.93383 -29.93383 -29.93383 -29.93383 -29.93383
 -29.86032 -29.86032 -29.86032 -29.86032 -29.86032
 -29.78681 -29.78681 -29.78681 -29.78681 -29.78681
 -29.71328 -29.71328 -29.71328 -29.71328 -29.71328
 -29.63976 -29.63976 -29.63976 -29.63976 -29.63976
 -29.56623 -29.56623 -29.56623 -29.56623 -29.56623
 -29.49270 -29.49270 -29.49270 -29.49270 -29.49270
 -29.41917 -29.41917 -29.41917 -29.41917 -29.41917
 -29.34564 -29.34564 -29.34564 -29.34564 -29.34564
 -29.27211 -29.27211 -29.27211 -29.27211 -29.27211
