    6    9   20    1    6     /CARBON             /GCR PROJECT      
--------------------------------------------------------------------------------
  11.00000  11.47712  12.00000  12.47712  13.00000  13.47712  14.00000  14.47712
  15.00000
   0.00020   0.30123   0.60226   0.84530   1.00020   1.30123   1.60226   1.84530
   2.00020   2.30123   2.60226   2.84530   3.00020   3.30123   3.60226   3.84530
   4.00020   4.30123   4.84530   5.00000
---------------------/ IGRD= 1  / IPRT= 1  /--------/ Z1= 1   / DATE= 23/07/02
 -30.14110 -30.11398 -30.07547 -30.03482 -29.97393 -29.91326 -29.84337 -29.79784
 -29.77124
 -29.44819 -29.45331 -29.45734 -29.46028 -29.46175 -29.46315 -29.46279 -29.46219
 -29.46409
 -28.82645 -28.83461 -28.84169 -28.84624 -28.84850 -28.85066 -28.85342 -28.85501
 -28.86188
 -28.67620 -28.68569 -28.69244 -28.69653 -28.70014 -28.70378 -28.70614 -28.70718
 -28.71038
 -28.68027 -28.68997 -28.69535 -28.70120 -28.70395 -28.70776 -28.70874 -28.70947
 -28.70963
 -28.82805 -28.83565 -28.84293 -28.84679 -28.85111 -28.85233 -28.85536 -28.85301
 -28.84880
 -29.10144 -29.10898 -29.11596 -29.12043 -29.12451 -29.12672 -29.12815 -29.12729
 -29.12442
 -29.38171 -29.38970 -29.39530 -29.40067 -29.40453 -29.40691 -29.40829 -29.40865
 -29.40638
 -29.56975 -29.57735 -29.58316 -29.58842 -29.59299 -29.59464 -29.59589 -29.59627
 -29.59570
 -29.91313 -29.91901 -29.92473 -29.92763 -29.93055 -29.93371 -29.93427 -29.93420
 -29.93278
 -30.18117 -30.18562 -30.18930 -30.19327 -30.19742 -30.19712 -30.19931 -30.20025
 -30.20251
 -30.39514 -30.39842 -30.40045 -30.40539 -30.41064 -30.40741 -30.41069 -30.41226
 -30.41787
 -30.53082 -30.53332 -30.53432 -30.53985 -30.54577 -30.54065 -30.54448 -30.54630
 -30.55403
 -30.79146 -30.79231 -30.79161 -30.79787 -30.80517 -30.79626 -30.80059 -30.80224
 -30.81387
 -31.04514 -31.04395 -31.04231 -31.04834 -31.05723 -31.04425 -31.04778 -31.04754
 -31.06209
 -31.24102 -31.23768 -31.23638 -31.24085 -31.25138 -31.23478 -31.23598 -31.23181
 -31.24687
 -31.35952 -31.35443 -31.35420 -31.35665 -31.36852 -31.34939 -31.34797 -31.33955
 -31.35334
 -31.56919 -31.55956 -31.56423 -31.55941 -31.57495 -31.55028 -31.54048 -31.51855
 -31.52445
 -31.84718 -31.82487 -31.85052 -31.81881 -31.84609 -31.80938 -31.77413 -31.71039
 -31.68135
 -31.89812 -31.87148 -31.90551 -31.86359 -31.89533 -31.85499 -31.81150 -31.73382
 -31.69181
---------------------/ IGRD= 1  / IPRT= 1  /--------/ Z1= 2   / DATE= 23/07/02
 -29.07942 -29.03134 -28.96021 -28.88165 -28.77184 -28.64528 -28.47272 -28.28267
 -28.03526
 -29.05118 -29.05097 -29.04351 -29.03143 -29.00788 -28.97567 -28.92669 -28.85934
 -28.75910
 -28.62655 -28.64535 -28.66127 -28.67333 -28.68236 -28.68843 -28.69170 -28.69268
 -28.68979
 -28.50277 -28.52383 -28.54200 -28.55481 -28.56590 -28.57494 -28.58137 -28.58692
 -28.59880
 -28.51202 -28.53288 -28.55062 -28.56306 -28.57506 -28.58443 -28.59092 -28.59721
 -28.61096
 -28.62852 -28.64867 -28.66609 -28.67709 -28.68723 -28.69440 -28.69865 -28.70285
 -28.70652
 -28.81118 -28.82893 -28.84429 -28.85512 -28.86319 -28.86707 -28.86896 -28.86908
 -28.86855
 -28.99561 -29.01072 -29.02364 -29.03270 -29.04110 -29.04688 -29.04821 -29.04829
 -29.04896
 -29.12494 -29.13861 -29.15131 -29.16040 -29.16886 -29.17412 -29.17743 -29.17848
 -29.17888
 -29.37522 -29.38543 -29.39475 -29.40252 -29.40968 -29.41439 -29.41766 -29.41982
 -29.42126
 -29.53274 -29.53886 -29.54435 -29.54906 -29.55226 -29.55514 -29.55774 -29.55857
 -29.56010
 -29.55665 -29.55985 -29.56140 -29.56424 -29.56623 -29.56756 -29.56929 -29.56959
 -29.56927
 -29.53195 -29.53354 -29.53492 -29.53646 -29.53819 -29.53835 -29.53967 -29.54001
 -29.53984
 -29.47123 -29.46956 -29.47330 -29.47178 -29.47215 -29.47065 -29.47117 -29.47109
 -29.47282
 -29.41114 -29.40621 -29.41231 -29.40771 -29.40670 -29.40353 -29.40324 -29.40273
 -29.40638
 -29.36277 -29.35520 -29.36321 -29.35612 -29.35399 -29.34946 -29.34852 -29.34766
 -29.35286
 -29.33196 -29.32269 -29.33193 -29.32325 -29.32040 -29.31502 -29.31365 -29.31257
 -29.31876
 -29.27207 -29.25953 -29.27114 -29.25936 -29.25513 -29.24807 -29.24589 -29.24437
 -29.25249
 -29.16379 -29.14533 -29.16122 -29.14386 -29.13712 -29.12703 -29.12337 -29.12107
 -29.13267
 -29.13295 -29.11280 -29.12992 -29.11096 -29.10351 -29.09256 -29.08848 -29.08596
 -29.09855
---------------------/ IGRD= 1  / IPRT= 1  /--------/ Z1= 3   / DATE= 23/07/02
 -28.26376 -28.21927 -28.15553 -28.07604 -27.95516 -27.81085 -27.61084 -27.38371
 -27.08168
 -28.24962 -28.25271 -28.24981 -28.23859 -28.21255 -28.17285 -28.10638 -28.01603
 -27.87819
 -28.08715 -28.11080 -28.13286 -28.14891 -28.16221 -28.16911 -28.16878 -28.15956
 -28.13727
 -28.11363 -28.14042 -28.16592 -28.18574 -28.20437 -28.21730 -28.22591 -28.22939
 -28.22818
 -28.17662 -28.20236 -28.22723 -28.24599 -28.26445 -28.27714 -28.28733 -28.29260
 -28.29489
 -28.36338 -28.38450 -28.40462 -28.41986 -28.43495 -28.44579 -28.45503 -28.46109
 -28.46608
 -28.63160 -28.65039 -28.66624 -28.68010 -28.69218 -28.70118 -28.70983 -28.71510
 -28.71975
 -28.86309 -28.87677 -28.89194 -28.90251 -28.91390 -28.92069 -28.93015 -28.93658
 -28.94032
 -28.98596 -28.99743 -29.00951 -29.01869 -29.02784 -29.03479 -29.04255 -29.04879
 -29.05408
 -29.14156 -29.14884 -29.15569 -29.16090 -29.16699 -29.17218 -29.17786 -29.18305
 -29.18908
 -29.20488 -29.20780 -29.21086 -29.21389 -29.21679 -29.21936 -29.22254 -29.22587
 -29.22986
 -29.19057 -29.19228 -29.19380 -29.19508 -29.19657 -29.19758 -29.19953 -29.20139
 -29.20330
 -29.15861 -29.15942 -29.16026 -29.16114 -29.16197 -29.16245 -29.16344 -29.16450
 -29.16600
 -29.06231 -29.06248 -29.06279 -29.06301 -29.06317 -29.06350 -29.06400 -29.06429
 -29.06462
 -28.94944 -28.95067 -28.94900 -28.94908 -28.95019 -28.94946 -28.94938 -28.94877
 -28.94942
 -28.85823 -28.86032 -28.85704 -28.85700 -28.85889 -28.85730 -28.85676 -28.85543
 -28.85634
 -28.80010 -28.80274 -28.79843 -28.79832 -28.80071 -28.79857 -28.79773 -28.79593
 -28.79701
 -28.68713 -28.69083 -28.68454 -28.68428 -28.68763 -28.68443 -28.68301 -28.68032
 -28.68172
 -28.48294 -28.48858 -28.47868 -28.47816 -28.48326 -28.47813 -28.47567 -28.47135
 -28.47334
 -28.42481 -28.43100 -28.42007 -28.41948 -28.42508 -28.41940 -28.41664 -28.41186
 -28.41402
---------------------/ IGRD= 1  / IPRT= 1  /--------/ Z1= 4   / DATE= 23/07/02
 -27.90065 -27.83284 -27.73653 -27.62744 -27.47826 -27.30221 -27.05512 -26.78309
 -26.43594
 -28.20631 -28.17246 -28.12269 -28.06480 -27.98527 -27.88636 -27.74413 -27.58358
 -27.36620
 -28.46477 -28.44852 -28.42444 -28.39620 -28.35547 -28.30449 -28.23157 -28.14705
 -28.02919
 -28.65048 -28.64224 -28.62983 -28.61430 -28.59234 -28.56541 -28.52507 -28.47796
 -28.41314
 -28.76022 -28.75418 -28.74576 -28.73606 -28.72290 -28.70558 -28.67934 -28.64913
 -28.60546
 -28.94719 -28.94464 -28.94008 -28.93623 -28.93247 -28.92676 -28.91576 -28.90507
 -28.88973
 -28.96295 -28.96294 -28.96285 -28.96278 -28.96244 -28.96259 -28.95984 -28.95751
 -28.95795
 -28.50995 -28.50964 -28.51076 -28.51125 -28.51221 -28.51259 -28.51446 -28.51651
 -28.51987
 -28.26172 -28.26269 -28.26349 -28.26432 -28.26525 -28.26598 -28.26770 -28.27082
 -28.27496
 -28.10251 -28.10348 -28.10428 -28.10510 -28.10625 -28.10761 -28.10964 -28.11238
 -28.11707
 -28.21515 -28.21609 -28.21673 -28.21798 -28.21908 -28.22008 -28.22205 -28.22456
 -28.22862
 -28.38394 -28.38446 -28.38584 -28.38611 -28.38665 -28.38774 -28.38923 -28.39199
 -28.39508
 -28.48924 -28.48910 -28.49012 -28.49058 -28.49125 -28.49261 -28.49397 -28.49496
 -28.49778
 -28.61781 -28.61795 -28.61799 -28.61767 -28.61903 -28.61997 -28.61960 -28.62076
 -28.62278
 -28.61678 -28.61679 -28.61700 -28.61715 -28.61705 -28.61708 -28.61683 -28.61806
 -28.61899
 -28.58348 -28.58384 -28.58069 -28.57848 -28.57980 -28.58038 -28.58001 -28.58073
 -28.58316
 -28.56232 -28.56291 -28.55761 -28.55391 -28.55614 -28.55706 -28.55662 -28.55701
 -28.56040
 -28.52129 -28.52233 -28.51286 -28.50625 -28.51024 -28.51184 -28.51126 -28.51100
 -28.51625
 -28.44723 -28.44909 -28.43209 -28.42021 -28.42740 -28.43020 -28.42938 -28.42796
 -28.43657
 -28.42615 -28.42824 -28.40911 -28.39572 -28.40382 -28.40697 -28.40607 -28.40433
 -28.41389
---------------------/ IGRD= 1  / IPRT= 1  /--------/ Z1= 5   / DATE= 23/07/02
 -27.19796 -27.13402 -27.03126 -26.90725 -26.73691 -26.55207 -26.30277 -26.01525
 -25.63656
 -27.50886 -27.47378 -27.41897 -27.35013 -27.25500 -27.14777 -26.99741 -26.81848
 -26.57401
 -27.77182 -27.75355 -27.72610 -27.69037 -27.64004 -27.58154 -27.49776 -27.39634
 -27.25640
 -27.96368 -27.95318 -27.93856 -27.91796 -27.88971 -27.85632 -27.80476 -27.74505
 -27.65972
 -28.08068 -28.07369 -28.06299 -28.04897 -28.02920 -28.00589 -27.96991 -27.92621
 -27.86880
 -28.29473 -28.29217 -28.28696 -28.28084 -28.27173 -28.26081 -28.24440 -28.22400
 -28.19488
 -28.46801 -28.46755 -28.46581 -28.46379 -28.46024 -28.45570 -28.45027 -28.44223
 -28.43019
 -28.29851 -28.29968 -28.30145 -28.30389 -28.30715 -28.31093 -28.31426 -28.31880
 -28.32260
 -28.05057 -28.05317 -28.05680 -28.06119 -28.06794 -28.07474 -28.08280 -28.09166
 -28.10207
 -27.80425 -27.80740 -27.81315 -27.81870 -27.82475 -27.83427 -27.84640 -27.85801
 -27.87179
 -27.86575 -27.86883 -27.87263 -27.87972 -27.88719 -27.89503 -27.90586 -27.91776
 -27.93305
 -28.02677 -28.02968 -28.03344 -28.03833 -28.04555 -28.05406 -28.06385 -28.07450
 -28.08705
 -28.14181 -28.14444 -28.14798 -28.15222 -28.15809 -28.16534 -28.17397 -28.18336
 -28.19445
 -28.31724 -28.31849 -28.32067 -28.32346 -28.32693 -28.33109 -28.33652 -28.34189
 -28.34866
 -28.36782 -28.36869 -28.36904 -28.37025 -28.37149 -28.37389 -28.37566 -28.37747
 -28.38084
 -28.32912 -28.32882 -28.32921 -28.33001 -28.32979 -28.33063 -28.33129 -28.33258
 -28.33420
 -28.29688 -28.29566 -28.29669 -28.29746 -28.29598 -28.29586 -28.29551 -28.29747
 -28.29811
 -28.23423 -28.23122 -28.23350 -28.23421 -28.23028 -28.22829 -28.22599 -28.22925
 -28.22796
 -28.12099 -28.11477 -28.11929 -28.11990 -28.11153 -28.10616 -28.10034 -28.10594
 -28.10118
 -28.08875 -28.08161 -28.08677 -28.08735 -28.07772 -28.07139 -28.06457 -28.07084
 -28.06509
---------------------/ IGRD= 1  / IPRT= 1  /--------/ Z1= 6   / DATE= 23/07/02
 -26.50025 -26.43802 -26.34814 -26.23485 -26.06576 -25.87620 -25.62589 -25.34921
 -24.96721
 -26.78036 -26.74536 -26.69802 -26.63124 -26.53188 -26.41570 -26.26166 -26.08395
 -25.82827
 -27.03506 -27.01751 -26.99243 -26.95859 -26.90666 -26.84681 -26.76278 -26.66214
 -26.51562
 -27.22065 -27.21076 -27.19656 -27.17723 -27.14771 -27.11264 -27.06349 -27.00455
 -26.91427
 -27.33283 -27.32604 -27.31590 -27.30256 -27.28235 -27.25851 -27.22400 -27.18105
 -27.11793
 -27.54401 -27.54052 -27.53485 -27.52980 -27.52000 -27.50777 -27.49157 -27.47103
 -27.43940
 -27.74330 -27.74202 -27.74129 -27.73848 -27.73535 -27.72942 -27.72206 -27.71318
 -27.69740
 -27.89852 -27.89860 -27.89835 -27.89587 -27.89310 -27.89027 -27.88767 -27.88242
 -27.87681
 -27.99031 -27.98851 -27.98852 -27.98894 -27.98868 -27.98513 -27.98511 -27.98158
 -27.97713
 -28.14667 -28.14670 -28.14650 -28.14596 -28.14576 -28.14509 -28.14430 -28.14361
 -28.14202
 -28.25712 -28.25711 -28.25711 -28.25717 -28.25716 -28.25719 -28.25694 -28.25696
 -28.25600
 -28.30538 -28.30537 -28.30537 -28.30538 -28.30538 -28.30538 -28.30536 -28.30537
 -28.30554
 -28.31491 -28.31491 -28.31491 -28.31491 -28.31491 -28.31491 -28.31491 -28.31491
 -28.31484
 -28.29233 -28.29233 -28.29233 -28.29233 -28.29233 -28.29233 -28.29233 -28.29233
 -28.29233
 -28.22804 -28.22804 -28.22804 -28.22804 -28.22804 -28.22804 -28.22804 -28.22804
 -28.22803
 -28.15636 -28.15636 -28.15636 -28.15636 -28.15636 -28.15636 -28.15636 -28.15636
 -28.15636
 -28.10397 -28.10397 -28.10397 -28.10397 -28.10397 -28.10397 -28.10397 -28.10397
 -28.10397
 -28.00115 -28.00115 -28.00115 -28.00115 -28.00115 -28.00115 -28.00115 -28.00115
 -28.00115
 -27.81533 -27.81533 -27.81533 -27.81533 -27.81533 -27.81533 -27.81533 -27.81533
 -27.81533
 -27.76242 -27.76242 -27.76242 -27.76242 -27.76242 -27.76242 -27.76242 -27.76242
 -27.76242
C-------------------------------------------------------------------------------
C
C     RATE COEFFICIENTS IN UNITS OF CM**3 S-1 
C     --------------------------------------- 
C
C     INPUT DATA
C         FOR YEAR: 96 AND WITH PREFIX: pj
C         FOR c  RECOMBINING ION CHARGE(S)  1 TO  6
C
C     CODE     : ADAS404
C     PRODUCER : Ralph Dux E4 ,L6 236 ,1256    
C     DATE     : 23/07/02
C
C-------------------------------------------------------------------------------
