    4    5   35    1    4     /BERYLLIUM          /GCR PROJECT                 
================================================================================
  11.00000  12.00000  13.00000  14.00000  15.00000
   0.00000   0.13535   0.27071   0.40606   0.54142   0.67677   0.81213   0.94748
   1.08284   1.21819   1.35355   1.48890   1.62426   1.75961   1.89497   2.03032
   2.16568   2.30103   2.43638   2.57174   2.70709   2.84245   2.97780   3.11316
   3.24851   3.38387   3.51922   3.65458   3.78993   3.92529   4.06064   4.19600
   4.33135   4.46671   4.60206
---------------------/ IGRD= 1  / IPRT= 1  /--------/ Z1= 1   / DATE= 23/02/06  
 -29.21368 -29.21952 -29.20772 -29.16542 -29.11056
 -28.97610 -28.98784 -28.99311 -28.99273 -28.98980
 -28.86365 -28.87431 -28.88178 -28.88460 -28.88346
 -28.82794 -28.83930 -28.84558 -28.84743 -28.84645
 -28.84912 -28.86238 -28.86879 -28.87022 -28.87329
 -28.91865 -28.93267 -28.93961 -28.93989 -28.94301
 -29.02314 -29.03693 -29.04292 -29.04542 -29.04649
 -29.15291 -29.16562 -29.17155 -29.17473 -29.17539
 -29.30019 -29.31214 -29.31817 -29.32078 -29.32205
 -29.45829 -29.47022 -29.47568 -29.47838 -29.47977
 -29.62119 -29.63245 -29.63852 -29.64102 -29.64288
 -29.78344 -29.79445 -29.80192 -29.80320 -29.80629
 -29.93947 -29.95118 -29.95916 -29.95929 -29.96330
 -30.08270 -30.09370 -30.10015 -30.10209 -30.10448
 -30.20371 -30.21309 -30.21820 -30.22172 -30.22244
 -30.29541 -30.30324 -30.30805 -30.31092 -30.31178
 -30.35526 -30.36131 -30.36502 -30.36741 -30.36854
 -30.38017 -30.38455 -30.38723 -30.38899 -30.38976
 -30.38175 -30.38463 -30.38660 -30.38753 -30.38735
 -30.38063 -30.38197 -30.38312 -30.38334 -30.38208
 -30.37973 -30.37952 -30.37981 -30.37934 -30.37701
 -30.37864 -30.37689 -30.37636 -30.37517 -30.37178
 -30.37760 -30.37430 -30.37294 -30.37104 -30.36658
 -30.37657 -30.37172 -30.36952 -30.36693 -30.36139
 -30.37553 -30.36914 -30.36610 -30.36279 -30.35620
 -30.37449 -30.36655 -30.36268 -30.35867 -30.35100
 -30.37345 -30.36396 -30.35926 -30.35454 -30.34580
 -30.37241 -30.36137 -30.35585 -30.35042 -30.34061
 -30.37137 -30.35879 -30.35243 -30.34629 -30.33541
 -30.37033 -30.35621 -30.34901 -30.34216 -30.33021
 -30.36928 -30.35361 -30.34559 -30.33804 -30.32502
 -30.36823 -30.35102 -30.34217 -30.33391 -30.31983
 -30.36719 -30.34843 -30.33875 -30.32978 -30.31464
 -30.36614 -30.34583 -30.33533 -30.32565 -30.30944
 -30.36509 -30.34324 -30.33191 -30.32152 -30.30425
---------------------/ IGRD= 1  / IPRT= 1  /--------/ Z1= 2   / DATE= 23/02/06  
 -29.28206 -29.16863 -28.98659 -28.69678 -28.27818
 -29.41623 -29.33410 -29.20030 -28.98543 -28.66875
 -29.53845 -29.47959 -29.38343 -29.22966 -28.99947
 -29.64830 -29.60833 -29.54135 -29.43448 -29.27458
 -29.74790 -29.72140 -29.67750 -29.60590 -29.50118
 -29.83599 -29.81905 -29.79153 -29.74646 -29.68317
 -29.91109 -29.90292 -29.88485 -29.85895 -29.82430
 -29.97794 -29.97329 -29.96496 -29.95172 -29.93452
 -29.99714 -29.99390 -29.99276 -29.98837 -29.98244
 -29.90536 -29.90502 -29.90510 -29.90721 -29.90953
 -29.65576 -29.65690 -29.65709 -29.66145 -29.66659
 -29.36738 -29.36850 -29.36918 -29.37324 -29.37845
 -29.17168 -29.17254 -29.17351 -29.17705 -29.18276
 -29.06771 -29.06839 -29.06934 -29.07207 -29.07756
 -29.03739 -29.03806 -29.03890 -29.04087 -29.04539
 -29.06083 -29.06155 -29.06236 -29.06402 -29.06772
 -29.11999 -29.12078 -29.12139 -29.12315 -29.12678
 -29.19974 -29.20089 -29.20107 -29.20296 -29.20646
 -29.28613 -29.28733 -29.28737 -29.28903 -29.29228
 -29.36645 -29.36671 -29.36735 -29.36838 -29.37164
 -29.42964 -29.43011 -29.43045 -29.43168 -29.43386
 -29.46664 -29.46794 -29.46760 -29.46911 -29.46991
 -29.47697 -29.47739 -29.47789 -29.47801 -29.47913
 -29.47914 -29.47774 -29.47982 -29.47790 -29.47989
 -29.48152 -29.47811 -29.48186 -29.47784 -29.48062
 -29.48401 -29.47866 -29.48403 -29.47787 -29.48139
 -29.48663 -29.47933 -29.48632 -29.47799 -29.48219
 -29.48935 -29.48009 -29.48870 -29.47818 -29.48302
 -29.49214 -29.48092 -29.49114 -29.47841 -29.48387
 -29.49498 -29.48180 -29.49363 -29.47869 -29.48474
 -29.49784 -29.48270 -29.49614 -29.47898 -29.48561
 -29.50070 -29.48361 -29.49865 -29.47928 -29.48649
 -29.50356 -29.48451 -29.50116 -29.47957 -29.48736
 -29.50642 -29.48542 -29.50366 -29.47987 -29.48824
 -29.50928 -29.48632 -29.50617 -29.48016 -29.48911
---------------------/ IGRD= 1  / IPRT= 1  /--------/ Z1= 3   / DATE= 23/02/06  
 -28.07628 -27.93118 -27.69437 -27.32049 -26.78114
 -28.21825 -28.10867 -27.92409 -27.63032 -27.19074
 -28.34958 -28.26643 -28.12553 -27.89725 -27.54938
 -28.47112 -28.40894 -28.30279 -28.12789 -27.85686
 -28.58516 -28.53919 -28.45974 -28.32789 -28.11894
 -28.69385 -28.66023 -28.60135 -28.50292 -28.34462
 -28.79715 -28.77341 -28.73078 -28.65761 -28.54039
 -28.89359 -28.87592 -28.84574 -28.79394 -28.70820
 -28.99169 -28.97869 -28.95779 -28.92262 -28.86066
 -29.05900 -29.05273 -29.04011 -29.01827 -28.97712
 -28.99426 -28.99798 -28.99663 -28.99325 -28.97645
 -28.77529 -28.78954 -28.80161 -28.81618 -28.82293
 -28.48368 -28.50541 -28.52874 -28.55301 -28.57499
 -28.27670 -28.30149 -28.32946 -28.35771 -28.38463
 -28.17413 -28.19958 -28.22844 -28.25854 -28.28598
 -28.14327 -28.16912 -28.19853 -28.22987 -28.25852
 -28.17118 -28.19736 -28.22667 -28.25806 -28.28780
 -28.24114 -28.26746 -28.29637 -28.32772 -28.35725
 -28.33915 -28.36481 -28.39301 -28.42399 -28.45266
 -28.45428 -28.47800 -28.50472 -28.53395 -28.56239
 -28.57504 -28.59672 -28.62107 -28.64825 -28.67465
 -28.68974 -28.70964 -28.73078 -28.75516 -28.77779
 -28.78815 -28.80525 -28.82279 -28.84255 -28.86141
 -28.86383 -28.87489 -28.88971 -28.90503 -28.91857
 -28.90806 -28.91465 -28.92645 -28.93635 -28.94541
 -28.92327 -28.93127 -28.93846 -28.94040 -28.94828
 -28.93436 -28.94465 -28.94701 -28.94047 -28.94773
 -28.94639 -28.95875 -28.95635 -28.94136 -28.94790
 -28.95792 -28.97247 -28.96527 -28.94181 -28.94769
 -28.96950 -28.98622 -28.97422 -28.94230 -28.94751
 -28.98116 -29.00003 -28.98324 -28.94286 -28.94740
 -28.99283 -29.01385 -28.99226 -28.94343 -28.94730
 -29.00449 -29.02767 -29.00129 -28.94400 -28.94720
 -29.01616 -29.04148 -29.01031 -28.94457 -28.94710
 -29.02782 -29.05530 -29.01934 -28.94514 -28.94700
---------------------/ IGRD= 1  / IPRT= 1  /--------/ Z1= 4   / DATE= 23/02/06  
 -27.26355 -27.10547 -26.85271 -26.44596 -25.83156
 -27.40419 -27.28666 -27.09478 -26.77420 -26.28004
 -27.53046 -27.44233 -27.29798 -27.04913 -26.65545
 -27.64712 -27.58221 -27.47388 -27.28448 -26.97860
 -27.75725 -27.70980 -27.62914 -27.48748 -27.25401
 -27.86243 -27.82665 -27.76847 -27.66315 -27.48604
 -27.96351 -27.93624 -27.89612 -27.81752 -27.68613
 -28.06105 -28.04226 -28.01270 -27.95486 -27.85913
 -28.15562 -28.14374 -28.12110 -28.07975 -28.01055
 -28.24763 -28.23942 -28.22388 -28.19522 -28.14543
 -28.33715 -28.33137 -28.32073 -28.30134 -28.26641
 -28.42328 -28.41961 -28.41214 -28.39887 -28.37526
 -28.50472 -28.50268 -28.49805 -28.48857 -28.47296
 -28.58042 -28.57905 -28.57668 -28.57027 -28.55983
 -28.64931 -28.64858 -28.64724 -28.64375 -28.63721
 -28.70971 -28.70988 -28.70835 -28.70730 -28.70389
 -28.75968 -28.76005 -28.75828 -28.75852 -28.75672
 -28.79849 -28.79868 -28.79763 -28.79800 -28.79728
 -28.82604 -28.82605 -28.82610 -28.82608 -28.82612
 -28.84213 -28.84211 -28.84224 -28.84219 -28.84228
 -28.84490 -28.84490 -28.84488 -28.84489 -28.84485
 -28.83523 -28.83523 -28.83524 -28.83524 -28.83526
 -28.81648 -28.81648 -28.81649 -28.81649 -28.81657
 -28.79098 -28.79098 -28.79098 -28.79097 -28.79077
 -28.75855 -28.75855 -28.75855 -28.75854 -28.75849
 -28.71916 -28.71916 -28.71917 -28.71921 -28.72006
 -28.67594 -28.67594 -28.67595 -28.67599 -28.67679
 -28.63159 -28.63159 -28.63159 -28.63158 -28.63116
 -28.58746 -28.58746 -28.58745 -28.58735 -28.58507
 -28.54331 -28.54331 -28.54329 -28.54311 -28.53901
 -28.49911 -28.49911 -28.49909 -28.49883 -28.49299
 -28.45491 -28.45491 -28.45488 -28.45454 -28.44698
 -28.41072 -28.41072 -28.41068 -28.41026 -28.40097
 -28.36652 -28.36652 -28.36647 -28.36598 -28.35495
 -28.32232 -28.32232 -28.32227 -28.32170 -28.30894
