    1    5   35    1    1     /HYDROGEN           /SUMMERS ET AL 1996          
================================================================================
  11.00000  12.00000  13.00000  14.00000  15.00000
   0.00000   0.13535   0.27071   0.40606   0.54142   0.67677   0.81213   0.94748
   1.08284   1.21819   1.35355   1.48890   1.62426   1.75961   1.89497   2.03032
   2.16568   2.30103   2.43638   2.57174   2.70709   2.84245   2.97780   3.11316
   3.24851   3.38387   3.51922   3.65458   3.78993   3.92529   4.06064   4.19600
   4.33135   4.46671   4.60206
---------------------/ IPRT= 1  / IGRD= 1  /--------/ Z1= 1   / DATE=  7-10-03  
 -29.94840 -29.86962 -29.71475 -29.46539 -29.10918
 -30.06582 -30.00869 -29.89669 -29.71593 -29.44263
 -30.17293 -30.13260 -30.05391 -29.92658 -29.72592
 -30.27052 -30.24299 -30.18955 -30.10310 -29.96387
 -30.35842 -30.34038 -30.30555 -30.24934 -30.15831
 -30.43600 -30.42479 -30.40334 -30.36875 -30.31290
 -30.50256 -30.49606 -30.48379 -30.46408 -30.43281
 -30.55737 -30.55396 -30.54765 -30.53759 -30.52219
 -30.59976 -30.59822 -30.59545 -30.59124 -30.58525
 -30.62929 -30.62882 -30.62798 -30.62698 -30.62601
 -30.64591 -30.64598 -30.64617 -30.64669 -30.64792
 -30.65000 -30.65028 -30.65087 -30.65192 -30.65383
 -30.64235 -30.64266 -30.64328 -30.64436 -30.64624
 -30.62467 -30.62494 -30.62545 -30.62636 -30.62789
 -30.59882 -30.59902 -30.59941 -30.60009 -30.60122
 -30.56672 -30.56686 -30.56713 -30.56760 -30.56840
 -30.52958 -30.52967 -30.52984 -30.53016 -30.53069
 -30.48708 -30.48714 -30.48725 -30.48745 -30.48779
 -30.44054 -30.44058 -30.44065 -30.44077 -30.44098
 -30.39073 -30.39075 -30.39079 -30.39086 -30.39099
 -30.33777 -30.33778 -30.33781 -30.33785 -30.33793
 -30.28195 -30.28196 -30.28198 -30.28200 -30.28204
 -30.22444 -30.22444 -30.22445 -30.22447 -30.22449
 -30.16578 -30.16578 -30.16579 -30.16579 -30.16580
 -30.10562 -30.10562 -30.10563 -30.10563 -30.10564
 -30.04413 -30.04413 -30.04413 -30.04414 -30.04414
 -29.98187 -29.98187 -29.98187 -29.98186 -29.98186
 -29.91892 -29.91892 -29.91892 -29.91892 -29.91892
 -29.85509 -29.85509 -29.85509 -29.85509 -29.85509
 -29.79052 -29.79052 -29.79052 -29.79052 -29.79052
 -29.72567 -29.72567 -29.72567 -29.72567 -29.72567
 -29.66080 -29.66080 -29.66080 -29.66080 -29.66080
 -29.59593 -29.59593 -29.59593 -29.59593 -29.59593
 -29.53106 -29.53106 -29.53106 -29.53106 -29.53106
 -29.46619 -29.46619 -29.46619 -29.46619 -29.46619
