    1    5   30    1    1     /HYDROGEN           /DICKSON ET AL 1992          
================================================================================
  11.00000  12.00000  13.00000  14.00000  15.00000
   0.00000   0.13793   0.27586   0.41379   0.55172   0.68966   0.82759   0.96552
   1.10345   1.24138   1.37931   1.51724   1.65517   1.79310   1.93103   2.06897
   2.20690   2.34483   2.48276   2.62069   2.75862   2.89655   3.03448   3.17241
   3.31034   3.44828   3.58621   3.72414   3.86207   4.00000
---------------------/ IPRT= 1  / IGRD= 1  /--------/ Z1= 1   / DATE= 08/02/93  
 -29.92236 -29.84684 -29.72939 -29.53635 -29.25494
 -30.04040 -29.98621 -29.90209 -29.76112 -29.55196
 -30.15153 -30.11448 -30.05749 -29.95970 -29.81114
 -30.25305 -30.22775 -30.18975 -30.12347 -30.02015
 -30.34556 -30.32802 -30.30283 -30.25883 -30.18846
 -30.43009 -30.41797 -30.40176 -30.37394 -30.32817
 -30.50663 -30.49859 -30.48892 -30.47309 -30.44598
 -30.57406 -30.56877 -30.56331 -30.55569 -30.54195
 -30.63102 -30.62727 -30.62407 -30.62142 -30.61646
 -30.67600 -30.67303 -30.67103 -30.67111 -30.67124
 -30.70773 -30.70521 -30.70413 -30.70561 -30.70811
 -30.72583 -30.72353 -30.72317 -30.72527 -30.72821
 -30.73017 -30.72792 -30.72795 -30.73032 -30.73251
 -30.72105 -30.71876 -30.71885 -30.72134 -30.72232
 -30.69995 -30.69765 -30.69766 -30.69984 -30.69986
 -30.66863 -30.66644 -30.66641 -30.66762 -30.66741
 -30.62927 -30.62722 -30.62721 -30.62738 -30.62734
 -30.58379 -30.58182 -30.58182 -30.58152 -30.58159
 -30.53234 -30.53036 -30.53036 -30.53012 -30.53017
 -30.47286 -30.47084 -30.47084 -30.47082 -30.47082
 -30.40690 -30.40487 -30.40487 -30.40492 -30.40491
 -30.34811 -30.34609 -30.34609 -30.34611 -30.34611
 -30.30217 -30.30016 -30.30016 -30.30013 -30.30015
 -30.24160 -30.23958 -30.23958 -30.23957 -30.23957
 -30.10480 -30.10279 -30.10279 -30.10279 -30.10279
 -29.96555 -29.96354 -29.96353 -29.96354 -29.96354
 -29.94732 -29.94530 -29.94530 -29.94530 -29.94530
 -30.11684 -30.11482 -30.11482 -30.11482 -30.11482
 -30.34480 -30.34278 -30.34278 -30.34278 -30.34278
 -30.54615 -30.54414 -30.54414 -30.54414 -30.54414
