    1    5   30    1    1 Filter(Be100/Al002/Si002) Element:H_
================================================================================
  11.00000  12.00000  13.00000  14.00000  15.00000
   0.00000   0.16203   0.32407   0.48610   0.64813   0.81017   0.97220   1.13423
   1.29627   1.45830   1.62033   1.78237   1.94440   2.10643   2.26847   2.43050
   2.59254   2.75457   2.91660   3.07864   3.24067   3.40270   3.56474   3.72677
   3.88880   4.05084   4.21287   4.37490   4.53694   4.69897
 == 1============================================================================
 -60.00000 -60.00000 -60.00000 -60.00000 -60.00000
 -60.00000 -60.00000 -60.00000 -60.00000 -60.00000
 -60.00000 -60.00000 -60.00000 -60.00000 -60.00000
 -60.00000 -60.00000 -60.00000 -60.00000 -60.00000
 -60.00000 -60.00000 -60.00000 -60.00000 -60.00000
 -60.00000 -60.00000 -60.00000 -60.00000 -60.00000
 -60.00000 -60.00000 -60.00000 -60.00000 -60.00000
 -60.00000 -60.00000 -60.00000 -60.00000 -60.00000
 -55.51408 -55.51408 -55.51408 -55.51408 -55.51408
 -48.92041 -48.92041 -48.92041 -48.92041 -48.92041
 -44.25909 -44.25909 -44.25909 -44.25909 -44.25909
 -40.75205 -40.75205 -40.75205 -40.75205 -40.75205
 -38.10557 -38.10557 -38.10557 -38.10557 -38.10557
 -36.11627 -36.11627 -36.11627 -36.11627 -36.11627
 -34.62105 -34.62105 -34.62105 -34.62105 -34.62105
 -33.48744 -33.48744 -33.48744 -33.48744 -33.48744
 -32.61880 -32.61880 -32.61880 -32.61880 -32.61880
 -31.94859 -31.94859 -31.94859 -31.94859 -31.94859
 -31.42931 -31.42931 -31.42931 -31.42931 -31.42931
 -31.02446 -31.02446 -31.02446 -31.02446 -31.02446
 -30.70678 -30.70678 -30.70678 -30.70678 -30.70678
 -30.45780 -30.45780 -30.45780 -30.45780 -30.45780
 -30.26670 -30.26670 -30.26670 -30.26670 -30.26670
 -30.12669 -30.12669 -30.12669 -30.12669 -30.12669
 -30.03189 -30.03189 -30.03189 -30.03189 -30.03189
 -29.97650 -29.97650 -29.97650 -29.97650 -29.97650
 -29.95470 -29.95470 -29.95470 -29.95470 -29.95470
 -29.96044 -29.96044 -29.96044 -29.96044 -29.96044
 -29.98773 -29.98773 -29.98773 -29.98773 -29.98773
 -30.03130 -30.03130 -30.03130 -30.03130 -30.03130
