    6    5   50    1    6 F: Be 20. Si3N4 0.055 Si 0.7 A:Si 3. 200. 380.       
================================================================================
  11.00000  12.00000  13.00000  14.00000  15.00000
   0.00000   0.09590   0.19179   0.28769   0.38359   0.47949   0.57538   0.67128
   0.76718   0.86308   0.95897   1.05487   1.15077   1.24667   1.34256   1.43846
   1.53436   1.63025   1.72615   1.82205   1.91795   2.01384   2.10974   2.20564
   2.30154   2.39743   2.49333   2.58923   2.68513   2.78102   2.87692   2.97282
   3.06872   3.16461   3.26051   3.35641   3.45230   3.54820   3.64410   3.74000
   3.83589   3.93179   4.02769   4.12359   4.21948   4.31538   4.41128   4.50718
   4.60307   4.69897
================================================================================
 -60.00000 -60.00000 -60.00000 -60.00000 -60.00000
 -60.00000 -60.00000 -60.00000 -60.00000 -60.00000
 -60.00000 -60.00000 -60.00000 -60.00000 -60.00000
 -60.00000 -60.00000 -60.00000 -60.00000 -60.00000
 -60.00000 -60.00000 -60.00000 -60.00000 -60.00000
 -60.00000 -60.00000 -60.00000 -60.00000 -60.00000
 -60.00000 -60.00000 -60.00000 -60.00000 -60.00000
 -60.00000 -60.00000 -60.00000 -60.00000 -60.00000
 -60.00000 -60.00000 -60.00000 -60.00000 -60.00000
 -60.00000 -60.00000 -60.00000 -60.00000 -60.00000
 -60.00000 -60.00000 -60.00000 -60.00000 -60.00000
 -57.59975 -57.59975 -57.59976 -57.59976 -57.59976
 -53.52212 -53.52214 -53.52216 -53.52221 -53.52221
 -50.03644 -50.03658 -50.03674 -50.03706 -50.03706
 -47.04909 -47.04926 -47.05002 -47.05098 -47.05098
 -44.49934 -44.49965 -44.50101 -44.50273 -44.50273
 -42.33974 -42.34014 -42.34190 -42.34412 -42.34412
 -40.51716 -40.51759 -40.51946 -40.51946 -40.52182
 -38.97798 -38.97839 -38.97904 -38.98016 -38.98239
 -37.67359 -37.67419 -37.67476 -37.67575 -37.67771
 -36.56614 -36.56665 -36.56713 -36.56796 -36.56961
 -35.62362 -35.62403 -35.62443 -35.62511 -35.62644
 -34.82036 -34.82069 -34.82100 -34.82155 -34.82262
 -34.13550 -34.13576 -34.13601 -34.13644 -34.13728
 -33.55188 -33.55209 -33.55228 -33.55261 -33.55327
 -33.05465 -33.05481 -33.05496 -33.05522 -33.05572
 -32.63043 -32.63055 -32.63067 -32.63086 -32.63125
 -32.26732 -32.26741 -32.26749 -32.26764 -32.26794
 -31.95462 -31.95464 -31.95475 -31.95486 -31.95508
 -31.68340 -31.68344 -31.68351 -31.68360 -31.68376
 -31.44609 -31.44612 -31.44617 -31.44623 -31.44635
 -31.23684 -31.23686 -31.23690 -31.23695 -31.23703
 -31.05153 -31.05154 -31.05157 -31.05160 -31.05167
 -30.88699 -30.88700 -30.88703 -30.88705 -30.88710
 -30.74080 -30.74081 -30.74083 -30.74084 -30.74088
 -30.61114 -30.61115 -30.61115 -30.61117 -30.61120
 -30.49679 -30.49680 -30.49680 -30.49682 -30.49684
 -30.39672 -30.39672 -30.39673 -30.39674 -30.39674
 -30.30991 -30.30992 -30.30992 -30.30992 -30.30992
 -30.23549 -30.23549 -30.23549 -30.23549 -30.23550
 -30.17265 -30.17265 -30.17265 -30.17265 -30.17266
 -30.12052 -30.12052 -30.12052 -30.12052 -30.12052
 -30.07821 -30.07821 -30.07821 -30.07821 -30.07821
 -30.04482 -30.04482 -30.04482 -30.04482 -30.04482
 -30.01946 -30.01946 -30.01946 -30.01946 -30.01946
 -30.00129 -30.00129 -30.00129 -30.00129 -30.00129
 -29.98951 -29.98951 -29.98951 -29.98951 -29.98951
 -29.98338 -29.98338 -29.98338 -29.98338 -29.98338
 -29.98222 -29.98222 -29.98222 -29.98222 -29.98222
 -29.98544 -29.98544 -29.98544 -29.98544 -29.98544
================================================================================
 -60.00000 -60.00000 -60.00000 -60.00000 -60.00000
 -60.00000 -60.00000 -60.00000 -60.00000 -60.00000
 -60.00000 -60.00000 -60.00000 -60.00000 -60.00000
 -60.00000 -60.00000 -60.00000 -60.00000 -60.00000
 -60.00000 -60.00000 -60.00000 -60.00000 -60.00000
 -60.00000 -60.00000 -60.00000 -60.00000 -60.00000
 -60.00000 -60.00000 -60.00000 -60.00000 -60.00000
 -60.00000 -60.00000 -60.00000 -60.00000 -60.00000
 -60.00000 -60.00000 -60.00000 -60.00000 -60.00000
 -60.00000 -60.00000 -60.00000 -60.00000 -60.00000
 -60.00000 -60.00000 -60.00000 -60.00000 -60.00000
 -56.86133 -56.86133 -56.86133 -56.86134 -56.86134
 -52.77011 -52.77015 -52.77017 -52.77028 -52.77040
 -49.24092 -49.24106 -49.24134 -49.24198 -49.24269
 -46.19091 -46.19129 -46.19201 -46.19371 -46.19559
 -43.59805 -43.59866 -43.59985 -43.60260 -43.60564
 -41.42586 -41.42689 -41.42839 -41.43187 -41.43568
 -39.61187 -39.61301 -39.61465 -39.61846 -39.62261
 -38.09212 -38.09326 -38.09491 -38.09637 -38.10284
 -36.81040 -36.81148 -36.81303 -36.81440 -36.82048
 -35.72555 -35.72653 -35.72793 -35.72916 -35.73462
 -34.80409 -34.80494 -34.80616 -34.80725 -34.81200
 -34.01996 -34.02037 -34.02174 -34.02266 -34.02414
 -33.35241 -33.35288 -33.35351 -33.35481 -33.35605
 -32.78511 -32.78550 -32.78602 -32.78710 -32.78812
 -32.30322 -32.30354 -32.30396 -32.30484 -32.30567
 -31.89320 -31.89346 -31.89380 -31.89451 -31.89518
 -31.54333 -31.54353 -31.54381 -31.54437 -31.54491
 -31.24290 -31.24307 -31.24329 -31.24374 -31.24416
 -30.98340 -30.98355 -30.98372 -30.98407 -30.98440
 -30.75678 -30.75685 -30.75702 -30.75729 -30.75754
 -30.55698 -30.55704 -30.55717 -30.55738 -30.55758
 -30.38039 -30.38044 -30.38054 -30.38061 -30.38086
 -30.22403 -30.22406 -30.22414 -30.22419 -30.22438
 -30.08524 -30.08527 -30.08530 -30.08536 -30.08550
 -29.96211 -29.96214 -29.96216 -29.96221 -29.96232
 -29.85376 -29.85378 -29.85380 -29.85383 -29.85392
 -29.75927 -29.75927 -29.75929 -29.75932 -29.75938
 -29.67744 -29.67745 -29.67746 -29.67748 -29.67752
 -29.60734 -29.60734 -29.60735 -29.60737 -29.60738
 -29.54835 -29.54836 -29.54837 -29.54838 -29.54838
 -29.49964 -29.49964 -29.49964 -29.49965 -29.49966
 -29.46032 -29.46032 -29.46032 -29.46033 -29.46033
 -29.42953 -29.42953 -29.42954 -29.42954 -29.42954
 -29.40643 -29.40643 -29.40643 -29.40643 -29.40643
 -29.39019 -29.39019 -29.39019 -29.39019 -29.39019
 -29.38005 -29.38005 -29.38005 -29.38005 -29.38005
 -29.37531 -29.37531 -29.37531 -29.37531 -29.37531
 -29.37531 -29.37531 -29.37531 -29.37531 -29.37531
 -29.37948 -29.37948 -29.37948 -29.37948 -29.37948
================================================================================
 -60.00000 -60.00000 -60.00000 -60.00000 -60.00000
 -60.00000 -60.00000 -60.00000 -60.00000 -60.00000
 -60.00000 -60.00000 -60.00000 -60.00000 -60.00000
 -60.00000 -60.00000 -60.00000 -60.00000 -60.00000
 -60.00000 -60.00000 -60.00000 -60.00000 -60.00000
 -60.00000 -60.00000 -60.00000 -60.00000 -60.00000
 -60.00000 -60.00000 -60.00000 -60.00000 -60.00000
 -60.00000 -60.00000 -60.00000 -60.00000 -60.00000
 -60.00000 -60.00000 -60.00000 -60.00000 -60.00000
 -60.00000 -60.00000 -60.00000 -60.00000 -60.00000
 -59.99997 -59.99997 -59.99997 -59.99997 -59.99997
 -56.45126 -56.45126 -56.45126 -56.45127 -56.45128
 -52.25780 -52.25783 -52.25787 -52.25795 -52.25816
 -48.55496 -48.55512 -48.55528 -48.55561 -48.55641
 -45.40534 -45.40567 -45.40602 -45.40670 -45.40835
 -42.80064 -42.80099 -42.80172 -42.80280 -42.80538
 -40.65931 -40.65978 -40.66078 -40.66224 -40.66570
 -38.89011 -38.89069 -38.89191 -38.89369 -38.89528
 -37.41755 -37.41834 -37.41971 -37.42169 -37.42347
 -36.17928 -36.18011 -36.18155 -36.18362 -36.18547
 -35.13278 -35.13360 -35.13502 -35.13708 -35.13891
 -34.24373 -34.24451 -34.24528 -34.24781 -34.24954
 -33.48642 -33.48690 -33.48785 -33.48912 -33.49176
 -32.84104 -32.84156 -32.84241 -32.84355 -32.84591
 -32.29252 -32.29298 -32.29373 -32.29472 -32.29677
 -31.82677 -31.82716 -31.82780 -31.82865 -31.83040
 -31.43031 -31.43064 -31.43118 -31.43190 -31.43337
 -31.09209 -31.09237 -31.09282 -31.09341 -31.09464
 -30.80167 -30.80186 -30.80231 -30.80280 -30.80381
 -30.55164 -30.55179 -30.55202 -30.55254 -30.55335
 -30.33319 -30.33331 -30.33349 -30.33390 -30.33454
 -30.14010 -30.14020 -30.14034 -30.14068 -30.14088
 -29.96972 -29.96981 -29.96993 -29.97008 -29.97037
 -29.81950 -29.81957 -29.81966 -29.81978 -29.82000
 -29.68636 -29.68640 -29.68648 -29.68657 -29.68674
 -29.56814 -29.56817 -29.56824 -29.56831 -29.56845
 -29.46450 -29.46453 -29.46457 -29.46465 -29.46476
 -29.37477 -29.37479 -29.37482 -29.37488 -29.37496
 -29.29729 -29.29731 -29.29733 -29.29737 -29.29742
 -29.23091 -29.23092 -29.23094 -29.23097 -29.23101
 -29.17534 -29.17535 -29.17536 -29.17538 -29.17542
 -29.12971 -29.12971 -29.12972 -29.12973 -29.12976
 -29.09314 -29.09315 -29.09316 -29.09316 -29.09319
 -29.06479 -29.06479 -29.06480 -29.06480 -29.06481
 -29.04380 -29.04381 -29.04381 -29.04381 -29.04382
 -29.02940 -29.02940 -29.02940 -29.02940 -29.02941
 -29.02083 -29.02083 -29.02083 -29.02083 -29.02083
 -29.01741 -29.01741 -29.01741 -29.01741 -29.01742
 -29.01853 -29.01853 -29.01853 -29.01853 -29.01853
 -29.02362 -29.02362 -29.02362 -29.02362 -29.02362
================================================================================
 -60.00000 -60.00000 -60.00000 -60.00000 -60.00000
 -60.00000 -60.00000 -60.00000 -60.00000 -60.00000
 -60.00000 -60.00000 -60.00000 -60.00000 -60.00000
 -60.00000 -60.00000 -60.00000 -60.00000 -60.00000
 -60.00000 -60.00000 -60.00000 -60.00000 -60.00000
 -60.00000 -60.00000 -60.00000 -60.00000 -60.00000
 -60.00000 -60.00000 -60.00000 -60.00000 -60.00000
 -60.00000 -60.00000 -60.00000 -60.00000 -60.00000
 -60.00000 -60.00000 -60.00000 -60.00000 -60.00000
 -60.00000 -60.00000 -60.00000 -60.00000 -60.00000
 -59.99908 -59.99908 -59.99908 -59.99908 -59.99908
 -56.05271 -56.05271 -56.05271 -56.05272 -56.05273
 -51.55690 -51.55691 -51.55694 -51.55698 -51.55707
 -47.70927 -47.70931 -47.70937 -47.70951 -47.70976
 -44.55857 -44.55865 -44.55878 -44.55908 -44.55959
 -41.99653 -41.99668 -41.99690 -41.99742 -41.99776
 -39.90723 -39.90746 -39.90780 -39.90859 -39.90910
 -38.19025 -38.19060 -38.19107 -38.19167 -38.19285
 -36.76839 -36.76871 -36.76943 -36.77019 -36.77165
 -35.57741 -35.57778 -35.57863 -35.57951 -35.58122
 -34.57484 -34.57526 -34.57587 -34.57716 -34.57903
 -33.72553 -33.72603 -33.72667 -33.72801 -33.72996
 -33.00346 -33.00396 -33.00460 -33.00594 -33.00789
 -32.38891 -32.38926 -32.39001 -32.39131 -32.39318
 -31.86749 -31.86782 -31.86852 -31.86973 -31.87147
 -31.42556 -31.42587 -31.42650 -31.42760 -31.42918
 -31.04931 -31.04957 -31.05014 -31.05070 -31.05252
 -30.72833 -30.72856 -30.72889 -30.72954 -30.73041
 -30.45248 -30.45262 -30.45296 -30.45352 -30.45427
 -30.21588 -30.21600 -30.21628 -30.21675 -30.21737
 -30.00856 -30.00866 -30.00889 -30.00927 -30.00978
 -29.82377 -29.82385 -29.82405 -29.82436 -29.82479
 -29.66068 -29.66074 -29.66091 -29.66117 -29.66152
 -29.51750 -29.51753 -29.51764 -29.51789 -29.51817
 -29.39048 -29.39051 -29.39059 -29.39072 -29.39101
 -29.27702 -29.27704 -29.27711 -29.27722 -29.27746
 -29.17799 -29.17801 -29.17807 -29.17816 -29.17835
 -29.09321 -29.09321 -29.09326 -29.09333 -29.09347
 -29.02016 -29.02017 -29.02020 -29.02025 -29.02031
 -28.95732 -28.95732 -28.95734 -28.95739 -28.95743
 -28.90502 -28.90502 -28.90504 -28.90508 -28.90511
 -28.86239 -28.86239 -28.86240 -28.86242 -28.86246
 -28.82853 -28.82853 -28.82855 -28.82856 -28.82859
 -28.80258 -28.80258 -28.80259 -28.80260 -28.80262
 -28.78370 -28.78370 -28.78370 -28.78371 -28.78372
 -28.77111 -28.77111 -28.77111 -28.77112 -28.77113
 -28.76410 -28.76410 -28.76410 -28.76411 -28.76411
 -28.76202 -28.76202 -28.76202 -28.76202 -28.76202
 -28.76425 -28.76425 -28.76425 -28.76425 -28.76425
 -28.77024 -28.77024 -28.77024 -28.77024 -28.77024
================================================================================
 -60.00000 -60.00000 -60.00000 -60.00000 -60.00000
 -60.00000 -60.00000 -60.00000 -60.00000 -60.00000
 -60.00000 -60.00000 -60.00000 -60.00000 -60.00000
 -60.00000 -60.00000 -60.00000 -60.00000 -60.00000
 -60.00000 -60.00000 -60.00000 -60.00000 -60.00000
 -60.00000 -60.00000 -60.00000 -60.00000 -60.00000
 -60.00000 -60.00000 -60.00000 -60.00000 -60.00000
 -59.83049 -59.83049 -59.83049 -59.83049 -59.83049
 -54.52187 -54.52187 -54.52187 -54.52187 -54.52187
 -49.87428 -49.87428 -49.87428 -49.87428 -49.87428
 -46.14800 -46.14800 -46.14800 -46.14800 -46.14800
 -43.15809 -43.15809 -43.15809 -43.15809 -43.15809
 -40.75535 -40.75535 -40.75535 -40.75535 -40.75535
 -38.81950 -38.81950 -38.81950 -38.81950 -38.81950
 -37.25231 -37.25231 -37.25231 -37.25231 -37.25231
 -35.97536 -35.97536 -35.97536 -35.97536 -35.97536
 -34.92602 -34.92602 -34.92602 -34.92602 -34.92602
 -34.05204 -34.05204 -34.05204 -34.05204 -34.05204
 -33.31636 -33.31636 -33.31636 -33.31636 -33.31636
 -32.68641 -32.68641 -32.68641 -32.68642 -32.68642
 -32.14551 -32.14552 -32.14552 -32.14553 -32.14554
 -31.67797 -31.67798 -31.67799 -31.67802 -31.67805
 -31.27246 -31.27247 -31.27249 -31.27253 -31.27261
 -30.92082 -30.92084 -30.92088 -30.92094 -30.92109
 -30.61901 -30.61903 -30.61909 -30.61919 -30.61942
 -30.36112 -30.36114 -30.36124 -30.36138 -30.36156
 -30.13739 -30.13740 -30.13754 -30.13771 -30.13794
 -29.94295 -29.94297 -29.94308 -29.94333 -29.94360
 -29.77130 -29.77132 -29.77144 -29.77172 -29.77201
 -29.62546 -29.62546 -29.62561 -29.62580 -29.62619
 -29.49232 -29.49232 -29.49247 -29.49265 -29.49303
 -29.36277 -29.36277 -29.36291 -29.36308 -29.36345
 -29.24519 -29.24519 -29.24528 -29.24548 -29.24582
 -29.14304 -29.14304 -29.14313 -29.14330 -29.14360
 -29.04925 -29.04925 -29.04932 -29.04947 -29.04973
 -28.95889 -28.95889 -28.95895 -28.95908 -28.95921
 -28.88020 -28.88020 -28.88026 -28.88033 -28.88048
 -28.81668 -28.81668 -28.81671 -28.81678 -28.81690
 -28.76115 -28.76115 -28.76118 -28.76123 -28.76132
 -28.70969 -28.70969 -28.70971 -28.70976 -28.70983
 -28.66720 -28.66720 -28.66722 -28.66725 -28.66731
 -28.63296 -28.63296 -28.63297 -28.63300 -28.63304
 -28.60619 -28.60619 -28.60620 -28.60622 -28.60626
 -28.58615 -28.58615 -28.58615 -28.58617 -28.58619
 -28.57212 -28.57212 -28.57212 -28.57213 -28.57215
 -28.56351 -28.56351 -28.56351 -28.56352 -28.56353
 -28.55977 -28.55977 -28.55977 -28.55978 -28.55978
 -28.56039 -28.56039 -28.56039 -28.56039 -28.56040
 -28.56477 -28.56477 -28.56477 -28.56477 -28.56478
 -28.57228 -28.57228 -28.57228 -28.57228 -28.57228
================================================================================
 -60.00000 -60.00000 -60.00000 -60.00000 -60.00000
 -60.00000 -60.00000 -60.00000 -60.00000 -60.00000
 -60.00000 -60.00000 -60.00000 -60.00000 -60.00000
 -60.00000 -60.00000 -60.00000 -60.00000 -60.00000
 -60.00000 -60.00000 -60.00000 -60.00000 -60.00000
 -59.99636 -59.99636 -59.99636 -59.99636 -59.99636
 -55.83863 -55.83863 -55.83863 -55.83863 -55.83863
 -50.84319 -50.84319 -50.84319 -50.84319 -50.84319
 -46.84156 -46.84156 -46.84156 -46.84156 -46.84156
 -43.63537 -43.63537 -43.63537 -43.63537 -43.63537
 -41.06491 -41.06491 -41.06491 -41.06491 -41.06491
 -39.00181 -39.00181 -39.00181 -39.00181 -39.00181
 -37.34225 -37.34225 -37.34225 -37.34225 -37.34225
 -36.00232 -36.00232 -36.00232 -36.00232 -36.00232
 -34.91298 -34.91298 -34.91298 -34.91298 -34.91298
 -34.01920 -34.01920 -34.01920 -34.01920 -34.01920
 -33.27710 -33.27710 -33.27710 -33.27710 -33.27710
 -32.64951 -32.64951 -32.64951 -32.64951 -32.64951
 -32.11151 -32.11151 -32.11151 -32.11151 -32.11151
 -31.64041 -31.64041 -31.64041 -31.64041 -31.64041
 -31.22762 -31.22762 -31.22762 -31.22762 -31.22762
 -30.86408 -30.86408 -30.86409 -30.86409 -30.86410
 -30.54394 -30.54394 -30.54395 -30.54396 -30.54399
 -30.26341 -30.26341 -30.26343 -30.26345 -30.26350
 -30.02196 -30.02196 -30.02198 -30.02204 -30.02212
 -29.81641 -29.81641 -29.81644 -29.81653 -29.81660
 -29.63871 -29.63871 -29.63877 -29.63884 -29.63899
 -29.48536 -29.48536 -29.48541 -29.48553 -29.48572
 -29.35052 -29.35052 -29.35058 -29.35072 -29.35095
 -29.23916 -29.23916 -29.23922 -29.23938 -29.23964
 -29.13716 -29.13716 -29.13723 -29.13739 -29.13766
 -29.03348 -29.03348 -29.03354 -29.03372 -29.03399
 -28.93877 -28.93877 -28.93881 -28.93895 -28.93927
 -28.85850 -28.85850 -28.85854 -28.85867 -28.85887
 -28.78375 -28.78375 -28.78378 -28.78390 -28.78408
 -28.70759 -28.70759 -28.70762 -28.70772 -28.70789
 -28.64191 -28.64191 -28.64192 -28.64203 -28.64217
 -28.59251 -28.59251 -28.59252 -28.59261 -28.59273
 -28.54930 -28.54930 -28.54931 -28.54936 -28.54948
 -28.50625 -28.50625 -28.50625 -28.50630 -28.50639
 -28.47123 -28.47123 -28.47123 -28.47127 -28.47132
 -28.44357 -28.44357 -28.44357 -28.44360 -28.44365
 -28.42255 -28.42255 -28.42255 -28.42257 -28.42261
 -28.40741 -28.40741 -28.40741 -28.40742 -28.40745
 -28.39751 -28.39751 -28.39751 -28.39753 -28.39755
 -28.39236 -28.39236 -28.39236 -28.39237 -28.39238
 -28.39153 -28.39153 -28.39153 -28.39153 -28.39154
 -28.39461 -28.39461 -28.39461 -28.39461 -28.39461
 -28.40101 -28.40101 -28.40101 -28.40101 -28.40101
 -28.40995 -28.40995 -28.40995 -28.40995 -28.40996
