    6    5   50    1    6  Be  12.0 Al 0.2 Si 0.2  Abs: Si 300.0               
================================================================================
  11.00000  12.00000  13.00000  14.00000  15.00000
   0.00000   0.08778   0.17555   0.26333   0.35110   0.43888   0.52666   0.61443
   0.70221   0.78999   0.87776   0.96554   1.05331   1.14109   1.22887   1.31664
   1.40442   1.49219   1.57997   1.66775   1.75552   1.84330   1.93107   2.01885
   2.10663   2.19440   2.28218   2.36996   2.45773   2.54551   2.63328   2.72106
   2.80884   2.89661   2.98439   3.07216   3.15994   3.24772   3.33549   3.42327
   3.51104   3.59882   3.68660   3.77437   3.86215   3.94993   4.03770   4.12548
   4.21325   4.30103
================================================================================
 -60.00000 -60.00000 -60.00000 -60.00000 -60.00000
 -60.00000 -60.00000 -60.00000 -60.00000 -60.00000
 -60.00000 -60.00000 -60.00000 -60.00000 -60.00000
 -60.00000 -60.00000 -60.00000 -60.00000 -60.00000
 -60.00000 -60.00000 -60.00000 -60.00000 -60.00000
 -60.00000 -60.00000 -60.00000 -60.00000 -60.00000
 -60.00000 -60.00000 -60.00000 -60.00000 -60.00000
 -60.00000 -60.00000 -60.00000 -60.00000 -60.00000
 -60.00000 -60.00000 -60.00000 -60.00000 -60.00000
 -60.00000 -60.00000 -60.00000 -60.00000 -60.00000
 -60.00000 -60.00000 -60.00000 -60.00000 -60.00000
 -57.75915 -57.75915 -57.75915 -57.75915 -57.75915
 -53.90462 -53.90463 -53.90463 -53.90465 -53.90465
 -50.60031 -50.60037 -50.60043 -50.60055 -50.60055
 -47.74931 -47.74950 -47.74971 -47.75013 -47.75013
 -45.28302 -45.28317 -45.28387 -45.28474 -45.28474
 -43.15619 -43.15643 -43.15745 -43.15873 -43.15873
 -41.32726 -41.32754 -41.32873 -41.33023 -41.33023
 -39.75668 -39.75695 -39.75816 -39.75816 -39.75968
 -38.40649 -38.40675 -38.40716 -38.40787 -38.40927
 -37.24446 -37.24468 -37.24504 -37.24566 -37.24689
 -36.24276 -36.24308 -36.24339 -36.24391 -36.24495
 -35.37929 -35.37955 -35.37981 -35.38024 -35.38110
 -34.63425 -34.63446 -34.63467 -34.63503 -34.63573
 -33.99145 -33.99162 -33.99179 -33.99209 -33.99266
 -33.43716 -33.43730 -33.43744 -33.43768 -33.43814
 -32.95953 -32.95964 -32.95975 -32.95994 -32.96032
 -32.54822 -32.54831 -32.54840 -32.54855 -32.54885
 -32.19401 -32.19408 -32.19415 -32.19427 -32.19451
 -31.88888 -31.88894 -31.88899 -31.88909 -31.88928
 -31.62508 -31.62513 -31.62517 -31.62525 -31.62540
 -31.39614 -31.39616 -31.39621 -31.39627 -31.39639
 -31.19620 -31.19622 -31.19626 -31.19631 -31.19640
 -31.02042 -31.02044 -31.02047 -31.02051 -31.02058
 -30.86488 -30.86489 -30.86492 -30.86495 -30.86501
 -30.72601 -30.72602 -30.72604 -30.72606 -30.72610
 -30.60170 -30.60171 -30.60173 -30.60175 -30.60178
 -30.48975 -30.48975 -30.48977 -30.48978 -30.48981
 -30.38929 -30.38930 -30.38930 -30.38932 -30.38934
 -30.29934 -30.29935 -30.29935 -30.29936 -30.29938
 -30.22000 -30.22000 -30.22000 -30.22001 -30.22002
 -30.15107 -30.15107 -30.15107 -30.15108 -30.15108
 -30.09254 -30.09254 -30.09254 -30.09254 -30.09255
 -30.04433 -30.04433 -30.04434 -30.04434 -30.04434
 -30.00612 -30.00612 -30.00612 -30.00612 -30.00612
 -29.97763 -29.97763 -29.97763 -29.97763 -29.97763
 -29.95824 -29.95824 -29.95824 -29.95824 -29.95824
 -29.94747 -29.94747 -29.94747 -29.94747 -29.94747
 -29.94462 -29.94462 -29.94462 -29.94462 -29.94463
 -29.94892 -29.94892 -29.94892 -29.94892 -29.94892
================================================================================
 -60.00000 -60.00000 -60.00000 -60.00000 -60.00000
 -60.00000 -60.00000 -60.00000 -60.00000 -60.00000
 -60.00000 -60.00000 -60.00000 -60.00000 -60.00000
 -60.00000 -60.00000 -60.00000 -60.00000 -60.00000
 -60.00000 -60.00000 -60.00000 -60.00000 -60.00000
 -60.00000 -60.00000 -60.00000 -60.00000 -60.00000
 -60.00000 -60.00000 -60.00000 -60.00000 -60.00000
 -60.00000 -60.00000 -60.00000 -60.00000 -60.00000
 -60.00000 -60.00000 -60.00000 -60.00000 -60.00000
 -60.00000 -60.00000 -60.00000 -60.00000 -60.00000
 -60.00000 -60.00000 -60.00000 -60.00000 -60.00000
 -57.18578 -57.18578 -57.18578 -57.18578 -57.18579
 -53.32278 -53.32281 -53.32282 -53.32288 -53.32294
 -49.98397 -49.98411 -49.98419 -49.98454 -49.98494
 -47.07065 -47.07088 -47.07133 -47.07238 -47.07355
 -44.54763 -44.54806 -44.54888 -44.55081 -44.55295
 -42.39135 -42.39195 -42.39308 -42.39574 -42.39867
 -40.55883 -40.55952 -40.56085 -40.56395 -40.56735
 -38.99945 -39.00043 -39.00183 -39.00507 -39.00862
 -37.66712 -37.66806 -37.66943 -37.67259 -37.67602
 -36.52298 -36.52386 -36.52513 -36.52624 -36.53119
 -35.53753 -35.53832 -35.53945 -35.54046 -35.54487
 -34.68744 -34.68813 -34.68912 -34.68999 -34.69381
 -33.95321 -33.95380 -33.95464 -33.95539 -33.95867
 -33.31895 -33.31924 -33.32017 -33.32080 -33.32181
 -32.77130 -32.77162 -32.77205 -32.77294 -32.77379
 -32.29915 -32.29941 -32.29977 -32.30051 -32.30122
 -31.89242 -31.89264 -31.89294 -31.89355 -31.89413
 -31.54198 -31.54217 -31.54241 -31.54291 -31.54339
 -31.23965 -31.23980 -31.24000 -31.24041 -31.24080
 -30.97807 -30.97819 -30.97836 -30.97869 -30.97901
 -30.75063 -30.75073 -30.75086 -30.75113 -30.75139
 -30.55197 -30.55207 -30.55217 -30.55239 -30.55260
 -30.37723 -30.37728 -30.37740 -30.37757 -30.37774
 -30.22256 -30.22260 -30.22269 -30.22283 -30.22297
 -30.08520 -30.08523 -30.08530 -30.08535 -30.08552
 -29.96271 -29.96274 -29.96280 -29.96283 -29.96297
 -29.85323 -29.85326 -29.85328 -29.85333 -29.85344
 -29.75567 -29.75569 -29.75571 -29.75575 -29.75584
 -29.66907 -29.66909 -29.66910 -29.66914 -29.66921
 -29.59309 -29.59311 -29.59312 -29.59314 -29.59320
 -29.52731 -29.52732 -29.52733 -29.52735 -29.52739
 -29.47119 -29.47120 -29.47121 -29.47122 -29.47125
 -29.42486 -29.42487 -29.42488 -29.42489 -29.42490
 -29.38800 -29.38800 -29.38801 -29.38802 -29.38802
 -29.36038 -29.36039 -29.36039 -29.36040 -29.36040
 -29.34159 -29.34159 -29.34159 -29.34160 -29.34160
 -29.33130 -29.33130 -29.33130 -29.33131 -29.33131
 -29.32885 -29.32885 -29.32885 -29.32885 -29.32886
 -29.33353 -29.33353 -29.33353 -29.33353 -29.33353
================================================================================
 -60.00000 -60.00000 -60.00000 -60.00000 -60.00000
 -60.00000 -60.00000 -60.00000 -60.00000 -60.00000
 -60.00000 -60.00000 -60.00000 -60.00000 -60.00000
 -60.00000 -60.00000 -60.00000 -60.00000 -60.00000
 -60.00000 -60.00000 -60.00000 -60.00000 -60.00000
 -60.00000 -60.00000 -60.00000 -60.00000 -60.00000
 -60.00000 -60.00000 -60.00000 -60.00000 -60.00000
 -60.00000 -60.00000 -60.00000 -60.00000 -60.00000
 -60.00000 -60.00000 -60.00000 -60.00000 -60.00000
 -60.00000 -60.00000 -60.00000 -60.00000 -60.00000
 -59.99991 -59.99991 -59.99991 -59.99991 -59.99991
 -56.81691 -56.81691 -56.81691 -56.81691 -56.81692
 -52.83072 -52.83074 -52.83078 -52.83080 -52.83092
 -49.29745 -49.29752 -49.29761 -49.29779 -49.29823
 -46.26091 -46.26110 -46.26130 -46.26170 -46.26267
 -43.71312 -43.71345 -43.71380 -43.71448 -43.71613
 -41.58749 -41.58798 -41.58849 -41.58950 -41.59191
 -39.80813 -39.80856 -39.80946 -39.81079 -39.81394
 -38.30889 -38.30940 -38.31050 -38.31209 -38.31586
 -37.03430 -37.03488 -37.03610 -37.03788 -37.03947
 -35.94191 -35.94265 -35.94393 -35.94579 -35.94744
 -34.99922 -34.99996 -35.00124 -35.00308 -35.00472
 -34.18431 -34.18501 -34.18570 -34.18797 -34.18952
 -33.47737 -33.47802 -33.47865 -33.48074 -33.48217
 -32.86430 -32.86468 -32.86545 -32.86647 -32.86860
 -32.33344 -32.33386 -32.33453 -32.33543 -32.33730
 -31.87422 -31.87458 -31.87517 -31.87595 -31.87757
 -31.47794 -31.47825 -31.47875 -31.47942 -31.48080
 -31.13545 -31.13571 -31.13614 -31.13670 -31.13787
 -30.83949 -30.83971 -30.84007 -30.84054 -30.84153
 -30.58299 -30.58321 -30.58350 -30.58390 -30.58472
 -30.35982 -30.35994 -30.36014 -30.36057 -30.36125
 -30.16459 -30.16470 -30.16486 -30.16521 -30.16577
 -29.99262 -29.99271 -29.99284 -29.99313 -29.99359
 -29.84013 -29.84020 -29.84031 -29.84055 -29.84070
 -29.70480 -29.70486 -29.70495 -29.70506 -29.70526
 -29.58361 -29.58366 -29.58374 -29.58382 -29.58399
 -29.47510 -29.47513 -29.47520 -29.47527 -29.47541
 -29.37810 -29.37813 -29.37818 -29.37824 -29.37835
 -29.29182 -29.29184 -29.29187 -29.29193 -29.29203
 -29.21654 -29.21656 -29.21658 -29.21663 -29.21670
 -29.15171 -29.15172 -29.15174 -29.15178 -29.15183
 -29.09706 -29.09707 -29.09708 -29.09711 -29.09716
 -29.05254 -29.05255 -29.05256 -29.05259 -29.05262
 -29.01795 -29.01796 -29.01797 -29.01799 -29.01802
 -28.99277 -28.99278 -28.99279 -28.99280 -28.99282
 -28.97619 -28.97619 -28.97620 -28.97621 -28.97623
 -28.96774 -28.96774 -28.96775 -28.96775 -28.96777
 -28.96654 -28.96654 -28.96654 -28.96655 -28.96656
 -28.97195 -28.97195 -28.97196 -28.97196 -28.97197
================================================================================
 -60.00000 -60.00000 -60.00000 -60.00000 -60.00000
 -60.00000 -60.00000 -60.00000 -60.00000 -60.00000
 -60.00000 -60.00000 -60.00000 -60.00000 -60.00000
 -60.00000 -60.00000 -60.00000 -60.00000 -60.00000
 -60.00000 -60.00000 -60.00000 -60.00000 -60.00000
 -60.00000 -60.00000 -60.00000 -60.00000 -60.00000
 -60.00000 -60.00000 -60.00000 -60.00000 -60.00000
 -60.00000 -60.00000 -60.00000 -60.00000 -60.00000
 -60.00000 -60.00000 -60.00000 -60.00000 -60.00000
 -60.00000 -60.00000 -60.00000 -60.00000 -60.00000
 -59.99646 -59.99646 -59.99646 -59.99646 -59.99646
 -56.28617 -56.28617 -56.28617 -56.28618 -56.28618
 -51.97633 -51.97634 -51.97635 -51.97636 -51.97640
 -48.32617 -48.32618 -48.32622 -48.32627 -48.32637
 -45.30551 -45.30555 -45.30560 -45.30574 -45.30597
 -42.81270 -42.81278 -42.81289 -42.81315 -42.81360
 -40.74950 -40.74963 -40.74982 -40.75026 -40.75101
 -39.03194 -39.03213 -39.03242 -39.03309 -39.03353
 -37.59226 -37.59257 -37.59297 -37.59349 -37.59450
 -36.37503 -36.37542 -36.37593 -36.37659 -36.37787
 -35.33727 -35.33761 -35.33835 -35.33913 -35.34064
 -34.44520 -34.44558 -34.44641 -34.44728 -34.44896
 -33.67685 -33.67724 -33.67782 -33.67905 -33.68083
 -33.01054 -33.01101 -33.01160 -33.01284 -33.01464
 -32.43281 -32.43327 -32.43385 -32.43506 -32.43681
 -31.93118 -31.93162 -31.93216 -31.93331 -31.93496
 -31.49664 -31.49693 -31.49755 -31.49860 -31.50012
 -31.12062 -31.12088 -31.12143 -31.12238 -31.12374
 -30.79504 -30.79527 -30.79575 -30.79623 -30.79780
 -30.51279 -30.51299 -30.51342 -30.51383 -30.51520
 -30.26757 -30.26774 -30.26798 -30.26847 -30.26911
 -30.05348 -30.05358 -30.05383 -30.05424 -30.05479
 -29.86564 -29.86572 -29.86594 -29.86629 -29.86675
 -29.69984 -29.69992 -29.70010 -29.70039 -29.70078
 -29.55216 -29.55222 -29.55237 -29.55262 -29.55295
 -29.42160 -29.42165 -29.42177 -29.42197 -29.42224
 -29.30368 -29.30371 -29.30379 -29.30399 -29.30421
 -29.19789 -29.19791 -29.19798 -29.19809 -29.19833
 -29.10308 -29.10310 -29.10316 -29.10325 -29.10345
 -29.01874 -29.01875 -29.01880 -29.01887 -29.01904
 -28.94504 -28.94505 -28.94509 -28.94515 -28.94528
 -28.88160 -28.88160 -28.88164 -28.88168 -28.88174
 -28.82763 -28.82763 -28.82766 -28.82770 -28.82774
 -28.78379 -28.78379 -28.78381 -28.78384 -28.78388
 -28.74985 -28.74985 -28.74987 -28.74990 -28.74993
 -28.72561 -28.72561 -28.72562 -28.72564 -28.72567
 -28.71044 -28.71044 -28.71045 -28.71047 -28.71049
 -28.70372 -28.70372 -28.70373 -28.70374 -28.70376
 -28.70439 -28.70439 -28.70439 -28.70440 -28.70442
 -28.71163 -28.71163 -28.71163 -28.71164 -28.71166
================================================================================
 -60.00000 -60.00000 -60.00000 -60.00000 -60.00000
 -60.00000 -60.00000 -60.00000 -60.00000 -60.00000
 -60.00000 -60.00000 -60.00000 -60.00000 -60.00000
 -60.00000 -60.00000 -60.00000 -60.00000 -60.00000
 -60.00000 -60.00000 -60.00000 -60.00000 -60.00000
 -59.99663 -59.99663 -59.99663 -59.99663 -59.99663
 -56.41679 -56.41679 -56.41679 -56.41679 -56.41679
 -51.77060 -51.77060 -51.77060 -51.77060 -51.77060
 -47.97763 -47.97763 -47.97763 -47.97763 -47.97763
 -44.88059 -44.88059 -44.88059 -44.88059 -44.88059
 -42.35056 -42.35056 -42.35056 -42.35056 -42.35056
 -40.28206 -40.28206 -40.28206 -40.28206 -40.28206
 -38.58750 -38.58750 -38.58750 -38.58750 -38.58750
 -37.19591 -37.19591 -37.19591 -37.19591 -37.19591
 -36.04805 -36.04805 -36.04805 -36.04805 -36.04805
 -35.09500 -35.09500 -35.09500 -35.09500 -35.09500
 -34.29642 -34.29642 -34.29642 -34.29642 -34.29642
 -33.61880 -33.61880 -33.61880 -33.61880 -33.61880
 -33.03675 -33.03675 -33.03675 -33.03675 -33.03675
 -32.52954 -32.52954 -32.52954 -32.52954 -32.52954
 -32.08275 -32.08275 -32.08275 -32.08276 -32.08276
 -31.68497 -31.68497 -31.68497 -31.68498 -31.68498
 -31.33319 -31.33320 -31.33320 -31.33321 -31.33323
 -31.01889 -31.01890 -31.01891 -31.01894 -31.01897
 -30.73986 -30.73987 -30.73989 -30.73993 -30.74001
 -30.49165 -30.49166 -30.49170 -30.49176 -30.49190
 -30.27218 -30.27220 -30.27226 -30.27236 -30.27256
 -30.07832 -30.07834 -30.07842 -30.07855 -30.07884
 -29.90486 -29.90487 -29.90499 -29.90515 -29.90535
 -29.74895 -29.74896 -29.74906 -29.74929 -29.74952
 -29.60789 -29.60791 -29.60802 -29.60827 -29.60852
 -29.47882 -29.47884 -29.47895 -29.47921 -29.47948
 -29.36076 -29.36076 -29.36089 -29.36106 -29.36142
 -29.25102 -29.25102 -29.25115 -29.25131 -29.25166
 -29.14755 -29.14755 -29.14767 -29.14783 -29.14815
 -29.05593 -29.05593 -29.05601 -29.05618 -29.05646
 -28.96723 -28.96723 -28.96730 -28.96745 -28.96771
 -28.88483 -28.88483 -28.88490 -28.88503 -28.88526
 -28.80931 -28.80931 -28.80937 -28.80948 -28.80959
 -28.73998 -28.73998 -28.74002 -28.74009 -28.74022
 -28.68057 -28.68057 -28.68059 -28.68066 -28.68077
 -28.63019 -28.63019 -28.63021 -28.63027 -28.63036
 -28.58522 -28.58522 -28.58524 -28.58529 -28.58536
 -28.54810 -28.54810 -28.54812 -28.54816 -28.54822
 -28.51951 -28.51951 -28.51952 -28.51956 -28.51961
 -28.49968 -28.49968 -28.49969 -28.49972 -28.49976
 -28.48811 -28.48811 -28.48812 -28.48814 -28.48818
 -28.48452 -28.48452 -28.48452 -28.48454 -28.48456
 -28.48816 -28.48816 -28.48817 -28.48818 -28.48820
 -28.49831 -28.49831 -28.49831 -28.49832 -28.49833
================================================================================
 -60.00000 -60.00000 -60.00000 -60.00000 -60.00000
 -60.00000 -60.00000 -60.00000 -60.00000 -60.00000
 -59.19654 -59.19654 -59.19654 -59.19654 -59.19654
 -54.00761 -54.00761 -54.00761 -54.00761 -54.00761
 -49.71354 -49.71354 -49.71354 -49.71354 -49.71354
 -46.21079 -46.21079 -46.21079 -46.21079 -46.21079
 -43.35391 -43.35391 -43.35391 -43.35391 -43.35391
 -41.02392 -41.02392 -41.02392 -41.02392 -41.02392
 -39.12339 -39.12339 -39.12339 -39.12339 -39.12339
 -37.57247 -37.57247 -37.57247 -37.57247 -37.57247
 -36.30563 -36.30563 -36.30563 -36.30563 -36.30563
 -35.26916 -35.26916 -35.26916 -35.26916 -35.26916
 -34.41777 -34.41777 -34.41777 -34.41777 -34.41777
 -33.71506 -33.71506 -33.71506 -33.71506 -33.71506
 -33.13001 -33.13001 -33.13001 -33.13001 -33.13001
 -32.63678 -32.63678 -32.63678 -32.63678 -32.63678
 -32.21387 -32.21387 -32.21387 -32.21387 -32.21387
 -31.84318 -31.84318 -31.84318 -31.84318 -31.84318
 -31.51190 -31.51190 -31.51190 -31.51190 -31.51190
 -31.20963 -31.20963 -31.20963 -31.20963 -31.20963
 -30.93043 -30.93043 -30.93043 -30.93043 -30.93043
 -30.66997 -30.66997 -30.66997 -30.66997 -30.66997
 -30.43117 -30.43117 -30.43117 -30.43117 -30.43117
 -30.21050 -30.21050 -30.21050 -30.21051 -30.21052
 -30.00999 -30.00999 -30.00999 -30.01000 -30.01003
 -29.82871 -29.82871 -29.82872 -29.82875 -29.82879
 -29.66748 -29.66748 -29.66750 -29.66755 -29.66763
 -29.52542 -29.52542 -29.52546 -29.52553 -29.52560
 -29.39874 -29.39874 -29.39878 -29.39885 -29.39898
 -29.28555 -29.28555 -29.28561 -29.28570 -29.28587
 -29.18331 -29.18331 -29.18336 -29.18349 -29.18370
 -29.08948 -29.08948 -29.08954 -29.08968 -29.08992
 -29.00310 -29.00310 -29.00316 -29.00332 -29.00356
 -28.92144 -28.92144 -28.92150 -28.92166 -28.92192
 -28.84195 -28.84195 -28.84202 -28.84217 -28.84243
 -28.77275 -28.77275 -28.77278 -28.77291 -28.77320
 -28.70192 -28.70192 -28.70196 -28.70207 -28.70225
 -28.63465 -28.63465 -28.63468 -28.63478 -28.63495
 -28.57200 -28.57200 -28.57202 -28.57212 -28.57227
 -28.51331 -28.51331 -28.51334 -28.51342 -28.51355
 -28.46428 -28.46428 -28.46429 -28.46438 -28.46449
 -28.42356 -28.42356 -28.42357 -28.42362 -28.42373
 -28.38544 -28.38544 -28.38545 -28.38549 -28.38559
 -28.35400 -28.35400 -28.35400 -28.35404 -28.35412
 -28.33013 -28.33013 -28.33013 -28.33016 -28.33021
 -28.31393 -28.31393 -28.31393 -28.31396 -28.31400
 -28.30532 -28.30532 -28.30532 -28.30535 -28.30538
 -28.30418 -28.30418 -28.30418 -28.30420 -28.30423
 -28.30987 -28.30987 -28.30987 -28.30988 -28.30991
 -28.32190 -28.32190 -28.32190 -28.32191 -28.32193
