    6    5   30    1    6     /CARBON             /DICKSON ET AL 1992          
================================================================================
    4    2    2    1    2    1    1                                             
================================================================================
  11.00000  12.00000  13.00000  14.00000  15.00000
   0.00000   0.13793   0.27586   0.41379   0.55172   0.68966   0.82759   0.96552
   1.10345   1.24138   1.37931   1.51724   1.65517   1.79310   1.93103   2.06897
   2.20690   2.34483   2.48276   2.62069   2.75862   2.89655   3.03448   3.17241
   3.31034   3.44828   3.58621   3.72414   3.86207   4.00000
---------------------/ IGRD= 1  / JGRD= 2  /--------/ Z1= 1   / DATE= 16/11/93  
  -8.89461  -8.85843  -8.76698  -8.72337  -8.85830
  -8.67905  -8.64297  -8.55187  -8.50857  -8.64347
  -8.51658  -8.48102  -8.39127  -8.34958  -8.48558
  -8.37821  -8.34366  -8.25654  -8.21814  -8.35681
  -8.26466  -8.23142  -8.14771  -8.11374  -8.25624
  -8.18018  -8.14837  -8.06834  -8.03921  -8.18621
  -8.12710  -8.09663  -8.02001  -7.99544  -8.14693
  -8.10536  -8.07591  -8.00192  -7.98095  -8.13598
  -8.11377  -8.08493  -8.01258  -7.99379  -8.15089
  -8.14941  -8.12084  -8.04931  -8.03154  -8.18946
  -8.20982  -8.18136  -8.11008  -8.09254  -8.25037
  -8.29515  -8.26670  -8.19546  -8.17775  -8.33497
  -8.40625  -8.37791  -8.30679  -8.28895  -8.44547
  -8.53766  -8.50961  -8.43892  -8.42129  -8.57728
  -8.66913  -8.64146  -8.57152  -8.55442  -8.70997
  -8.79211  -8.76481  -8.69577  -8.67937  -8.83453
  -8.94300  -8.91592  -8.84748  -8.83156  -8.98647
  -9.14478  -9.11773  -9.04933  -9.03346  -9.18835
  -9.35657  -9.32950  -9.26105  -9.24513  -9.40005
  -9.56163  -9.53456  -9.46613  -9.45024  -9.60514
  -9.76857  -9.74150  -9.67307  -9.65717  -9.81208
  -9.97576  -9.94868  -9.88025  -9.86436 -10.01926
 -10.18252 -10.15545 -10.08702 -10.07113 -10.22603
 -10.38943 -10.36236 -10.29393 -10.27803 -10.43294
 -10.59634 -10.56928 -10.50085 -10.48495 -10.63986
 -10.80324 -10.77617 -10.70774 -10.69184 -10.84675
 -11.01013 -10.98306 -10.91463 -10.89873 -11.05364
 -11.21702 -11.18995 -11.12152 -11.10562 -11.26053
 -11.42392 -11.39685 -11.32842 -11.31252 -11.46743
 -11.63083 -11.60375 -11.53532 -11.51943 -11.67432
---------------------/ IGRD= 1  / JGRD= 3  /--------/ Z1= 1   / DATE= 16/11/93  
 -10.35982 -10.32364 -10.23216 -10.18853 -10.32353
  -9.98653  -9.95051  -9.85942  -9.81627  -9.95164
  -9.72709  -9.69168  -9.60259  -9.56197  -9.69930
  -9.51682  -9.48259  -9.39743  -9.36189  -9.50318
  -9.35121  -9.31846  -9.23825  -9.20914  -9.35557
  -9.23298  -9.20173  -9.12640  -9.10369  -9.25544
  -9.16035  -9.13037  -9.05910  -9.04176  -9.19813
  -9.12587  -9.09678  -9.02841  -9.01486  -9.17439
  -9.12350  -9.09489  -9.02817  -9.01669  -9.17763
  -9.15068  -9.12233  -9.05651  -9.04592  -9.20697
  -9.20573  -9.17761  -9.11235  -9.10208  -9.26249
  -9.28810  -9.26018  -9.19530  -9.18507  -9.34448
  -9.39766  -9.36983  -9.30524  -9.29499  -9.45344
  -9.52795  -9.50014  -9.43600  -9.42607  -9.58393
  -9.65776  -9.63014  -9.56729  -9.55874  -9.71676
  -9.77819  -9.75108  -9.69054  -9.68462  -9.84357
  -9.92715  -9.90047  -9.84174  -9.83788  -9.99769
 -10.12875 -10.10211 -10.04355 -10.03989 -10.19978
 -10.34071 -10.31403 -10.25530 -10.25146 -10.41127
 -10.54571 -10.51905 -10.46037 -10.45660 -10.61644
 -10.75265 -10.72598 -10.66732 -10.66354 -10.82339
 -10.95985 -10.93318 -10.87450 -10.87072 -11.03056
 -11.16661 -11.13994 -11.08127 -11.07749 -11.23733
 -11.37352 -11.34685 -11.28818 -11.28439 -11.44423
 -11.58043 -11.55376 -11.49509 -11.49131 -11.65114
 -11.78732 -11.76065 -11.70198 -11.69820 -11.85804
 -11.99422 -11.96755 -11.90887 -11.90509 -12.06493
 -12.20111 -12.17444 -12.11577 -12.11198 -12.27183
 -12.40801 -12.38134 -12.32267 -12.31888 -12.47873
 -12.61491 -12.58824 -12.52956 -12.52579 -12.68563
---------------------/ IGRD= 1  / JGRD= 4  /--------/ Z1= 1   / DATE= 16/11/93  
 -10.19177 -10.15542 -10.06340 -10.01857 -10.15142
  -9.65952  -9.62299  -9.53041  -9.48455  -9.61580
  -9.31271  -9.27592  -9.18252  -9.13530  -9.26480
  -9.05142  -9.01423  -8.91966  -8.87082  -8.99866
  -8.86244  -8.82476  -8.72878  -8.67810  -8.80434
  -8.74314  -8.70491  -8.60733  -8.55465  -8.67935
  -8.68398  -8.64521  -8.54608  -8.49145  -8.61470
  -8.66701  -8.62781  -8.52746  -8.47129  -8.59330
  -8.67861  -8.63916  -8.53805  -8.48088  -8.60198
  -8.71495  -8.67530  -8.57364  -8.51570  -8.63607
  -8.77431  -8.73446  -8.63218  -8.57348  -8.69324
  -8.85711  -8.81706  -8.71428  -8.65496  -8.77431
  -8.96440  -8.92431  -8.82136  -8.76183  -8.88102
  -9.09115  -9.05114  -8.94846  -8.88922  -9.00852
  -9.21801  -9.17815  -9.07587  -9.01708  -9.13655
  -9.33745  -9.29769  -9.19567  -9.13713  -9.25664
  -9.48655  -9.44683  -9.34491  -9.28645  -9.40592
  -9.68819  -9.64846  -9.54655  -9.48810  -9.60756
  -9.90012  -9.86039  -9.75848  -9.70001  -9.81949
 -10.10512 -10.06540  -9.96348  -9.90503 -10.02449
 -10.31206 -10.27234 -10.17042 -10.11197 -10.23143
 -10.51926 -10.47954 -10.37762 -10.31917 -10.43863
 -10.72603 -10.68630 -10.58439 -10.52592 -10.64540
 -10.93293 -10.89321 -10.79129 -10.73283 -10.85230
 -11.13985 -11.10012 -10.99821 -10.93975 -11.05922
 -11.34674 -11.30701 -11.20510 -11.14664 -11.26611
 -11.55363 -11.51391 -11.41199 -11.35353 -11.47300
 -11.76052 -11.72080 -11.61888 -11.56043 -11.67989
 -11.96742 -11.92770 -11.82578 -11.76733 -11.88679
 -12.17432 -12.13460 -12.03269 -11.97423 -12.09370
---------------------/ IGRD= 2  / JGRD= 1  /--------/ Z1= 1   / DATE= 16/11/93  
  -8.08001  -8.06061  -7.97596  -7.93072  -8.06232
  -7.99675  -7.97657  -7.89302  -7.85052  -7.98567
  -7.90181  -7.88187  -7.80280  -7.76771  -7.91094
  -7.79839  -7.78003  -7.70944  -7.68716  -7.84331
  -7.70179  -7.68599  -7.62627  -7.61959  -7.79059
  -7.62874  -7.61603  -7.56760  -7.57633  -7.76090
  -7.58823  -7.57877  -7.54067  -7.56269  -7.75767
  -7.57970  -7.57331  -7.54386  -7.57635  -7.77856
  -7.60082  -7.59717  -7.57436  -7.61432  -7.82084
  -7.64713  -7.64603  -7.62820  -7.67320  -7.88182
  -7.71515  -7.71651  -7.70246  -7.75069  -7.95993
  -7.80543  -7.80916  -7.79796  -7.84813  -8.05707
  -7.91977  -7.92567  -7.91660  -7.96792  -8.17618
  -8.05332  -8.06125  -8.05380  -8.10568  -8.31318
  -8.18599  -8.19615  -8.18977  -8.24142  -8.44774
  -8.30936  -8.32194  -8.31613  -8.36669  -8.57134
  -8.46022  -8.47441  -8.46878  -8.51838  -8.72182
  -8.66199  -8.67632  -8.67070  -8.72021  -8.92354
  -8.87379  -8.88797  -8.88235  -8.93194  -9.13538
  -9.07885  -9.09309  -9.08747  -9.13702  -9.34042
  -9.28579  -9.30002  -9.29440  -9.34397  -9.54737
  -9.49297  -9.50720  -9.50158  -9.55115  -9.75456
  -9.69974  -9.71397  -9.70835  -9.75792  -9.96131
  -9.90665  -9.92088  -9.91526  -9.96483 -10.16822
 -10.11356 -10.12779 -10.12217 -10.17174 -10.37514
 -10.32045 -10.33468 -10.32906 -10.37862 -10.58203
 -10.52735 -10.54158 -10.53596 -10.58552 -10.78892
 -10.73424 -10.74847 -10.74285 -10.79242 -10.99582
 -10.94114 -10.95537 -10.94975 -10.99932 -11.20272
 -11.14803 -11.16227 -11.15664 -11.20622 -11.40961
---------------------/ IGRD= 2  / JGRD= 3  /--------/ Z1= 1   / DATE= 16/11/93  
  -9.43898  -9.40287  -9.31160  -9.26822  -9.40342
  -9.19802  -9.16262  -9.07295  -9.03151  -9.16820
  -9.00348  -8.97030  -8.88560  -8.85019  -8.99164
  -8.81745  -8.78815  -8.71221  -8.68749  -8.83751
  -8.64216  -8.61740  -8.55178  -8.53975  -8.70028
  -8.48472  -8.46398  -8.40764  -8.40733  -8.57812
  -8.34974  -8.33181  -8.28220  -8.29072  -8.46990
  -8.23881  -8.22233  -8.17660  -8.19052  -8.37527
  -8.15091  -8.13466  -8.09026  -8.10632  -8.29353
  -8.08041  -8.06371  -8.01933  -8.03569  -8.22317
  -8.02378  -8.00650  -7.96189  -7.97794  -8.16447
  -7.98673  -7.96892  -7.92398  -7.93930  -8.12400
  -7.97759  -7.95945  -7.91396  -7.92805  -8.11025
  -7.98850  -7.97020  -7.92395  -7.93634  -8.11552
  -7.97367  -7.95507  -7.90803  -7.91858  -8.09425
  -7.92279  -7.90355  -7.85591  -7.86492  -8.03695
  -7.95571  -7.93594  -7.88801  -7.89621  -8.06593
  -8.14666  -8.12683  -8.07887  -8.08702  -8.25653
  -8.36879  -8.34901  -8.30108  -8.30929  -8.47899
  -8.56998  -8.55019  -8.50225  -8.51042  -8.68006
  -8.77700  -8.75721  -8.70928  -8.71745  -8.88708
  -8.98480  -8.96501  -8.91707  -8.92525  -9.09490
  -9.19129  -9.17149  -9.12355  -9.13173  -9.30137
  -9.39822  -9.37843  -9.33049  -9.33867  -9.50831
  -9.60517  -9.58538  -9.53744  -9.54562  -9.71526
  -9.81204  -9.79224  -9.74430  -9.75249  -9.92213
 -10.01894  -9.99914  -9.95121  -9.95939 -10.12903
 -10.22583 -10.20604 -10.15810 -10.16628 -10.33592
 -10.43273 -10.41294 -10.36500 -10.37318 -10.54282
 -10.63964 -10.61983 -10.57189 -10.58008 -10.74971
---------------------/ IGRD= 2  / JGRD= 4  /--------/ Z1= 1   / DATE= 16/11/93  
 -15.20334 -14.11540 -12.93872 -11.91204 -11.32726
 -14.58958 -13.48599 -12.30528 -11.28479 -10.71012
 -14.20391 -13.07042 -11.88213 -10.87286 -10.31711
 -13.93872 -12.79453 -11.60961 -10.61540 -10.07937
 -13.76669 -12.62492 -11.45101 -10.47432  -9.95728
 -13.67031 -12.53328 -11.37269 -10.41445  -9.91495
 -13.63563 -12.50066 -11.35262 -10.41239  -9.92810
 -13.65304 -12.51963 -11.38327 -10.45920  -9.98679
 -13.71597 -12.58512 -11.45938 -10.54863 -10.08423
 -13.82299 -12.69493 -11.57796 -10.67740 -10.21778
 -13.97261 -12.84673 -11.73611 -10.84260 -10.38522
 -14.16065 -13.03640 -11.93000 -11.04083 -10.58372
 -14.38219 -13.25932 -12.15546 -11.26850 -10.81027
 -14.63388 -13.51387 -12.41155 -11.52453 -11.06340
 -14.91612 -13.80554 -12.70481 -11.81366 -11.34522
 -15.21714 -14.12411 -13.02556 -12.12608 -11.64546
 -15.48810 -14.40881 -13.31188 -12.40579 -11.91594
 -15.70090 -14.62291 -13.52614 -12.61942 -12.12869
 -15.90218 -14.82295 -13.72604 -12.81991 -12.33002
 -16.11117 -15.03241 -13.93555 -13.02920 -12.53900
 -16.31802 -15.23925 -14.14239 -13.23604 -12.74585
 -16.52459 -15.44575 -14.34887 -13.44257 -12.95242
 -16.73164 -15.65283 -14.55596 -13.64964 -13.15947
 -16.93851 -15.85970 -14.76284 -13.85651 -13.36634
 -17.14540 -16.06658 -14.96971 -14.06339 -13.57322
 -17.35232 -16.27349 -15.17662 -14.27030 -13.78013
 -17.55920 -16.48038 -15.38352 -14.47719 -13.98703
 -17.76609 -16.68727 -15.59041 -14.68409 -14.19392
 -17.97299 -16.89418 -15.79731 -14.89099 -14.40082
 -18.17989 -17.10108 -16.00421 -15.09789 -14.60771
---------------------/ IGRD= 3  / JGRD= 1  /--------/ Z1= 1   / DATE= 16/11/93  
  -8.24828  -8.21392  -8.12555  -8.08568  -8.22440
  -8.14912  -8.11592  -8.03404  -8.00387  -8.15225
  -8.03381  -8.00391  -7.93423  -7.92130  -8.08612
  -7.90962  -7.88512  -7.83299  -7.84411  -8.03123
  -7.79562  -7.77729  -7.74445  -7.78161  -7.99238
  -7.71221  -7.69936  -7.68359  -7.74351  -7.97437
  -7.66875  -7.66003  -7.65706  -7.73372  -7.97859
  -7.66085  -7.65532  -7.66123  -7.74898  -8.00235
  -7.68337  -7.68036  -7.69190  -7.78603  -8.04347
  -7.73163  -7.73024  -7.74504  -7.84251  -8.10137
  -7.80210  -7.80137  -7.81794  -7.91714  -8.17634
  -7.89468  -7.89422  -7.91162  -8.01153  -8.27046
  -8.01028  -8.01041  -8.02825  -8.12815  -8.38647
  -8.14372  -8.14516  -8.16319  -8.26239  -8.51989
  -8.27566  -8.27870  -8.29596  -8.39314  -8.64934
  -8.39848  -8.40283  -8.41812  -8.51186  -8.76633
  -8.54913  -8.55419  -8.56781  -8.65893  -8.91218
  -8.75089  -8.75601  -8.76947  -8.86033  -9.11347
  -8.96270  -8.96776  -8.98137  -9.07247  -9.32572
  -9.16775  -9.17283  -9.18639  -9.27741  -9.53061
  -9.37469  -9.37977  -9.39332  -9.48435  -9.73755
  -9.58187  -9.58696  -9.60052  -9.69155  -9.94476
  -9.78864  -9.79373  -9.80729  -9.89831 -10.15152
  -9.99555 -10.00063 -10.01419 -10.10522 -10.35843
 -10.20247 -10.20754 -10.22111 -10.31213 -10.56535
 -10.40936 -10.41444 -10.42800 -10.51902 -10.77224
 -10.61625 -10.62133 -10.63489 -10.72592 -10.97913
 -10.82314 -10.82822 -10.84178 -10.93281 -11.18602
 -11.03004 -11.03512 -11.04868 -11.13971 -11.39292
 -11.23693 -11.24203 -11.25559 -11.34661 -11.59982
---------------------/ IGRD= 3  / JGRD= 2  /--------/ Z1= 1   / DATE= 16/11/93  
  -8.20466  -8.09694  -7.97817  -7.94562  -8.10089
  -8.11391  -8.01241  -7.89956  -7.87146  -8.02957
  -7.99694  -7.90600  -7.80650  -7.79110  -7.95852
  -7.85022  -7.77446  -7.69630  -7.70262  -7.88652
  -7.69082  -7.63204  -7.57812  -7.60942  -7.81264
  -7.53830  -7.49511  -7.46252  -7.51554  -7.73602
  -7.40562  -7.37473  -7.35727  -7.42516  -7.65800
  -7.29771  -7.27541  -7.26674  -7.34257  -7.58267
  -7.21538  -7.19811  -7.19267  -7.27044  -7.51312
  -7.15247  -7.13773  -7.13209  -7.20816  -7.45011
  -7.10454  -7.09086  -7.08361  -7.15650  -7.39577
  -7.07619  -7.06252  -7.05299  -7.12212  -7.35768
  -7.07465  -7.06024  -7.04818  -7.11354  -7.34512
  -7.09157  -7.07579  -7.06099  -7.12271  -7.35037
  -7.08231  -7.06428  -7.04567  -7.10275  -7.32587
  -7.03712  -7.01609  -6.99247  -7.04371  -7.26155
  -7.07368  -7.05056  -7.02340  -7.07057  -7.28486
  -7.26494  -7.24163  -7.21415  -7.26095  -7.47490
  -7.48676  -7.46363  -7.43646  -7.48362  -7.69789
  -7.68808  -7.66488  -7.63758  -7.68461  -7.89876
  -7.89510  -7.87190  -7.84461  -7.89164  -8.10579
  -8.10287  -8.07968  -8.05242  -8.09946  -8.31363
  -8.30936  -8.28617  -8.25890  -8.30593  -8.52009
  -8.51630  -8.49311  -8.46583  -8.51287  -8.72704
  -8.72324  -8.70006  -8.67278  -8.71982  -8.93399
  -8.93011  -8.90692  -8.87965  -8.92669  -9.14085
  -9.13702  -9.11383  -9.08655  -9.13359  -9.34776
  -9.34391  -9.32072  -9.29344  -9.34048  -9.55465
  -9.55081  -9.52762  -9.50034  -9.54738  -9.76155
  -9.75771  -9.73452  -9.70724  -9.75428  -9.96845
---------------------/ IGRD= 3  / JGRD= 4  /--------/ Z1= 1   / DATE= 16/11/93  
 -15.32008 -14.18233 -12.99359 -11.98387 -11.42031
 -14.85352 -13.70878 -12.52454 -11.52825 -10.97945
 -14.57820 -13.43212 -12.25706 -11.27827 -10.74910
 -14.37128 -13.22897 -12.06747 -11.10958 -10.60267
 -14.22402 -13.08876 -11.94321 -11.00684 -10.52089
 -14.14142 -13.01460 -11.88507 -10.96794 -10.49756
 -14.12101 -13.00266 -11.88752 -10.98552 -10.52357
 -14.15112 -13.04053 -11.93710 -11.04573 -10.58637
 -14.22327 -13.11977 -12.02503 -11.13982 -10.67861
 -14.33661 -13.24079 -12.15253 -11.26983 -10.80360
 -14.49013 -13.40381 -12.32071 -11.43768 -10.96440
 -14.67867 -13.60393 -12.52516 -11.63963 -11.15796
 -14.89594 -13.83488 -12.76001 -11.87037 -11.37966
 -15.13803 -14.09482 -13.02411 -12.12846 -11.62727
 -15.40669 -14.39235 -13.32745 -12.42131 -11.90441
 -15.69316 -14.71901 -13.66174 -12.74054 -12.20217
 -15.95495 -15.00967 -13.95778 -13.02564 -12.47194
 -16.16691 -15.22434 -14.17295 -13.23978 -12.68465
 -16.36898 -15.42385 -14.37198 -13.43978 -12.88602
 -16.57768 -15.63350 -14.58181 -13.64926 -13.09498
 -16.78454 -15.84033 -14.78864 -13.85610 -13.30182
 -16.99115 -16.04680 -14.99508 -14.06258 -13.50840
 -17.19818 -16.25390 -15.20219 -14.26967 -13.71545
 -17.40506 -16.46077 -15.40906 -14.47655 -13.92232
 -17.61195 -16.66765 -15.61594 -14.68342 -14.12921
 -17.81885 -16.87456 -15.82285 -14.89033 -14.33612
 -18.02575 -17.08145 -16.02974 -15.09723 -14.54301
 -18.23264 -17.28834 -16.23663 -15.30412 -14.74990
 -18.43954 -17.49524 -16.44353 -15.51102 -14.95680
 -18.64644 -17.70214 -16.65042 -15.71792 -15.16370
---------------------/ IGRD= 4  / JGRD= 1  /--------/ Z1= 1   / DATE= 16/11/93  
  -8.05207  -8.07003  -7.99207  -7.95040  -8.08708
  -7.97380  -7.97040  -7.88783  -7.85437  -8.00501
  -7.90000  -7.87881  -7.79463  -7.77170  -7.93810
  -7.83929  -7.80632  -7.72438  -7.71376  -7.89614
  -7.79288  -7.75331  -7.67668  -7.67947  -7.87745
  -7.76110  -7.71894  -7.64971  -7.66626  -7.87902
  -7.74502  -7.70346  -7.64262  -7.67229  -7.89829
  -7.74663  -7.70844  -7.65589  -7.69657  -7.93330
  -7.76668  -7.73481  -7.68980  -7.73852  -7.98278
  -7.80338  -7.78186  -7.74429  -7.79823  -8.04678
  -7.85563  -7.84930  -7.81963  -7.87635  -8.12613
  -7.92571  -7.93877  -7.91749  -7.97493  -8.22336
  -8.01692  -8.05260  -8.04004  -8.09659  -8.34163
  -8.12358  -8.18647  -8.18342  -8.23733  -8.47687
  -8.21895  -8.32064  -8.32978  -8.37795  -8.60825
  -8.29487  -8.44654  -8.47038  -8.50978  -8.72738
  -8.41277  -8.59933  -8.63318  -8.66610  -8.87467
  -8.61149  -8.80127  -8.83605  -8.86838  -9.07609
  -8.82619  -9.01290  -9.04680  -9.07970  -9.28822
  -9.03016  -9.21803  -9.25225  -9.28493  -9.49316
  -9.23712  -9.42497  -9.45918  -9.49187  -9.70010
  -9.44448  -9.63214  -9.66630  -9.69902  -9.90730
  -9.65117  -9.83891  -9.87309  -9.90580 -10.11405
  -9.85808 -10.04582 -10.08000 -10.11271 -10.32097
 -10.06501 -10.25273 -10.28691 -10.31963 -10.52788
 -10.27190 -10.45962 -10.49381 -10.52652 -10.73477
 -10.47879 -10.66652 -10.70070 -10.73341 -10.94167
 -10.68568 -10.87341 -10.90759 -10.94030 -11.14856
 -10.89258 -11.08031 -11.11449 -11.14720 -11.35546
 -11.09948 -11.28721 -11.32139 -11.35409 -11.56236
---------------------/ IGRD= 4  / JGRD= 2  /--------/ Z1= 1   / DATE= 16/11/93  
 -13.39195 -12.73940 -11.73560 -10.71668 -10.08425
 -13.00247 -12.37883 -11.40609 -10.41430  -9.80256
 -12.67098 -12.11615 -11.18686 -10.21770  -9.62134
 -12.38350 -11.89849 -11.02790 -10.10356  -9.54207
 -12.14840 -11.72483 -10.91684 -10.04847  -9.53258
 -11.97669 -11.60045 -10.84595 -10.02915  -9.55685
 -11.87056 -11.52662 -10.81162 -10.03526  -9.59839
 -11.82112 -11.49959 -10.81544 -10.07250  -9.66487
 -11.81899 -11.51443 -10.85741 -10.14512  -9.76308
 -11.85535 -11.56450 -10.93365 -10.25211  -9.89457
 -11.92283 -11.64390 -11.04017 -10.39159 -10.05945
 -12.01842 -11.75007 -11.17450 -10.56110 -10.25558
 -12.14038 -11.88135 -11.33463 -10.75808 -10.48025
 -12.28195 -12.03158 -11.51581 -10.97956 -10.73195
 -12.42480 -12.18401 -11.70686 -11.22157 -11.01206
 -12.56082 -12.33072 -11.89915 -11.47435 -11.30993
 -12.72045 -12.49741 -12.09659 -11.71266 -11.57868
 -12.92303 -12.70064 -12.30263 -11.92245 -11.79127
 -13.13407 -12.91105 -12.51035 -12.12659 -11.99274
 -13.33942 -13.11662 -12.71693 -12.33452 -12.20166
 -13.54635 -13.32355 -12.92383 -12.54140 -12.40852
 -13.75348 -13.53065 -13.13079 -12.74813 -12.61510
 -13.96027 -13.73746 -13.33767 -12.95511 -12.82214
 -14.16718 -13.94436 -13.54456 -13.16199 -13.02901
 -14.37409 -14.15127 -13.75146 -13.36888 -13.23590
 -14.58098 -14.35817 -13.95836 -13.57578 -13.44281
 -14.78788 -14.56506 -14.16525 -13.78268 -13.64970
 -14.99477 -14.77195 -14.37214 -13.98957 -13.85660
 -15.20167 -14.97885 -14.57904 -14.19647 -14.06350
 -15.40856 -15.18575 -14.78595 -14.40337 -14.27040
---------------------/ IGRD= 4  / JGRD= 3  /--------/ Z1= 1   / DATE= 16/11/93  
 -14.36417 -13.88124 -13.00998 -12.06907 -11.47411
 -13.80920 -13.38939 -12.59906 -11.73928 -11.20426
 -13.39312 -13.02890 -12.31945 -11.54661 -11.08014
 -13.05394 -12.73706 -12.10068 -11.40905 -11.00917
 -12.78947 -12.51105 -11.93641 -11.31489 -10.97398
 -12.60474 -12.35527 -11.82807 -11.26097 -10.96637
 -12.49522 -12.26639 -11.77303 -11.24465 -10.98274
 -12.44450 -12.23134 -11.76356 -11.26396 -11.02528
 -12.43822 -12.23865 -11.79318 -11.31808 -11.09760
 -12.46750 -12.28099 -11.85829 -11.40818 -11.20509
 -12.52571 -12.35278 -11.95592 -11.53471 -11.35148
 -12.61059 -12.45167 -12.08342 -11.69480 -11.53405
 -12.72107 -12.57623 -12.23833 -11.88476 -11.74839
 -12.85089 -12.72050 -12.41534 -12.10021 -11.99097
 -12.98160 -12.86795 -12.60272 -12.33517 -12.26027
 -13.10601 -13.01099 -12.79163 -12.57934 -12.54490
 -13.25861 -13.17582 -12.98703 -12.81170 -12.80451
 -13.46056 -13.37889 -13.19289 -13.02095 -13.01626
 -13.67219 -13.58945 -13.40079 -13.22561 -13.21854
 -13.87731 -13.79497 -13.60730 -13.43334 -13.42715
 -14.08425 -14.00190 -13.81421 -13.64021 -13.63401
 -14.29143 -14.20902 -14.02117 -13.84698 -13.84064
 -14.49820 -14.41581 -14.22804 -14.05394 -14.04767
 -14.70510 -14.62272 -14.43493 -14.26083 -14.25454
 -14.91201 -14.82963 -14.64184 -14.46773 -14.46143
 -15.11891 -15.03652 -14.84874 -14.67463 -14.66834
 -15.32580 -15.24341 -15.05563 -14.88152 -14.87523
 -15.53270 -15.45031 -15.26252 -15.08841 -15.08212
 -15.73960 -15.65721 -15.46942 -15.29531 -15.28902
 -15.94650 -15.86411 -15.67633 -15.50221 -15.49593
---------------------/ IGRD= 1  / JGRD= 2  /--------/ Z1= 2   / DATE= 16/11/93  
  -9.42059  -9.44443  -9.45891  -9.42861  -9.33789
  -9.01555  -9.03997  -9.05452  -9.02260  -8.92780
  -8.80368  -8.82972  -8.84515  -8.81081  -8.70852
  -8.55316  -8.58192  -8.59909  -8.56157  -8.44842
  -8.33471  -8.36654  -8.38560  -8.34431  -8.21857
  -8.21803  -8.25260  -8.27317  -8.22787  -8.08964
  -8.17394  -8.21075  -8.23247  -8.18361  -8.03461
  -8.15883  -8.19729  -8.21989  -8.16854  -8.01185
  -8.16201  -8.20158  -8.22482  -8.17198  -8.01050
  -8.18425  -8.22442  -8.24803  -8.19443  -8.03041
  -8.22515  -8.26549  -8.28918  -8.23530  -8.07045
  -8.28147  -8.32173  -8.34540  -8.29166  -8.12725
  -8.34918  -8.38927  -8.41293  -8.35973  -8.19665
  -8.42372  -8.46355  -8.48716  -8.43464  -8.27332
  -8.50074  -8.54017  -8.56352  -8.51153  -8.35191
  -8.58063  -8.61953  -8.64247  -8.59076  -8.43259
  -8.66916  -8.70754  -8.72999  -8.67843  -8.52146
  -8.76784  -8.80578  -8.82782  -8.77637  -8.62033
  -8.84991  -8.88775  -8.90973  -8.85844  -8.70289
  -8.90950  -8.94765  -8.97004  -8.91901  -8.76343
  -8.98279  -9.02145  -9.04444  -8.99371  -8.83778
  -9.14817  -9.18702  -9.21022  -9.15959  -9.00351
  -9.36761  -9.40641  -9.42955  -9.37888  -9.22285
  -9.57302  -9.61181  -9.63497  -9.58430  -9.42827
  -9.77836  -9.81717  -9.84033  -9.78966  -9.63363
  -9.98619 -10.02500 -10.04815  -9.99749  -9.84145
 -10.19290 -10.23172 -10.25487 -10.20420 -10.04816
 -10.39973 -10.43853 -10.46170 -10.41102 -10.25499
 -10.60669 -10.64550 -10.66865 -10.61799 -10.46195
 -10.81358 -10.85238 -10.87554 -10.82488 -10.66884
---------------------/ IGRD= 2  / JGRD= 1  /--------/ Z1= 2   / DATE= 16/11/93  
  -7.67638  -7.77916  -7.78230  -7.71245  -7.60635
  -7.71040  -7.81669  -7.81884  -7.74782  -7.64392
  -7.73195  -7.83989  -7.84110  -7.77001  -7.66974
  -7.74304  -7.85123  -7.85158  -7.78123  -7.68545
  -7.74974  -7.85772  -7.85731  -7.78788  -7.69630
  -7.75813  -7.86636  -7.86533  -7.79640  -7.70794
  -7.77314  -7.88268  -7.88103  -7.81199  -7.72586
  -7.79866  -7.91092  -7.90856  -7.83876  -7.75462
  -7.83486  -7.95122  -7.94796  -7.87684  -7.79469
  -7.88061  -8.00218  -7.99779  -7.92494  -7.84514
  -7.93509  -8.06282  -8.05708  -7.98219  -7.90520
  -7.99825  -8.13332  -8.12623  -8.04891  -7.97467
  -8.06964  -8.21354  -8.20532  -8.12509  -8.05293
  -8.14532  -8.29941  -8.29049  -8.20706  -8.13618
  -8.22039  -8.38574  -8.37674  -8.29009  -8.21975
  -8.29567  -8.47286  -8.46426  -8.37446  -8.30403
  -8.37837  -8.56703  -8.55893  -8.46597  -8.39494
  -8.47067  -8.67007  -8.66241  -8.56631  -8.49429
  -8.54164  -8.75447  -8.74884  -8.65008  -8.57650
  -8.58423  -8.81403  -8.81273  -8.71224  -8.63666
  -8.63995  -8.88577  -8.88956  -8.78840  -8.71099
  -8.79965  -9.05051  -9.05601  -8.95474  -8.87676
  -9.02080  -9.27015  -9.27513  -9.17389  -9.09609
  -9.22601  -9.47553  -9.48057  -9.37933  -9.30150
  -9.43114  -9.68085  -9.68595  -9.58471  -9.50686
  -9.63910  -9.88869  -9.89376  -9.79253  -9.71469
  -9.84580 -10.09542 -10.10048  -9.99924  -9.92140
 -10.05261 -10.30223 -10.30731 -10.20607 -10.12822
 -10.25958 -10.50920 -10.51427 -10.41303 -10.33519
 -10.46646 -10.71608 -10.72116 -10.61992 -10.54208
---------------------/ IGRD= 1  / JGRD= 2  /--------/ Z1= 3   / DATE= 16/11/93  
 -10.31893 -10.32323 -10.34444 -10.36443 -10.34838
  -9.35312  -9.35744  -9.37882  -9.39881  -9.38205
  -8.57428  -8.57867  -8.60040  -8.62018  -8.60121
  -8.24003  -8.24456  -8.26687  -8.28620  -8.26321
  -8.13655  -8.14129  -8.16446  -8.18320  -8.15447
  -8.06145  -8.06644  -8.09079  -8.10885  -8.07279
  -7.97720  -7.98245  -8.00788  -8.02497  -7.98091
  -7.93584  -7.94121  -7.96709  -7.98262  -7.93113
  -7.94935  -7.95471  -7.98048  -7.99417  -7.93654
  -7.99329  -7.99866  -8.02438  -8.03677  -7.97464
  -8.05243  -8.05790  -8.08404  -8.09616  -8.03128
  -8.12609  -8.13175  -8.15882  -8.17168  -8.10570
  -8.21467  -8.22060  -8.24909  -8.26369  -8.19812
  -8.31929  -8.32558  -8.35586  -8.37294  -8.30877
  -8.44185  -8.44852  -8.48079  -8.50058  -8.43795
  -8.58081  -8.58789  -8.62219  -8.64464  -8.58311
  -8.72898  -8.73647  -8.77282  -8.79786  -8.73713
  -8.88059  -8.88847  -8.92685  -8.95441  -8.89432
  -9.03546  -9.04373  -9.08403  -9.11396  -9.05444
  -9.19572  -9.20432  -9.24631  -9.27833  -9.21935
  -9.35833  -9.36723  -9.41078  -9.44473  -9.38630
  -9.50771  -9.51704  -9.56269  -9.59921  -9.54131
  -9.65592  -9.66569  -9.71357  -9.75278  -9.69528
  -9.82633  -9.83639  -9.88568  -9.92659  -9.86930
 -10.02646 -10.03657 -10.08613 -10.12736 -10.07009
 -10.23736 -10.24743 -10.29684 -10.33788 -10.28059
 -10.44351 -10.45359 -10.50302 -10.54410 -10.48681
 -10.65008 -10.66016 -10.70961 -10.75070 -10.69342
 -10.85725 -10.86733 -10.91677 -10.95784 -10.90056
 -11.06409 -11.07417 -11.12361 -11.16468 -11.10740
---------------------/ IGRD= 2  / JGRD= 1  /--------/ Z1= 3   / DATE= 16/11/93  
  -8.05163  -8.03921  -8.02797  -8.04775  -8.04540
  -8.10063  -8.10189  -8.09636  -8.11635  -8.11229
  -8.12730  -8.13732  -8.13488  -8.15493  -8.15083
  -8.13418  -8.14621  -8.14420  -8.16407  -8.16139
  -8.13060  -8.14103  -8.13788  -8.15729  -8.15635
  -8.12570  -8.13405  -8.12924  -8.14781  -8.14794
  -8.12580  -8.13364  -8.12759  -8.14497  -8.14521
  -8.13555  -8.14591  -8.13991  -8.15581  -8.15529
  -8.15767  -8.17446  -8.17036  -8.18466  -8.18254
  -8.19313  -8.22063  -8.22064  -8.23350  -8.22890
  -8.24165  -8.28462  -8.29128  -8.30298  -8.29497
  -8.30128  -8.36511  -8.38124  -8.39210  -8.37964
  -8.36998  -8.46064  -8.48942  -8.49966  -8.48168
  -8.44635  -8.56993  -8.61457  -8.62450  -8.59985
  -8.52972  -8.69181  -8.75541  -8.76537  -8.73294
  -8.61758  -8.82315  -8.90860  -8.91913  -8.87800
  -8.70471  -8.95782  -9.06766  -9.07950  -9.02937
  -8.78819  -9.09160  -9.22771  -9.24169  -9.18271
  -8.87225  -9.22652  -9.38938  -9.40580  -9.33815
  -8.96576  -9.36798  -9.55582  -9.57409  -9.49788
  -9.06213  -9.51095  -9.72314  -9.74334  -9.65892
  -9.11685  -9.62495  -9.87040  -9.89689  -9.80544
  -9.16365  -9.73108 -10.01137 -10.04673  -9.95055
  -9.26934  -9.87314 -10.17538 -10.21720 -10.11904
  -9.45730 -10.06780 -10.37415 -10.41725 -10.31880
  -9.67537 -10.28191 -10.58584 -10.62819 -10.52990
  -9.88019 -10.48747 -10.79185 -10.83434 -10.73602
 -10.08620 -10.69380 -10.99837 -11.04091 -10.94259
 -10.29384 -10.90117 -11.20558 -11.24808 -11.14976
 -10.50056 -11.10795 -11.41240 -11.45491 -11.35659
---------------------/ IGRD= 1  / JGRD= 2  /--------/ Z1= 5   / DATE= 16/11/93  
 -38.64067 -38.63163 -38.62644 -38.63557 -38.65862
 -38.70963 -38.70059 -38.69542 -38.70454 -38.72759
 -38.77826 -38.76923 -38.76403 -38.77316 -38.79622
 -38.84646 -38.83742 -38.83223 -38.84136 -38.86441
 -38.93087 -38.92184 -38.91666 -38.92578 -38.94883
 -38.29840 -38.28934 -38.28415 -38.29334 -38.31650
 -32.51791 -32.50866 -32.50346 -32.51315 -32.53726
 -24.42364 -24.41413 -24.40893 -24.41930 -24.44468
 -18.56745 -18.55782 -18.55265 -18.56345 -18.58963
 -16.05986 -16.05036 -16.04530 -16.05611 -16.08215
 -14.74230 -14.73328 -14.72852 -14.73888 -14.76375
 -13.36155 -13.35328 -13.34893 -13.35850 -13.38138
 -12.16117 -12.15364 -12.14967 -12.15833 -12.17911
 -11.38968 -11.38267 -11.37889 -11.38674 -11.40586
 -10.95053 -10.94390 -10.94027 -10.94753 -10.96554
 -10.67852 -10.67226 -10.66890 -10.67591 -10.69338
 -10.48018 -10.47431 -10.47132 -10.47843 -10.49584
 -10.35768 -10.35206 -10.34935 -10.35665 -10.37427
 -10.31779 -10.31219 -10.30954 -10.31697 -10.33494
 -10.34010 -10.33438 -10.33168 -10.33925 -10.35773
 -10.39240 -10.38656 -10.38386 -10.39172 -10.41094
 -10.46679 -10.46095 -10.45836 -10.46657 -10.48645
 -10.56381 -10.55822 -10.55593 -10.56438 -10.58439
 -10.67732 -10.67221 -10.67034 -10.67880 -10.69826
 -10.78601 -10.78123 -10.77961 -10.78793 -10.80673
 -10.89031 -10.88551 -10.88382 -10.89195 -10.91046
 -11.01919 -11.01413 -11.01218 -11.02020 -11.03880
 -11.21235 -11.20724 -11.20524 -11.21323 -11.23186
 -11.42699 -11.42191 -11.41994 -11.42794 -11.44656
 -11.63187 -11.62677 -11.62479 -11.63280 -11.65142
---------------------/ IGRD= 2  / JGRD= 1  /--------/ Z1= 5   / DATE= 16/11/93  
  -7.93879  -8.06685  -8.01977  -7.96778  -8.02322
  -8.00768  -8.13574  -8.08866  -8.03666  -8.09211
  -8.07664  -8.20470  -8.15762  -8.10563  -8.16107
  -8.14560  -8.27365  -8.22657  -8.17458  -8.23003
  -8.21484  -8.34292  -8.29584  -8.24385  -8.29930
  -8.27063  -8.39801  -8.35091  -8.29888  -8.35374
  -8.22818  -8.34997  -8.30267  -8.25025  -8.30021
  -8.13696  -8.25131  -8.20373  -8.15072  -8.19390
  -8.07857  -8.18837  -8.14060  -8.08704  -8.12554
  -8.07421  -8.18320  -8.13526  -8.08161  -8.11941
  -8.08760  -8.19674  -8.14839  -8.09566  -8.13673
  -8.09762  -8.20613  -8.15703  -8.10667  -8.15512
  -8.10829  -8.21545  -8.16529  -8.11906  -8.17955
  -8.12402  -8.22936  -8.17794  -8.13761  -8.21480
  -8.14418  -8.24744  -8.19456  -8.16136  -8.25862
  -8.16707  -8.26818  -8.21367  -8.18821  -8.30727
  -8.19250  -8.29154  -8.23529  -8.21771  -8.35937
  -8.22200  -8.31920  -8.26107  -8.25146  -8.41625
  -8.25553  -8.35132  -8.29135  -8.28954  -8.47732
  -8.28930  -8.38460  -8.32314  -8.32831  -8.53699
  -8.31952  -8.41571  -8.35342  -8.36404  -8.58936
  -8.34999  -8.44823  -8.38567  -8.40003  -8.63741
  -8.39301  -8.49378  -8.43113  -8.44767  -8.69317
  -8.44308  -8.54711  -8.48458  -8.50146  -8.75066
  -8.45846  -8.56862  -8.50734  -8.52168  -8.76723
  -8.44632  -8.56524  -8.50643  -8.51583  -8.75126
  -8.47933  -8.60596  -8.54959  -8.55431  -8.77933
  -8.65524  -8.78328  -8.72737  -8.73122  -8.95426
  -8.87958  -9.00683  -8.95067  -8.95500  -9.17915
  -9.08191  -9.20936  -9.15326  -9.15747  -9.38133
