    4    5   35    1    4     /BERYLLIUM          /GCR PROJECT                 
================================================================================
  11.00000  12.00000  13.00000  14.00000  15.00000
   0.00000   0.13535   0.27071   0.40606   0.54142   0.67677   0.81213   0.94748
   1.08284   1.21819   1.35355   1.48890   1.62426   1.75961   1.89497   2.03032
   2.16568   2.30103   2.43638   2.57174   2.70709   2.84245   2.97780   3.11316
   3.24851   3.38387   3.51922   3.65458   3.78993   3.92529   4.06064   4.19600
   4.33135   4.46671   4.60206
---------------------/ IGRD= 1  / IPRT= 1  /--------/ Z1= 1   / DATE= 23/02/06  
 -10.56906 -10.31369  -9.91025  -9.54398  -9.24670
  -9.63945  -9.43747  -9.10505  -8.79464  -8.54649
  -8.96651  -8.80925  -8.54249  -8.28189  -8.07274
  -8.47252  -8.34708  -8.13324  -7.91387  -7.72824
  -8.10332  -8.00068  -7.82452  -7.63464  -7.45903
  -7.82496  -7.73921  -7.58797  -7.41567  -7.23954
  -7.61605  -7.54092  -7.40598  -7.24241  -7.05768
  -7.45834  -7.39070  -7.26537  -7.10505  -6.91076
  -7.34042  -7.27824  -7.15928  -6.99898  -6.79584
  -7.25470  -7.19640  -7.08342  -6.92171  -6.70975
  -7.19458  -7.14010  -7.03304  -6.87020  -6.65019
  -7.15551  -7.10503  -7.00384  -6.84076  -6.61256
  -7.13403  -7.08743  -6.99214  -6.82918  -6.59213
  -7.12695  -7.08413  -6.99491  -6.83127  -6.58616
  -7.13281  -7.09377  -7.00996  -6.84527  -6.59362
  -7.15019  -7.11458  -7.03555  -6.87097  -6.61198
  -7.17596  -7.14306  -7.06915  -6.90652  -6.63697
  -7.20584  -7.17568  -7.10655  -6.94549  -6.66720
  -7.23740  -7.21032  -7.14550  -6.98491  -6.70098
  -7.27013  -7.24625  -7.18579  -7.02539  -6.73635
  -7.30374  -7.28310  -7.22707  -7.06687  -6.77280
  -7.33801  -7.32061  -7.26904  -7.10912  -6.81009
  -7.37276  -7.35860  -7.31153  -7.15190  -6.84795
  -7.40786  -7.39694  -7.35439  -7.19506  -6.88624
  -7.44322  -7.43556  -7.39752  -7.23852  -6.92484
  -7.47875  -7.47437  -7.44085  -7.28220  -6.96367
  -7.51443  -7.51332  -7.48433  -7.32602  -7.00267
  -7.55021  -7.55238  -7.52791  -7.36996  -7.04178
  -7.58606  -7.59151  -7.57157  -7.41399  -7.08098
  -7.62197  -7.63070  -7.61529  -7.45808  -7.12026
  -7.65791  -7.66992  -7.65903  -7.50219  -7.15956
  -7.69384  -7.70914  -7.70278  -7.54630  -7.19886
  -7.72978  -7.74837  -7.74653  -7.59040  -7.23817
  -7.76571  -7.78759  -7.79027  -7.63451  -7.27747
  -7.80165  -7.82681  -7.83402  -7.67862  -7.31677
---------------------/ IGRD= 1  / IPRT= 1  /--------/ Z1= 2   / DATE= 23/02/06  
 -14.87609 -14.56306 -14.24035 -13.95948 -13.17905
 -13.12446 -12.83701 -12.54449 -12.25498 -11.40144
 -11.81939 -11.56322 -11.29630 -10.99334 -10.13217
 -10.83199 -10.61590 -10.37513 -10.06592  -9.23272
 -10.07429  -9.89979  -9.68863  -9.38359  -8.59375
  -9.48988  -9.35126  -9.17137  -8.87974  -8.13815
  -9.04104  -8.93123  -8.77956  -8.50791  -7.81446
  -8.70009  -8.61179  -8.48258  -8.23216  -7.58334
  -8.44208  -8.36945  -8.25776  -8.02765  -7.41714
  -8.24735  -8.18627  -8.08880  -7.87712  -7.29873
  -8.10399  -8.05131  -7.96499  -7.76814  -7.21951
  -8.00082  -7.95546  -7.87637  -7.69238  -7.16800
  -7.92926  -7.89002  -7.81554  -7.64312  -7.13573
  -7.88457  -7.84653  -7.77862  -7.61358  -7.12221
  -7.85841  -7.82183  -7.75867  -7.60189  -7.12472
  -7.84566  -7.81330  -7.75228  -7.60519  -7.13974
  -7.84682  -7.81677  -7.75999  -7.61817  -7.16509
  -7.85923  -7.83057  -7.77596  -7.63986  -7.19954
  -7.87954  -7.85254  -7.79776  -7.66926  -7.24122
  -7.90525  -7.88024  -7.82664  -7.70498  -7.28808
  -7.93738  -7.91325  -7.86248  -7.74591  -7.34020
  -7.97468  -7.95059  -7.90262  -7.79061  -7.39798
  -8.01373  -7.99040  -7.94350  -7.83737  -7.46065
  -8.05285  -8.03069  -7.98479  -7.88504  -7.52476
  -8.09169  -8.07083  -8.02640  -7.93310  -7.58905
  -8.13035  -8.11083  -8.06810  -7.98138  -7.65367
  -8.16851  -8.15040  -8.10967  -8.02965  -7.71835
  -8.20603  -8.18941  -8.15099  -8.07780  -7.78298
  -8.24271  -8.22767  -8.19188  -8.12567  -7.84745
  -8.27832  -8.26496  -8.23219  -8.17311  -7.91164
  -8.31346  -8.30182  -8.27223  -8.22035  -7.97570
  -8.34857  -8.33864  -8.31226  -8.26758  -8.03975
  -8.38367  -8.37547  -8.35229  -8.31481  -8.10380
  -8.41878  -8.41230  -8.39232  -8.36204  -8.16785
  -8.45389  -8.44913  -8.43235  -8.40927  -8.23190
---------------------/ IGRD= 1  / IPRT= 1  /--------/ Z1= 3   / DATE= 23/02/06  
 -68.20176 -67.99470 -67.76015 -67.48636 -67.06278
 -57.95145 -57.65019 -57.30372 -56.90917 -56.28843
 -44.26072 -44.04272 -43.78105 -43.49423 -42.98733
 -34.23516 -34.07047 -33.86587 -33.64726 -33.24032
 -27.66947 -27.53102 -27.35541 -27.16018 -26.79954
 -22.57933 -22.47906 -22.34503 -22.18455 -21.87402
 -18.85911 -18.78365 -18.67802 -18.54761 -18.28889
 -16.12065 -16.06591 -15.98550 -15.88603 -15.67661
 -14.09542 -14.05807 -14.00089 -13.93003 -13.76997
 -12.61933 -12.59324 -12.55385 -12.50469 -12.39299
 -11.55441 -11.53665 -11.51085 -11.47980 -11.40405
 -10.79255 -10.78133 -10.76514 -10.74586 -10.69563
 -10.24983 -10.24306 -10.23272 -10.21769 -10.18651
  -9.85944  -9.85505  -9.84824  -9.83671  -9.81340
  -9.57248  -9.56957  -9.56481  -9.55528  -9.53503
  -9.35501  -9.35313  -9.34937  -9.33996  -9.32343
  -9.18716  -9.18535  -9.18196  -9.17404  -9.15984
  -9.05765  -9.05604  -9.05299  -9.04657  -9.03429
  -8.95883  -8.95777  -8.95547  -8.94971  -8.93957
  -8.88572  -8.88501  -8.88356  -8.87812  -8.87001
  -8.83388  -8.83351  -8.83119  -8.82698  -8.81980
  -8.80061  -8.80027  -8.79698  -8.79425  -8.78734
  -8.78438  -8.78337  -8.78186  -8.77914  -8.77315
  -8.78278  -8.78110  -8.78096  -8.77779  -8.77299
  -8.79018  -8.78880  -8.78853  -8.78528  -8.78158
  -8.80118  -8.80126  -8.80021  -8.79731  -8.79459
  -8.81463  -8.81627  -8.81444  -8.81178  -8.81008
  -8.82986  -8.83299  -8.83044  -8.82790  -8.82724
  -8.84641  -8.85105  -8.84774  -8.84536  -8.84571
  -8.86399  -8.87014  -8.86607  -8.86382  -8.86517
  -8.88199  -8.88965  -8.88481  -8.88270  -8.88503
  -8.90000  -8.90917  -8.90357  -8.90159  -8.90491
  -8.91802  -8.92870  -8.92234  -8.92048  -8.92479
  -8.93604  -8.94822  -8.94110  -8.93937  -8.94467
  -8.95406  -8.96775  -8.95987  -8.95827  -8.96455
---------------------/ IGRD= 1  / IPRT= 1  /--------/ Z1= 4   / DATE= 23/02/06  
 -73.15940 -73.16105 -73.16358 -73.16578 -73.16761
 -67.92488 -67.92393 -67.92237 -67.92122 -67.92060
 -54.75136 -54.74821 -54.74340 -54.73927 -54.73592
 -44.06805 -44.06674 -44.06929 -44.06676 -44.05750
 -36.63751 -36.53696 -36.42641 -36.29212 -36.12423
 -30.22550 -29.99438 -29.73171 -29.43177 -29.07823
 -24.83119 -24.62982 -24.40410 -24.15132 -23.86223
 -20.60311 -20.49542 -20.36351 -20.19995 -20.00082
 -17.56260 -17.51323 -17.43443 -17.31597 -17.15422
 -15.50257 -15.45266 -15.37678 -15.26813 -15.12322
 -13.97450 -13.92727 -13.85894 -13.76148 -13.63504
 -12.77297 -12.74087 -12.69029 -12.61429 -12.51115
 -11.85051 -11.82983 -11.79192 -11.73808 -11.65758
 -11.17354 -11.15877 -11.12964 -11.08838 -11.02637
 -10.68025 -10.66827 -10.64642 -10.61233 -10.56262
 -10.30844 -10.29879 -10.28270 -10.25590 -10.21373
 -10.02327 -10.01607 -10.00286  -9.98191  -9.94646
  -9.80873  -9.80319  -9.79199  -9.77527  -9.74635
  -9.65105  -9.64609  -9.63728  -9.62333  -9.59997
  -9.53730  -9.53250  -9.52601  -9.51383  -9.49395
  -9.45733  -9.45344  -9.44743  -9.43686  -9.41925
  -9.40386  -9.40115  -9.39492  -9.38573  -9.36991
  -9.37217  -9.36960  -9.36486  -9.35626  -9.34186
  -9.35913  -9.35654  -9.35276  -9.34465  -9.33115
  -9.36085  -9.35850  -9.35482  -9.34741  -9.33447
  -9.37437  -9.37233  -9.36869  -9.36207  -9.34958
  -9.39916  -9.39722  -9.39329  -9.38740  -9.37522
  -9.43058  -9.42878  -9.42444  -9.41907  -9.40735
  -9.46456  -9.46310  -9.45845  -9.45338  -9.44240
  -9.50012  -9.49899  -9.49402  -9.48927  -9.47901
  -9.53630  -9.53546  -9.53016  -9.52574  -9.51617
  -9.57250  -9.57195  -9.56632  -9.56224  -9.55335
  -9.60871  -9.60845  -9.60248  -9.59874  -9.59054
  -9.64491  -9.64494  -9.63864  -9.63525  -9.62772
  -9.68111  -9.68144  -9.67480  -9.67175  -9.66491
