demo -demo- #11111 t=100
 Param|Time  |  Value  |   Error
|-----|------|---------|--------
NA1              100       
AB               2.9108       
AWALL            3.0521          
RTOR             9  
ELONM            1.7013          
TRICH            0.3830         
ABC      0.0000   2.9032  
ELONG    0.0000   1.7013        
TRIAN    0.0000   0.3830        
SHIFT    0.0000   0.00000        
UPDWN    0.0000   0.0000        
IPL      0.0000 19.      
BTOR     0.0000   5.7        
ZRD1     0.0000   0.00000        
ZRD12     0.0000   0.20000        
ZRD13     0.0000   0.20000        
ZMJ              1.     
AMJ              2.     
ZRD16     0.0000   4     
ZRD17     0.0000   9     
ZRD2            0.9000        
ZRD3            11111        
ZRD4            100.000        
 

!Total radiation 
NAMEXP ZRD11 NTIMES 1 
 0.0000 
  139.20000  

!Dummy1 
NAMEXP ZRD41 NTIMES 1 
 0.0000  
 0.03333  

!Dummy2 
NAMEXP ZRD42 NTIMES 1 
 0.0000  
 45.20000  

!dummy3 
NAMEXP ZRD43 NTIMES 1 
 0.0000  
 0.00100  

!dummy4 
NAMEXP ZRD44 NTIMES 1 
 0.0000  
 0.03539  

!dummy5 
NAMEXP ZRD45 NTIMES 1 
 0.0000  
 0.06000  

!dummy6 
NAMEXP ZRD46 NTIMES 1 
 0.0000  
 0.12000  

!dummy7 
NAMEXP ZRD47 NTIMES 1 
 0.0000  
 1.00000  

!dummy8 
NAMEXP ZRD48 NTIMES 1 
 0.0000  
 0.20000  

!dummy9 
NAMEXP ZRD39 NTIMES 1 
 0.0000  
 0.30000  

!Zeff profile loading 
POINTS 151    GRIDTYPE 12    NAMEXP ZEF   NTIMES 1 
 0.0000  
  0.00000 
   0.08165 
   0.11547 
   0.14142 
   0.16330 
   0.18257 
   0.20000 
   0.21602 
   0.23094 
   0.24495 
   0.25820 
   0.27080 
   0.28284 
   0.29439 
   0.30551 
   0.31623 
   0.32660 
   0.33665 
   0.34641 
   0.35590 
   0.36515 
   0.37417 
   0.38297 
   0.39158 
   0.40000 
   0.40825 
   0.41633 
   0.42426 
   0.43205 
   0.43970 
   0.44721 
   0.45461 
   0.46188 
   0.46904 
   0.47610 
   0.48305 
   0.48990 
   0.49666 
   0.50332 
   0.50990 
   0.51640 
   0.52281 
   0.52915 
   0.53541 
   0.54160 
   0.54772 
   0.55377 
   0.55976 
   0.56569 
   0.57155 
   0.57735 
   0.58310 
   0.58878 
   0.59442 
   0.60000 
   0.60553 
   0.61101 
   0.61644 
   0.62183 
   0.62716 
   0.63246 
   0.63770 
   0.64291 
   0.64807 
   0.65320 
   0.65828 
   0.66332 
   0.66833 
   0.67330 
   0.67823 
   0.68313 
   0.68799 
   0.69282 
   0.69761 
   0.70238 
   0.70711 
   0.71181 
   0.71647 
   0.72111 
   0.72572 
   0.73030 
   0.73485 
   0.73937 
   0.74386 
   0.74833 
   0.75277 
   0.75719 
   0.76158 
   0.76594 
   0.77028 
   0.77460 
   0.77889 
   0.78316 
   0.78740 
   0.79162 
   0.79582 
   0.80000 
   0.80416 
   0.80829 
   0.81240 
   0.81650 
   0.82057 
   0.82462 
   0.82865 
   0.83267 
   0.83666 
   0.84063 
   0.84459 
   0.84853 
   0.85245 
   0.85635 
   0.86023 
   0.86410 
   0.86795 
   0.87178 
   0.87560 
   0.87939 
   0.88318 
   0.88694 
   0.89069 
   0.89443 
   0.89815 
   0.90185 
   0.90554 
   0.90921 
   0.91287 
   0.91652 
   0.92014 
   0.92376 
   0.92736 
   0.93095 
   0.93452 
   0.93808 
   0.94163 
   0.94516 
   0.94868 
   0.95219 
   0.95568 
   0.95917 
   0.96264 
   0.96609 
   0.96954 
   0.97297 
   0.97639 
   0.97980 
   0.98319 
   0.98658 
   0.98995 
   0.99331 
   0.99666 
   1.00000 
  
1.0067 1.0067 1.0133 1.0200  
1.0267 1.0333 1.0400 1.0467  
1.0533 1.0600 1.0667 1.0733  
1.0800 1.0867 1.0933 1.1000  
1.1067 1.1133 1.1200 1.1267  
1.1333 1.1400 1.1467 1.1533  
1.1600 1.1667 1.1733 1.1800  
1.1867 1.1933 1.2000 1.2067  
1.2133 1.2200 1.2267 1.2333  
1.2400 1.2467 1.2533 1.2600  
1.2667 1.2733 1.2800 1.2867  
1.2933 1.3000 1.3067 1.3133  
1.3200 1.3267 1.3333 1.3400  
1.3467 1.3533 1.3600 1.3667  
1.3733 1.3800 1.3867 1.3933  
1.4000 1.4067 1.4133 1.4200  
1.4267 1.4333 1.4400 1.4467  
1.4533 1.4600 1.4667 1.4733  
1.4800 1.4867 1.4933 1.5000  
1.5067 1.5133 1.5200 1.5267  
1.5333 1.5400 1.5467 1.5533  
1.5600 1.5667 1.5733 1.5800  
1.5867 1.5933 1.6000 1.6067  
1.6133 1.6200 1.6267 1.6333  
1.6400 1.6467 1.6533 1.6600  
1.6667 1.6733 1.6800 1.6867  
1.6933 1.7000 1.7067 1.7133  
1.7200 1.7267 1.7333 1.7400  
1.7467 1.7533 1.7600 1.7667  
1.7733 1.7800 1.7867 1.7933  
1.8000 1.8067 1.8133 1.8200  
1.8267 1.8333 1.8400 1.8467  
1.8533 1.8600 1.8667 1.8733  
1.8800 1.8867 1.8933 1.9000  
1.9067 1.9133 1.9200 1.9267  
1.9333 1.9400 1.9467 1.9533  
1.9600 1.9667 1.9733 1.9800  
1.9867 1.9933 2.0000  
 

!Electron density loading  
POINTS 151    GRIDTYPE 12    NAMEXP NE   NTIMES 1 
 0.0000  
  0.00000 
   0.08165 
   0.11547 
   0.14142 
   0.16330 
   0.18257 
   0.20000 
   0.21602 
   0.23094 
   0.24495 
   0.25820 
   0.27080 
   0.28284 
   0.29439 
   0.30551 
   0.31623 
   0.32660 
   0.33665 
   0.34641 
   0.35590 
   0.36515 
   0.37417 
   0.38297 
   0.39158 
   0.40000 
   0.40825 
   0.41633 
   0.42426 
   0.43205 
   0.43970 
   0.44721 
   0.45461 
   0.46188 
   0.46904 
   0.47610 
   0.48305 
   0.48990 
   0.49666 
   0.50332 
   0.50990 
   0.51640 
   0.52281 
   0.52915 
   0.53541 
   0.54160 
   0.54772 
   0.55377 
   0.55976 
   0.56569 
   0.57155 
   0.57735 
   0.58310 
   0.58878 
   0.59442 
   0.60000 
   0.60553 
   0.61101 
   0.61644 
   0.62183 
   0.62716 
   0.63246 
   0.63770 
   0.64291 
   0.64807 
   0.65320 
   0.65828 
   0.66332 
   0.66833 
   0.67330 
   0.67823 
   0.68313 
   0.68799 
   0.69282 
   0.69761 
   0.70238 
   0.70711 
   0.71181 
   0.71647 
   0.72111 
   0.72572 
   0.73030 
   0.73485 
   0.73937 
   0.74386 
   0.74833 
   0.75277 
   0.75719 
   0.76158 
   0.76594 
   0.77028 
   0.77460 
   0.77889 
   0.78316 
   0.78740 
   0.79162 
   0.79582 
   0.80000 
   0.80416 
   0.80829 
   0.81240 
   0.81650 
   0.82057 
   0.82462 
   0.82865 
   0.83267 
   0.83666 
   0.84063 
   0.84459 
   0.84853 
   0.85245 
   0.85635 
   0.86023 
   0.86410 
   0.86795 
   0.87178 
   0.87560 
   0.87939 
   0.88318 
   0.88694 
   0.89069 
   0.89443 
   0.89815 
   0.90185 
   0.90554 
   0.90921 
   0.91287 
   0.91652 
   0.92014 
   0.92376 
   0.92736 
   0.93095 
   0.93452 
   0.93808 
   0.94163 
   0.94516 
   0.94868 
   0.95219 
   0.95568 
   0.95917 
   0.96264 
   0.96609 
   0.96954 
   0.97297 
   0.97639 
   0.97980 
   0.98319 
   0.98658 
   0.98995 
   0.99331 
   0.99666 
   1.00000 
 8.2748 8.1313 8.0719 8.0263  
7.9878 7.9539 7.9233 7.8951  
7.8689 7.8443 7.8210 7.7989  
7.7777 7.7574 7.7379 7.7190  
7.7008 7.6831 7.6660 7.6493  
7.6331 7.6172 7.6017 7.5866  
7.5718 7.5573 7.5431 7.5292  
7.5155 7.5020 7.4888 7.4758  
7.4630 7.4505 7.4381 7.4258  
7.4138 7.4019 7.3902 7.3786  
7.3672 7.3559 7.3448 7.3338  
7.3229 7.3122 7.3015 7.2910  
7.2806 7.2703 7.2601 7.2500  
7.2400 7.2301 7.2203 7.2106  
7.2009 7.1914 7.1819 7.1725  
7.1632 7.1540 7.1449 7.1358  
7.1268 7.1179 7.1090 7.1002  
7.0915 7.0828 7.0742 7.0656  
7.0571 7.0487 7.0404 7.0320  
7.0238 7.0156 7.0074 6.9993  
6.9913 6.9833 6.9753 6.9674  
6.9596 6.9518 6.9440 6.9363  
6.9286 6.9210 6.9134 6.9059  
6.8984 6.8909 6.8835 6.8761  
6.8688 6.8615 6.8542 6.8470  
6.8398 6.8326 6.8255 6.8184  
6.8114 6.8043 6.7974 6.7904  
6.7835 6.7766 6.7697 6.7629  
6.7561 6.7494 6.7426 6.7359  
6.7292 6.7226 6.7160 6.7094  
6.7028 6.6963 6.6898 6.6833  
6.6768 6.6704 6.6640 6.6576  
6.6513 6.6449 6.6386 6.6323  
6.6261 6.6199 6.4657 6.3116  
6.1575 6.0034 5.8493 5.6952  
5.5411 5.3870 5.2329 5.0788  
4.9247 4.7705 4.6164 4.4623  
4.3082 4.1541 4.0000  
 

!Electron temperature loading on rhotcv variable 
POINTS 151    GRIDTYPE 12    NAMEXP TE   NTIMES 1 
 0.0000  
  0.00000 
   0.08165 
   0.11547 
   0.14142 
   0.16330 
   0.18257 
   0.20000 
   0.21602 
   0.23094 
   0.24495 
   0.25820 
   0.27080 
   0.28284 
   0.29439 
   0.30551 
   0.31623 
   0.32660 
   0.33665 
   0.34641 
   0.35590 
   0.36515 
   0.37417 
   0.38297 
   0.39158 
   0.40000 
   0.40825 
   0.41633 
   0.42426 
   0.43205 
   0.43970 
   0.44721 
   0.45461 
   0.46188 
   0.46904 
   0.47610 
   0.48305 
   0.48990 
   0.49666 
   0.50332 
   0.50990 
   0.51640 
   0.52281 
   0.52915 
   0.53541 
   0.54160 
   0.54772 
   0.55377 
   0.55976 
   0.56569 
   0.57155 
   0.57735 
   0.58310 
   0.58878 
   0.59442 
   0.60000 
   0.60553 
   0.61101 
   0.61644 
   0.62183 
   0.62716 
   0.63246 
   0.63770 
   0.64291 
   0.64807 
   0.65320 
   0.65828 
   0.66332 
   0.66833 
   0.67330 
   0.67823 
   0.68313 
   0.68799 
   0.69282 
   0.69761 
   0.70238 
   0.70711 
   0.71181 
   0.71647 
   0.72111 
   0.72572 
   0.73030 
   0.73485 
   0.73937 
   0.74386 
   0.74833 
   0.75277 
   0.75719 
   0.76158 
   0.76594 
   0.77028 
   0.77460 
   0.77889 
   0.78316 
   0.78740 
   0.79162 
   0.79582 
   0.80000 
   0.80416 
   0.80829 
   0.81240 
   0.81650 
   0.82057 
   0.82462 
   0.82865 
   0.83267 
   0.83666 
   0.84063 
   0.84459 
   0.84853 
   0.85245 
   0.85635 
   0.86023 
   0.86410 
   0.86795 
   0.87178 
   0.87560 
   0.87939 
   0.88318 
   0.88694 
   0.89069 
   0.89443 
   0.89815 
   0.90185 
   0.90554 
   0.90921 
   0.91287 
   0.91652 
   0.92014 
   0.92376 
   0.92736 
   0.93095 
   0.93452 
   0.93808 
   0.94163 
   0.94516 
   0.94868 
   0.95219 
   0.95568 
   0.95917 
   0.96264 
   0.96609 
   0.96954 
   0.97297 
   0.97639 
   0.97980 
   0.98319 
   0.98658 
   0.98995 
   0.99331 
   0.99666 
   1.00000 
  
30.5000 28.3322 27.4343 26.7453  
26.1645 25.6527 25.1901 24.7646  
24.3686 23.9967 23.6449 23.3103  
22.9906 22.6840 22.3889 22.1042  
21.8289 21.5620 21.3029 21.0509  
20.8054 20.5660 20.3322 20.1037  
19.8801 19.6611 19.4465 19.2359  
19.0292 18.8262 18.6266 18.4303  
18.2372 18.0471 17.8598 17.6753  
17.4934 17.3139 17.1369 16.9622  
16.7898 16.6195 16.4512 16.2849  
16.1206 15.9581 15.7974 15.6385  
15.4812 15.3256 15.1715 15.0190  
14.8680 14.7184 14.5702 14.4234  
14.2779 14.1337 13.9907 13.8490  
13.7085 13.5691 13.4309 13.2938  
13.1578 13.0228 12.8889 12.7560  
12.6241 12.4931 12.3631 12.2340  
12.1058 11.9785 11.8521 11.7265  
11.6018 11.4779 11.3547 11.2324  
11.1108 10.9900 10.8700 10.7506  
10.6320 10.5141 10.3969 10.2803  
10.1645 10.0493 9.9347 9.8207  
9.7074 9.5947 9.4826 9.3711  
9.2602 9.1499 9.0401 8.9309  
8.8223 8.7141 8.6065 8.4995  
8.3929 8.2869 8.1814 8.0764  
7.9718 7.8678 7.7642 7.6611  
7.5584 7.4562 7.3545 7.2532  
7.1523 7.0519 6.9519 6.8524  
6.7532 6.6545 6.5561 6.4582  
6.3607 6.2635 6.1668 6.0704  
5.9744 5.8788 5.7836 5.6887  
5.5942 5.5000 5.1941 4.8882  
4.5824 4.2765 3.9706 3.6647  
3.3588 3.0529 2.7471 2.4412  
2.1353 1.8294 1.5235 1.2176  
0.9118 0.6059 0.3000  
 

!Ion temperature loading  
POINTS 151    GRIDTYPE 12    NAMEXP TI   NTIMES 1 
 0.0000  
  0.00000 
   0.08165 
   0.11547 
   0.14142 
   0.16330 
   0.18257 
   0.20000 
   0.21602 
   0.23094 
   0.24495 
   0.25820 
   0.27080 
   0.28284 
   0.29439 
   0.30551 
   0.31623 
   0.32660 
   0.33665 
   0.34641 
   0.35590 
   0.36515 
   0.37417 
   0.38297 
   0.39158 
   0.40000 
   0.40825 
   0.41633 
   0.42426 
   0.43205 
   0.43970 
   0.44721 
   0.45461 
   0.46188 
   0.46904 
   0.47610 
   0.48305 
   0.48990 
   0.49666 
   0.50332 
   0.50990 
   0.51640 
   0.52281 
   0.52915 
   0.53541 
   0.54160 
   0.54772 
   0.55377 
   0.55976 
   0.56569 
   0.57155 
   0.57735 
   0.58310 
   0.58878 
   0.59442 
   0.60000 
   0.60553 
   0.61101 
   0.61644 
   0.62183 
   0.62716 
   0.63246 
   0.63770 
   0.64291 
   0.64807 
   0.65320 
   0.65828 
   0.66332 
   0.66833 
   0.67330 
   0.67823 
   0.68313 
   0.68799 
   0.69282 
   0.69761 
   0.70238 
   0.70711 
   0.71181 
   0.71647 
   0.72111 
   0.72572 
   0.73030 
   0.73485 
   0.73937 
   0.74386 
   0.74833 
   0.75277 
   0.75719 
   0.76158 
   0.76594 
   0.77028 
   0.77460 
   0.77889 
   0.78316 
   0.78740 
   0.79162 
   0.79582 
   0.80000 
   0.80416 
   0.80829 
   0.81240 
   0.81650 
   0.82057 
   0.82462 
   0.82865 
   0.83267 
   0.83666 
   0.84063 
   0.84459 
   0.84853 
   0.85245 
   0.85635 
   0.86023 
   0.86410 
   0.86795 
   0.87178 
   0.87560 
   0.87939 
   0.88318 
   0.88694 
   0.89069 
   0.89443 
   0.89815 
   0.90185 
   0.90554 
   0.90921 
   0.91287 
   0.91652 
   0.92014 
   0.92376 
   0.92736 
   0.93095 
   0.93452 
   0.93808 
   0.94163 
   0.94516 
   0.94868 
   0.95219 
   0.95568 
   0.95917 
   0.96264 
   0.96609 
   0.96954 
   0.97297 
   0.97639 
   0.97980 
   0.98319 
   0.98658 
   0.98995 
   0.99331 
   0.99666 
   1.00000 
  
30.5000 28.3322 27.4343 26.7453  
26.1645 25.6527 25.1901 24.7646  
24.3686 23.9967 23.6449 23.3103  
22.9906 22.6840 22.3889 22.1042  
21.8289 21.5620 21.3029 21.0509  
20.8054 20.5660 20.3322 20.1037  
19.8801 19.6611 19.4465 19.2359  
19.0292 18.8262 18.6266 18.4303  
18.2372 18.0471 17.8598 17.6753  
17.4934 17.3139 17.1369 16.9622  
16.7898 16.6195 16.4512 16.2849  
16.1206 15.9581 15.7974 15.6385  
15.4812 15.3256 15.1715 15.0190  
14.8680 14.7184 14.5702 14.4234  
14.2779 14.1337 13.9907 13.8490  
13.7085 13.5691 13.4309 13.2938  
13.1578 13.0228 12.8889 12.7560  
12.6241 12.4931 12.3631 12.2340  
12.1058 11.9785 11.8521 11.7265  
11.6018 11.4779 11.3547 11.2324  
11.1108 10.9900 10.8700 10.7506  
10.6320 10.5141 10.3969 10.2803  
10.1645 10.0493 9.9347 9.8207  
9.7074 9.5947 9.4826 9.3711  
9.2602 9.1499 9.0401 8.9309  
8.8223 8.7141 8.6065 8.4995  
8.3929 8.2869 8.1814 8.0764  
7.9718 7.8678 7.7642 7.6611  
7.5584 7.4562 7.3545 7.2532  
7.1523 7.0519 6.9519 6.8524  
6.7532 6.6545 6.5561 6.4582  
6.3607 6.2635 6.1668 6.0704  
5.9744 5.8788 5.7836 5.6887  
5.5942 5.5000 5.1941 4.8882  
4.5824 4.2765 3.9706 3.6647  
3.3588 3.0529 2.7471 2.4412  
2.1353 1.8294 1.5235 1.2176  
0.9118 0.6059 0.3000  
 

!Toroidal rotation velocity 
POINTS 151    GRIDTYPE 12    NAMEXP VTOR   NTIMES 1 
 0.0000  
  0.00000 
   0.08165 
   0.11547 
   0.14142 
   0.16330 
   0.18257 
   0.20000 
   0.21602 
   0.23094 
   0.24495 
   0.25820 
   0.27080 
   0.28284 
   0.29439 
   0.30551 
   0.31623 
   0.32660 
   0.33665 
   0.34641 
   0.35590 
   0.36515 
   0.37417 
   0.38297 
   0.39158 
   0.40000 
   0.40825 
   0.41633 
   0.42426 
   0.43205 
   0.43970 
   0.44721 
   0.45461 
   0.46188 
   0.46904 
   0.47610 
   0.48305 
   0.48990 
   0.49666 
   0.50332 
   0.50990 
   0.51640 
   0.52281 
   0.52915 
   0.53541 
   0.54160 
   0.54772 
   0.55377 
   0.55976 
   0.56569 
   0.57155 
   0.57735 
   0.58310 
   0.58878 
   0.59442 
   0.60000 
   0.60553 
   0.61101 
   0.61644 
   0.62183 
   0.62716 
   0.63246 
   0.63770 
   0.64291 
   0.64807 
   0.65320 
   0.65828 
   0.66332 
   0.66833 
   0.67330 
   0.67823 
   0.68313 
   0.68799 
   0.69282 
   0.69761 
   0.70238 
   0.70711 
   0.71181 
   0.71647 
   0.72111 
   0.72572 
   0.73030 
   0.73485 
   0.73937 
   0.74386 
   0.74833 
   0.75277 
   0.75719 
   0.76158 
   0.76594 
   0.77028 
   0.77460 
   0.77889 
   0.78316 
   0.78740 
   0.79162 
   0.79582 
   0.80000 
   0.80416 
   0.80829 
   0.81240 
   0.81650 
   0.82057 
   0.82462 
   0.82865 
   0.83267 
   0.83666 
   0.84063 
   0.84459 
   0.84853 
   0.85245 
   0.85635 
   0.86023 
   0.86410 
   0.86795 
   0.87178 
   0.87560 
   0.87939 
   0.88318 
   0.88694 
   0.89069 
   0.89443 
   0.89815 
   0.90185 
   0.90554 
   0.90921 
   0.91287 
   0.91652 
   0.92014 
   0.92376 
   0.92736 
   0.93095 
   0.93452 
   0.93808 
   0.94163 
   0.94516 
   0.94868 
   0.95219 
   0.95568 
   0.95917 
   0.96264 
   0.96609 
   0.96954 
   0.97297 
   0.97639 
   0.97980 
   0.98319 
   0.98658 
   0.98995 
   0.99331 
   0.99666 
   1.00000 
  
0.0000 0.0000 0.0000 0.0000  
0.0000 0.0000 0.0000 0.0000  
0.0000 0.0000 0.0000 0.0000  
0.0000 0.0000 0.0000 0.0000  
0.0000 0.0000 0.0000 0.0000  
0.0000 0.0000 0.0000 0.0000  
0.0000 0.0000 0.0000 0.0000  
0.0000 0.0000 0.0000 0.0000  
0.0000 0.0000 0.0000 0.0000  
0.0000 0.0000 0.0000 0.0000  
0.0000 0.0000 0.0000 0.0000  
0.0000 0.0000 0.0000 0.0000  
0.0000 0.0000 0.0000 0.0000  
0.0000 0.0000 0.0000 0.0000  
0.0000 0.0000 0.0000 0.0000  
0.0000 0.0000 0.0000 0.0000  
0.0000 0.0000 0.0000 0.0000  
0.0000 0.0000 0.0000 0.0000  
0.0000 0.0000 0.0000 0.0000  
0.0000 0.0000 0.0000 0.0000  
0.0000 0.0000 0.0000 0.0000  
0.0000 0.0000 0.0000 0.0000  
0.0000 0.0000 0.0000 0.0000  
0.0000 0.0000 0.0000 0.0000  
0.0000 0.0000 0.0000 0.0000  
0.0000 0.0000 0.0000 0.0000  
0.0000 0.0000 0.0000 0.0000  
0.0000 0.0000 0.0000 0.0000  
0.0000 0.0000 0.0000 0.0000  
0.0000 0.0000 0.0000 0.0000  
0.0000 0.0000 0.0000 0.0000  
0.0000 0.0000 0.0000 0.0000  
0.0000 0.0000 0.0000 0.0000  
0.0000 0.0000 0.0000 0.0000  
0.0000 0.0000 0.0000 0.0000  
0.0000 0.0000 0.0000 0.0000  
0.0000 0.0000 0.0000 0.0000  
0.0000 0.0000 0.0000  
 

!Chi_e 
POINTS 151    GRIDTYPE 12   NAMEXP CAR1   FILTER 1.000000e-03   NTIMES 1 
 0.0000  
  0.00000 
   0.08165 
   0.11547 
   0.14142 
   0.16330 
   0.18257 
   0.20000 
   0.21602 
   0.23094 
   0.24495 
   0.25820 
   0.27080 
   0.28284 
   0.29439 
   0.30551 
   0.31623 
   0.32660 
   0.33665 
   0.34641 
   0.35590 
   0.36515 
   0.37417 
   0.38297 
   0.39158 
   0.40000 
   0.40825 
   0.41633 
   0.42426 
   0.43205 
   0.43970 
   0.44721 
   0.45461 
   0.46188 
   0.46904 
   0.47610 
   0.48305 
   0.48990 
   0.49666 
   0.50332 
   0.50990 
   0.51640 
   0.52281 
   0.52915 
   0.53541 
   0.54160 
   0.54772 
   0.55377 
   0.55976 
   0.56569 
   0.57155 
   0.57735 
   0.58310 
   0.58878 
   0.59442 
   0.60000 
   0.60553 
   0.61101 
   0.61644 
   0.62183 
   0.62716 
   0.63246 
   0.63770 
   0.64291 
   0.64807 
   0.65320 
   0.65828 
   0.66332 
   0.66833 
   0.67330 
   0.67823 
   0.68313 
   0.68799 
   0.69282 
   0.69761 
   0.70238 
   0.70711 
   0.71181 
   0.71647 
   0.72111 
   0.72572 
   0.73030 
   0.73485 
   0.73937 
   0.74386 
   0.74833 
   0.75277 
   0.75719 
   0.76158 
   0.76594 
   0.77028 
   0.77460 
   0.77889 
   0.78316 
   0.78740 
   0.79162 
   0.79582 
   0.80000 
   0.80416 
   0.80829 
   0.81240 
   0.81650 
   0.82057 
   0.82462 
   0.82865 
   0.83267 
   0.83666 
   0.84063 
   0.84459 
   0.84853 
   0.85245 
   0.85635 
   0.86023 
   0.86410 
   0.86795 
   0.87178 
   0.87560 
   0.87939 
   0.88318 
   0.88694 
   0.89069 
   0.89443 
   0.89815 
   0.90185 
   0.90554 
   0.90921 
   0.91287 
   0.91652 
   0.92014 
   0.92376 
   0.92736 
   0.93095 
   0.93452 
   0.93808 
   0.94163 
   0.94516 
   0.94868 
   0.95219 
   0.95568 
   0.95917 
   0.96264 
   0.96609 
   0.96954 
   0.97297 
   0.97639 
   0.97980 
   0.98319 
   0.98658 
   0.98995 
   0.99331 
   0.99666 
   1.00000 
  
0.1540 0.1530 0.1519 0.1509  
0.1499 0.1489 0.1478 0.1468  
0.1458 0.1448 0.1437 0.1427  
0.1417 0.1407 0.1396 0.1386  
0.1376 0.1365 0.1355 0.1345  
0.1335 0.1324 0.1314 0.1304  
0.1294 0.1283 0.1273 0.1263  
0.1253 0.1242 0.1232 0.1222  
0.1211 0.1201 0.1191 0.1181  
0.1170 0.1160 0.1150 0.1140  
0.1129 0.1119 0.1109 0.1099  
0.1088 0.1078 0.1068 0.1057  
0.1047 0.1037 0.1027 0.1016  
0.1006 0.0996 0.0986 0.0975  
0.0965 0.0955 0.0945 0.0934  
0.0924 0.0914 0.0903 0.0893  
0.0883 0.0873 0.0862 0.0852  
0.0842 0.0832 0.0821 0.0811  
0.0801 0.0791 0.0780 0.0770  
0.0760 0.0749 0.0739 0.0729  
0.0719 0.0708 0.0698 0.0688  
0.0678 0.0667 0.0657 0.0647  
0.0637 0.0626 0.0616 0.0606  
0.0595 0.0585 0.0575 0.0565  
0.0554 0.0544 0.0534 0.0524  
0.0513 0.0503 0.0493 0.0483  
0.0472 0.0462 0.0452 0.0441  
0.0431 0.0421 0.0411 0.0400  
0.0390 0.0380 0.0370 0.0359  
0.0349 0.0339 0.0329 0.0318  
0.0308 0.0298 0.0287 0.0277  
0.0267 0.0257 0.0246 0.0236  
0.0226 0.0216 0.0205 0.0195  
0.0185 0.0175 0.0164 0.0154  
0.0144 0.0133 0.0123 0.0113  
0.0103 0.0092 0.0082 0.0072  
0.0062 0.0051 0.0041 0.0031  
0.0021 0.0010 0.0000  
 

!Chi_i 
POINTS 151    GRIDTYPE 12   NAMEXP CAR6   NTIMES 1 
 0.0000  
  0.00000 
   0.08165 
   0.11547 
   0.14142 
   0.16330 
   0.18257 
   0.20000 
   0.21602 
   0.23094 
   0.24495 
   0.25820 
   0.27080 
   0.28284 
   0.29439 
   0.30551 
   0.31623 
   0.32660 
   0.33665 
   0.34641 
   0.35590 
   0.36515 
   0.37417 
   0.38297 
   0.39158 
   0.40000 
   0.40825 
   0.41633 
   0.42426 
   0.43205 
   0.43970 
   0.44721 
   0.45461 
   0.46188 
   0.46904 
   0.47610 
   0.48305 
   0.48990 
   0.49666 
   0.50332 
   0.50990 
   0.51640 
   0.52281 
   0.52915 
   0.53541 
   0.54160 
   0.54772 
   0.55377 
   0.55976 
   0.56569 
   0.57155 
   0.57735 
   0.58310 
   0.58878 
   0.59442 
   0.60000 
   0.60553 
   0.61101 
   0.61644 
   0.62183 
   0.62716 
   0.63246 
   0.63770 
   0.64291 
   0.64807 
   0.65320 
   0.65828 
   0.66332 
   0.66833 
   0.67330 
   0.67823 
   0.68313 
   0.68799 
   0.69282 
   0.69761 
   0.70238 
   0.70711 
   0.71181 
   0.71647 
   0.72111 
   0.72572 
   0.73030 
   0.73485 
   0.73937 
   0.74386 
   0.74833 
   0.75277 
   0.75719 
   0.76158 
   0.76594 
   0.77028 
   0.77460 
   0.77889 
   0.78316 
   0.78740 
   0.79162 
   0.79582 
   0.80000 
   0.80416 
   0.80829 
   0.81240 
   0.81650 
   0.82057 
   0.82462 
   0.82865 
   0.83267 
   0.83666 
   0.84063 
   0.84459 
   0.84853 
   0.85245 
   0.85635 
   0.86023 
   0.86410 
   0.86795 
   0.87178 
   0.87560 
   0.87939 
   0.88318 
   0.88694 
   0.89069 
   0.89443 
   0.89815 
   0.90185 
   0.90554 
   0.90921 
   0.91287 
   0.91652 
   0.92014 
   0.92376 
   0.92736 
   0.93095 
   0.93452 
   0.93808 
   0.94163 
   0.94516 
   0.94868 
   0.95219 
   0.95568 
   0.95917 
   0.96264 
   0.96609 
   0.96954 
   0.97297 
   0.97639 
   0.97980 
   0.98319 
   0.98658 
   0.98995 
   0.99331 
   0.99666 
   1.00000 
  
0.0000 0.0000 0.0000 0.0000  
0.0000 0.0000 0.0000 0.0000  
0.0000 0.0000 0.0000 0.0000  
0.0000 0.0000 0.0000 0.0000  
0.0000 0.0000 0.0000 0.0000  
0.0000 0.0000 0.0000 0.0000  
0.0000 0.0000 0.0000 0.0000  
0.0000 0.0000 0.0000 0.0000  
0.0000 0.0000 0.0000 0.0000  
0.0000 0.0000 0.0000 0.0000  
0.0000 0.0000 0.0000 0.0000  
0.0000 0.0000 0.0000 0.0000  
0.0000 0.0000 0.0000 0.0000  
0.0000 0.0000 0.0000 0.0000  
0.0000 0.0000 0.0000 0.0000  
0.0000 0.0000 0.0000 0.0000  
0.0000 0.0000 0.0000 0.0000  
0.0000 0.0000 0.0000 0.0000  
0.0000 0.0000 0.0000 0.0000  
0.0000 0.0000 0.0000 0.0000  
0.0000 0.0000 0.0000 0.0000  
0.0000 0.0000 0.0000 0.0000  
0.0000 0.0000 0.0000 0.0000  
0.0000 0.0000 0.0000 0.0000  
0.0000 0.0000 0.0000 0.0000  
0.0000 0.0000 0.0000 0.0000  
0.0000 0.0000 0.0000 0.0000  
0.0000 0.0000 0.0000 0.0000  
0.0000 0.0000 0.0000 0.0000  
0.0000 0.0000 0.0000 0.0000  
0.0000 0.0000 0.0000 0.0000  
0.0000 0.0000 0.0000 0.0000  
0.0000 0.0000 0.0000 0.0000  
0.0000 0.0000 0.0000 0.0000  
0.0000 0.0000 0.0000 0.0000  
0.0000 0.0000 0.0000 0.0000  
0.0000 0.0000 0.0000 0.0000  
0.0000 0.0000 0.0000  
 

!Dn 
POINTS 151    GRIDTYPE 12   NAMEXP CAR7   NTIMES 1 
 0.0000  
  0.00000 
   0.08165 
   0.11547 
   0.14142 
   0.16330 
   0.18257 
   0.20000 
   0.21602 
   0.23094 
   0.24495 
   0.25820 
   0.27080 
   0.28284 
   0.29439 
   0.30551 
   0.31623 
   0.32660 
   0.33665 
   0.34641 
   0.35590 
   0.36515 
   0.37417 
   0.38297 
   0.39158 
   0.40000 
   0.40825 
   0.41633 
   0.42426 
   0.43205 
   0.43970 
   0.44721 
   0.45461 
   0.46188 
   0.46904 
   0.47610 
   0.48305 
   0.48990 
   0.49666 
   0.50332 
   0.50990 
   0.51640 
   0.52281 
   0.52915 
   0.53541 
   0.54160 
   0.54772 
   0.55377 
   0.55976 
   0.56569 
   0.57155 
   0.57735 
   0.58310 
   0.58878 
   0.59442 
   0.60000 
   0.60553 
   0.61101 
   0.61644 
   0.62183 
   0.62716 
   0.63246 
   0.63770 
   0.64291 
   0.64807 
   0.65320 
   0.65828 
   0.66332 
   0.66833 
   0.67330 
   0.67823 
   0.68313 
   0.68799 
   0.69282 
   0.69761 
   0.70238 
   0.70711 
   0.71181 
   0.71647 
   0.72111 
   0.72572 
   0.73030 
   0.73485 
   0.73937 
   0.74386 
   0.74833 
   0.75277 
   0.75719 
   0.76158 
   0.76594 
   0.77028 
   0.77460 
   0.77889 
   0.78316 
   0.78740 
   0.79162 
   0.79582 
   0.80000 
   0.80416 
   0.80829 
   0.81240 
   0.81650 
   0.82057 
   0.82462 
   0.82865 
   0.83267 
   0.83666 
   0.84063 
   0.84459 
   0.84853 
   0.85245 
   0.85635 
   0.86023 
   0.86410 
   0.86795 
   0.87178 
   0.87560 
   0.87939 
   0.88318 
   0.88694 
   0.89069 
   0.89443 
   0.89815 
   0.90185 
   0.90554 
   0.90921 
   0.91287 
   0.91652 
   0.92014 
   0.92376 
   0.92736 
   0.93095 
   0.93452 
   0.93808 
   0.94163 
   0.94516 
   0.94868 
   0.95219 
   0.95568 
   0.95917 
   0.96264 
   0.96609 
   0.96954 
   0.97297 
   0.97639 
   0.97980 
   0.98319 
   0.98658 
   0.98995 
   0.99331 
   0.99666 
   1.00000 
  
0.0000 0.0000 0.0000 0.0000  
0.0000 0.0000 0.0000 0.0000  
0.0000 0.0000 0.0000 0.0000  
0.0000 0.0000 0.0000 0.0000  
0.0000 0.0000 0.0000 0.0000  
0.0000 0.0000 0.0000 0.0000  
0.0000 0.0000 0.0000 0.0000  
0.0000 0.0000 0.0000 0.0000  
0.0000 0.0000 0.0000 0.0000  
0.0000 0.0000 0.0000 0.0000  
0.0000 0.0000 0.0000 0.0000  
0.0000 0.0000 0.0000 0.0000  
0.0000 0.0000 0.0000 0.0000  
0.0000 0.0000 0.0000 0.0000  
0.0000 0.0000 0.0000 0.0000  
0.0000 0.0000 0.0000 0.0000  
0.0000 0.0000 0.0000 0.0000  
0.0000 0.0000 0.0000 0.0000  
0.0000 0.0000 0.0000 0.0000  
0.0000 0.0000 0.0000 0.0000  
0.0000 0.0000 0.0000 0.0000  
0.0000 0.0000 0.0000 0.0000  
0.0000 0.0000 0.0000 0.0000  
0.0000 0.0000 0.0000 0.0000  
0.0000 0.0000 0.0000 0.0000  
0.0000 0.0000 0.0000 0.0000  
0.0000 0.0000 0.0000 0.0000  
0.0000 0.0000 0.0000 0.0000  
0.0000 0.0000 0.0000 0.0000  
0.0000 0.0000 0.0000 0.0000  
0.0000 0.0000 0.0000 0.0000  
0.0000 0.0000 0.0000 0.0000  
0.0000 0.0000 0.0000 0.0000  
0.0000 0.0000 0.0000 0.0000  
0.0000 0.0000 0.0000 0.0000  
0.0000 0.0000 0.0000 0.0000  
0.0000 0.0000 0.0000 0.0000  
0.0000 0.0000 0.0000  
 

!Cn 
POINTS 151    GRIDTYPE 12   NAMEXP CAR8   NTIMES 1 
 0.0000  
  0.00000 
   0.08165 
   0.11547 
   0.14142 
   0.16330 
   0.18257 
   0.20000 
   0.21602 
   0.23094 
   0.24495 
   0.25820 
   0.27080 
   0.28284 
   0.29439 
   0.30551 
   0.31623 
   0.32660 
   0.33665 
   0.34641 
   0.35590 
   0.36515 
   0.37417 
   0.38297 
   0.39158 
   0.40000 
   0.40825 
   0.41633 
   0.42426 
   0.43205 
   0.43970 
   0.44721 
   0.45461 
   0.46188 
   0.46904 
   0.47610 
   0.48305 
   0.48990 
   0.49666 
   0.50332 
   0.50990 
   0.51640 
   0.52281 
   0.52915 
   0.53541 
   0.54160 
   0.54772 
   0.55377 
   0.55976 
   0.56569 
   0.57155 
   0.57735 
   0.58310 
   0.58878 
   0.59442 
   0.60000 
   0.60553 
   0.61101 
   0.61644 
   0.62183 
   0.62716 
   0.63246 
   0.63770 
   0.64291 
   0.64807 
   0.65320 
   0.65828 
   0.66332 
   0.66833 
   0.67330 
   0.67823 
   0.68313 
   0.68799 
   0.69282 
   0.69761 
   0.70238 
   0.70711 
   0.71181 
   0.71647 
   0.72111 
   0.72572 
   0.73030 
   0.73485 
   0.73937 
   0.74386 
   0.74833 
   0.75277 
   0.75719 
   0.76158 
   0.76594 
   0.77028 
   0.77460 
   0.77889 
   0.78316 
   0.78740 
   0.79162 
   0.79582 
   0.80000 
   0.80416 
   0.80829 
   0.81240 
   0.81650 
   0.82057 
   0.82462 
   0.82865 
   0.83267 
   0.83666 
   0.84063 
   0.84459 
   0.84853 
   0.85245 
   0.85635 
   0.86023 
   0.86410 
   0.86795 
   0.87178 
   0.87560 
   0.87939 
   0.88318 
   0.88694 
   0.89069 
   0.89443 
   0.89815 
   0.90185 
   0.90554 
   0.90921 
   0.91287 
   0.91652 
   0.92014 
   0.92376 
   0.92736 
   0.93095 
   0.93452 
   0.93808 
   0.94163 
   0.94516 
   0.94868 
   0.95219 
   0.95568 
   0.95917 
   0.96264 
   0.96609 
   0.96954 
   0.97297 
   0.97639 
   0.97980 
   0.98319 
   0.98658 
   0.98995 
   0.99331 
   0.99666 
   1.00000 
 0.0000 0.0000 0.0000 0.0000  
0.0000 0.0000 0.0000 0.0000  
0.0000 0.0000 0.0000 0.0000  
0.0000 0.0000 0.0000 0.0000  
0.0000 0.0000 0.0000 0.0000  
0.0000 0.0000 0.0000 0.0000  
0.0000 0.0000 0.0000 0.0000  
0.0000 0.0000 0.0000 0.0000  
0.0000 0.0000 0.0000 0.0000  
0.0000 0.0000 0.0000 0.0000  
0.0000 0.0000 0.0000 0.0000  
0.0000 0.0000 0.0000 0.0000  
0.0000 0.0000 0.0000 0.0000  
0.0000 0.0000 0.0000 0.0000  
0.0000 0.0000 0.0000 0.0000  
0.0000 0.0000 0.0000 0.0000  
0.0000 0.0000 0.0000 0.0000  
0.0000 0.0000 0.0000 0.0000  
0.0000 0.0000 0.0000 0.0000  
0.0000 0.0000 0.0000 0.0000  
0.0000 0.0000 0.0000 0.0000  
0.0000 0.0000 0.0000 0.0000  
0.0000 0.0000 0.0000 0.0000  
0.0000 0.0000 0.0000 0.0000  
0.0000 0.0000 0.0000 0.0000  
0.0000 0.0000 0.0000 0.0000  
0.0000 0.0000 0.0000 0.0000  
0.0000 0.0000 0.0000 0.0000  
0.0000 0.0000 0.0000 0.0000  
0.0000 0.0000 0.0000 0.0000  
0.0000 0.0000 0.0000 0.0000  
0.0000 0.0000 0.0000 0.0000  
0.0000 0.0000 0.0000 0.0000  
0.0000 0.0000 0.0000 0.0000  
0.0000 0.0000 0.0000 0.0000  
0.0000 0.0000 0.0000 0.0000  
0.0000 0.0000 0.0000 0.0000  
0.0000 0.0000 0.0000  
 

!Sn 
POINTS 151    GRIDTYPE 12   NAMEXP CAR9   NTIMES 1 
 0.0000  
  0.00000 
   0.08165 
   0.11547 
   0.14142 
   0.16330 
   0.18257 
   0.20000 
   0.21602 
   0.23094 
   0.24495 
   0.25820 
   0.27080 
   0.28284 
   0.29439 
   0.30551 
   0.31623 
   0.32660 
   0.33665 
   0.34641 
   0.35590 
   0.36515 
   0.37417 
   0.38297 
   0.39158 
   0.40000 
   0.40825 
   0.41633 
   0.42426 
   0.43205 
   0.43970 
   0.44721 
   0.45461 
   0.46188 
   0.46904 
   0.47610 
   0.48305 
   0.48990 
   0.49666 
   0.50332 
   0.50990 
   0.51640 
   0.52281 
   0.52915 
   0.53541 
   0.54160 
   0.54772 
   0.55377 
   0.55976 
   0.56569 
   0.57155 
   0.57735 
   0.58310 
   0.58878 
   0.59442 
   0.60000 
   0.60553 
   0.61101 
   0.61644 
   0.62183 
   0.62716 
   0.63246 
   0.63770 
   0.64291 
   0.64807 
   0.65320 
   0.65828 
   0.66332 
   0.66833 
   0.67330 
   0.67823 
   0.68313 
   0.68799 
   0.69282 
   0.69761 
   0.70238 
   0.70711 
   0.71181 
   0.71647 
   0.72111 
   0.72572 
   0.73030 
   0.73485 
   0.73937 
   0.74386 
   0.74833 
   0.75277 
   0.75719 
   0.76158 
   0.76594 
   0.77028 
   0.77460 
   0.77889 
   0.78316 
   0.78740 
   0.79162 
   0.79582 
   0.80000 
   0.80416 
   0.80829 
   0.81240 
   0.81650 
   0.82057 
   0.82462 
   0.82865 
   0.83267 
   0.83666 
   0.84063 
   0.84459 
   0.84853 
   0.85245 
   0.85635 
   0.86023 
   0.86410 
   0.86795 
   0.87178 
   0.87560 
   0.87939 
   0.88318 
   0.88694 
   0.89069 
   0.89443 
   0.89815 
   0.90185 
   0.90554 
   0.90921 
   0.91287 
   0.91652 
   0.92014 
   0.92376 
   0.92736 
   0.93095 
   0.93452 
   0.93808 
   0.94163 
   0.94516 
   0.94868 
   0.95219 
   0.95568 
   0.95917 
   0.96264 
   0.96609 
   0.96954 
   0.97297 
   0.97639 
   0.97980 
   0.98319 
   0.98658 
   0.98995 
   0.99331 
   0.99666 
   1.00000 
  
0.0000 0.0000 0.0000 0.0000  
0.0000 0.0000 0.0000 0.0000  
0.0000 0.0000 0.0000 0.0000  
0.0000 0.0000 0.0000 0.0000  
0.0000 0.0000 0.0000 0.0000  
0.0000 0.0000 0.0000 0.0000  
0.0000 0.0000 0.0000 0.0000  
0.0000 0.0000 0.0000 0.0000  
0.0000 0.0000 0.0000 0.0000  
0.0000 0.0000 0.0000 0.0000  
0.0000 0.0000 0.0000 0.0000  
0.0000 0.0000 0.0000 0.0000  
0.0000 0.0000 0.0000 0.0000  
0.0000 0.0000 0.0000 0.0000  
0.0000 0.0000 0.0000 0.0000  
0.0000 0.0000 0.0000 0.0000  
0.0000 0.0000 0.0000 0.0000  
0.0000 0.0000 0.0000 0.0000  
0.0000 0.0000 0.0000 0.0000  
0.0000 0.0000 0.0000 0.0000  
0.0000 0.0000 0.0000 0.0000  
0.0000 0.0000 0.0000 0.0000  
0.0000 0.0000 0.0000 0.0000  
0.0000 0.0000 0.0000 0.0000  
0.0000 0.0000 0.0000 0.0000  
0.0000 0.0000 0.0000 0.0000  
0.0000 0.0000 0.0000 0.0000  
0.0000 0.0000 0.0000 0.0000  
0.0000 0.0000 0.0000 0.0000  
0.0000 0.0000 0.0000 0.0000  
0.0000 0.0000 0.0000 0.0000  
0.0000 0.0000 0.0000 0.0000  
0.0000 0.0000 0.0000 0.0000  
0.0000 0.0000 0.0000 0.0000  
0.0000 0.0000 0.0000 0.0000  
0.0000 0.0000 0.0000 0.0000  
0.0000 0.0000 0.0000 0.0000  
0.0000 0.0000 0.0000  
 

!Patch 
POINTS 151    GRIDTYPE 12   NAMEXP CAR5   NTIMES 1 
 0.0000 
  0.00000 
   0.08165 
   0.11547 
   0.14142 
   0.16330 
   0.18257 
   0.20000 
   0.21602 
   0.23094 
   0.24495 
   0.25820 
   0.27080 
   0.28284 
   0.29439 
   0.30551 
   0.31623 
   0.32660 
   0.33665 
   0.34641 
   0.35590 
   0.36515 
   0.37417 
   0.38297 
   0.39158 
   0.40000 
   0.40825 
   0.41633 
   0.42426 
   0.43205 
   0.43970 
   0.44721 
   0.45461 
   0.46188 
   0.46904 
   0.47610 
   0.48305 
   0.48990 
   0.49666 
   0.50332 
   0.50990 
   0.51640 
   0.52281 
   0.52915 
   0.53541 
   0.54160 
   0.54772 
   0.55377 
   0.55976 
   0.56569 
   0.57155 
   0.57735 
   0.58310 
   0.58878 
   0.59442 
   0.60000 
   0.60553 
   0.61101 
   0.61644 
   0.62183 
   0.62716 
   0.63246 
   0.63770 
   0.64291 
   0.64807 
   0.65320 
   0.65828 
   0.66332 
   0.66833 
   0.67330 
   0.67823 
   0.68313 
   0.68799 
   0.69282 
   0.69761 
   0.70238 
   0.70711 
   0.71181 
   0.71647 
   0.72111 
   0.72572 
   0.73030 
   0.73485 
   0.73937 
   0.74386 
   0.74833 
   0.75277 
   0.75719 
   0.76158 
   0.76594 
   0.77028 
   0.77460 
   0.77889 
   0.78316 
   0.78740 
   0.79162 
   0.79582 
   0.80000 
   0.80416 
   0.80829 
   0.81240 
   0.81650 
   0.82057 
   0.82462 
   0.82865 
   0.83267 
   0.83666 
   0.84063 
   0.84459 
   0.84853 
   0.85245 
   0.85635 
   0.86023 
   0.86410 
   0.86795 
   0.87178 
   0.87560 
   0.87939 
   0.88318 
   0.88694 
   0.89069 
   0.89443 
   0.89815 
   0.90185 
   0.90554 
   0.90921 
   0.91287 
   0.91652 
   0.92014 
   0.92376 
   0.92736 
   0.93095 
   0.93452 
   0.93808 
   0.94163 
   0.94516 
   0.94868 
   0.95219 
   0.95568 
   0.95917 
   0.96264 
   0.96609 
   0.96954 
   0.97297 
   0.97639 
   0.97980 
   0.98319 
   0.98658 
   0.98995 
   0.99331 
   0.99666 
   1.00000 
   0.00000 
  0.00000 
  0.00000 
  0.00000 
  0.00000 
  0.00000 
  0.00000 
  0.00000 
  0.00000 
  0.00000 
  0.00000 
  0.00000 
  0.00000 
  0.00000 
  0.00000 
  0.00000 
  0.00000 
  0.00000 
  0.00000 
  0.00000 
  0.00000 
  0.00000 
  0.00000 
  0.00000 
  0.00000 
  0.00000 
  0.00000 
  0.00000 
  0.00000 
  0.00000 
  0.00000 
  0.00000 
  0.00000 
  0.00000 
  0.00000 
  0.00000 
  0.00000 
  0.00000 
  0.00000 
  0.00000 
  0.00000 
  0.00000 
  0.00000 
  0.00000 
  0.00000 
  0.00000 
  0.00000 
  0.00000 
  0.00000 
  0.00000 
  0.00000 
  0.00000 
  0.00000 
  0.00000 
  0.00000 
  0.00000 
  0.00000 
  0.00000 
  0.00000 
  0.00000 
  0.00000 
  0.00000 
  0.00000 
  0.00000 
  0.00000 
  0.00000 
  0.00000 
  0.00000 
  0.00000 
  0.00000 
  0.00000 
  0.00000 
  0.00000 
  0.00000 
  0.00000 
  0.00000 
  0.00000 
  0.00000 
  0.00000 
  0.00000 
  0.00000 
  0.00000 
  0.00000 
  0.00000 
  0.00000 
  0.00000 
  0.00000 
  0.00000 
  0.00000 
  0.00000 
  0.00000 
  0.00000 
  0.00000 
  0.00000 
  0.00000 
  0.00000 
  0.00000 
  0.00000 
  0.00000 
  0.00000 
  0.00000 
  0.00000 
  0.00000 
  0.00000 
  0.00000 
  0.00000 
  0.00000 
  0.00000 
  0.00000 
  0.00000 
  0.00000 
  0.00000 
  0.00000 
  0.00000 
  0.00000 
  0.00000 
  0.00000 
  0.00000 
  0.00000 
  0.00000 
  0.00000 
  0.00000 
  0.00000 
  0.00000 
  0.00000 
  0.00000 
  0.00000 
  0.00000 
  0.00000 
  0.00000 
  0.00000 
  0.00000 
  0.00000 
  0.00000 
  0.00000 
  0.00000 
  0.00000 
  0.00000 
  0.00000 
  0.00000 
  0.00000 
  0.00000 
  0.00000 
  0.00000 
  0.00000 
  0.00000 
  0.00000 
  0.00000 
  0.00000 
  0.00000 
  0.00000 
!ECH dep profile 
POINTS 151    GRIDTYPE 12    NAMEXP CAR2     FILTER 1.000000e-03  NTIMES 1 
 0.0000  
  0.00000 
   0.08165 
   0.11547 
   0.14142 
   0.16330 
   0.18257 
   0.20000 
   0.21602 
   0.23094 
   0.24495 
   0.25820 
   0.27080 
   0.28284 
   0.29439 
   0.30551 
   0.31623 
   0.32660 
   0.33665 
   0.34641 
   0.35590 
   0.36515 
   0.37417 
   0.38297 
   0.39158 
   0.40000 
   0.40825 
   0.41633 
   0.42426 
   0.43205 
   0.43970 
   0.44721 
   0.45461 
   0.46188 
   0.46904 
   0.47610 
   0.48305 
   0.48990 
   0.49666 
   0.50332 
   0.50990 
   0.51640 
   0.52281 
   0.52915 
   0.53541 
   0.54160 
   0.54772 
   0.55377 
   0.55976 
   0.56569 
   0.57155 
   0.57735 
   0.58310 
   0.58878 
   0.59442 
   0.60000 
   0.60553 
   0.61101 
   0.61644 
   0.62183 
   0.62716 
   0.63246 
   0.63770 
   0.64291 
   0.64807 
   0.65320 
   0.65828 
   0.66332 
   0.66833 
   0.67330 
   0.67823 
   0.68313 
   0.68799 
   0.69282 
   0.69761 
   0.70238 
   0.70711 
   0.71181 
   0.71647 
   0.72111 
   0.72572 
   0.73030 
   0.73485 
   0.73937 
   0.74386 
   0.74833 
   0.75277 
   0.75719 
   0.76158 
   0.76594 
   0.77028 
   0.77460 
   0.77889 
   0.78316 
   0.78740 
   0.79162 
   0.79582 
   0.80000 
   0.80416 
   0.80829 
   0.81240 
   0.81650 
   0.82057 
   0.82462 
   0.82865 
   0.83267 
   0.83666 
   0.84063 
   0.84459 
   0.84853 
   0.85245 
   0.85635 
   0.86023 
   0.86410 
   0.86795 
   0.87178 
   0.87560 
   0.87939 
   0.88318 
   0.88694 
   0.89069 
   0.89443 
   0.89815 
   0.90185 
   0.90554 
   0.90921 
   0.91287 
   0.91652 
   0.92014 
   0.92376 
   0.92736 
   0.93095 
   0.93452 
   0.93808 
   0.94163 
   0.94516 
   0.94868 
   0.95219 
   0.95568 
   0.95917 
   0.96264 
   0.96609 
   0.96954 
   0.97297 
   0.97639 
   0.97980 
   0.98319 
   0.98658 
   0.98995 
   0.99331 
   0.99666 
   1.00000 
  
0.0224 0.0223 0.0221 0.0220  
0.0218 0.0217 0.0215 0.0214  
0.0212 0.0211 0.0209 0.0208  
0.0206 0.0205 0.0203 0.0202  
0.0200 0.0199 0.0197 0.0196  
0.0194 0.0193 0.0191 0.0190  
0.0188 0.0187 0.0185 0.0184  
0.0182 0.0181 0.0179 0.0178  
0.0176 0.0175 0.0173 0.0172  
0.0170 0.0169 0.0167 0.0166  
0.0164 0.0163 0.0161 0.0160  
0.0158 0.0157 0.0155 0.0154  
0.0152 0.0151 0.0149 0.0148  
0.0146 0.0145 0.0143 0.0142  
0.0140 0.0139 0.0137 0.0136  
0.0134 0.0133 0.0131 0.0130  
0.0128 0.0127 0.0125 0.0124  
0.0122 0.0121 0.0119 0.0118  
0.0116 0.0115 0.0113 0.0112  
0.0111 0.0109 0.0108 0.0106  
0.0105 0.0103 0.0102 0.0100  
0.0099 0.0097 0.0096 0.0094  
0.0093 0.0091 0.0090 0.0088  
0.0087 0.0085 0.0084 0.0082  
0.0081 0.0079 0.0078 0.0076  
0.0075 0.0073 0.0072 0.0070  
0.0069 0.0067 0.0066 0.0064  
0.0063 0.0061 0.0060 0.0058  
0.0057 0.0055 0.0054 0.0052  
0.0051 0.0049 0.0048 0.0046  
0.0045 0.0043 0.0042 0.0040  
0.0039 0.0037 0.0036 0.0034  
0.0033 0.0031 0.0030 0.0028  
0.0027 0.0025 0.0024 0.0022  
0.0021 0.0019 0.0018 0.0016  
0.0015 0.0013 0.0012 0.0010  
0.0009 0.0007 0.0006 0.0004  
0.0003 0.0001 0.0000  
!NBI dep profile 
POINTS 151    GRIDTYPE 12    NAMEXP CAR3   NTIMES 1 
 0.0000  
  0.00000 
   0.08165 
   0.11547 
   0.14142 
   0.16330 
   0.18257 
   0.20000 
   0.21602 
   0.23094 
   0.24495 
   0.25820 
   0.27080 
   0.28284 
   0.29439 
   0.30551 
   0.31623 
   0.32660 
   0.33665 
   0.34641 
   0.35590 
   0.36515 
   0.37417 
   0.38297 
   0.39158 
   0.40000 
   0.40825 
   0.41633 
   0.42426 
   0.43205 
   0.43970 
   0.44721 
   0.45461 
   0.46188 
   0.46904 
   0.47610 
   0.48305 
   0.48990 
   0.49666 
   0.50332 
   0.50990 
   0.51640 
   0.52281 
   0.52915 
   0.53541 
   0.54160 
   0.54772 
   0.55377 
   0.55976 
   0.56569 
   0.57155 
   0.57735 
   0.58310 
   0.58878 
   0.59442 
   0.60000 
   0.60553 
   0.61101 
   0.61644 
   0.62183 
   0.62716 
   0.63246 
   0.63770 
   0.64291 
   0.64807 
   0.65320 
   0.65828 
   0.66332 
   0.66833 
   0.67330 
   0.67823 
   0.68313 
   0.68799 
   0.69282 
   0.69761 
   0.70238 
   0.70711 
   0.71181 
   0.71647 
   0.72111 
   0.72572 
   0.73030 
   0.73485 
   0.73937 
   0.74386 
   0.74833 
   0.75277 
   0.75719 
   0.76158 
   0.76594 
   0.77028 
   0.77460 
   0.77889 
   0.78316 
   0.78740 
   0.79162 
   0.79582 
   0.80000 
   0.80416 
   0.80829 
   0.81240 
   0.81650 
   0.82057 
   0.82462 
   0.82865 
   0.83267 
   0.83666 
   0.84063 
   0.84459 
   0.84853 
   0.85245 
   0.85635 
   0.86023 
   0.86410 
   0.86795 
   0.87178 
   0.87560 
   0.87939 
   0.88318 
   0.88694 
   0.89069 
   0.89443 
   0.89815 
   0.90185 
   0.90554 
   0.90921 
   0.91287 
   0.91652 
   0.92014 
   0.92376 
   0.92736 
   0.93095 
   0.93452 
   0.93808 
   0.94163 
   0.94516 
   0.94868 
   0.95219 
   0.95568 
   0.95917 
   0.96264 
   0.96609 
   0.96954 
   0.97297 
   0.97639 
   0.97980 
   0.98319 
   0.98658 
   0.98995 
   0.99331 
   0.99666 
   1.00000 
  
0.0224 0.0223 0.0221 0.0220  
0.0218 0.0217 0.0215 0.0214  
0.0212 0.0211 0.0209 0.0208  
0.0206 0.0205 0.0203 0.0202  
0.0200 0.0199 0.0197 0.0196  
0.0194 0.0193 0.0191 0.0190  
0.0188 0.0187 0.0185 0.0184  
0.0182 0.0181 0.0179 0.0178  
0.0176 0.0175 0.0173 0.0172  
0.0170 0.0169 0.0167 0.0166  
0.0164 0.0163 0.0161 0.0160  
0.0158 0.0157 0.0155 0.0154  
0.0152 0.0151 0.0149 0.0148  
0.0146 0.0145 0.0143 0.0142  
0.0140 0.0139 0.0137 0.0136  
0.0134 0.0133 0.0131 0.0130  
0.0128 0.0127 0.0125 0.0124  
0.0122 0.0121 0.0119 0.0118  
0.0116 0.0115 0.0113 0.0112  
0.0111 0.0109 0.0108 0.0106  
0.0105 0.0103 0.0102 0.0100  
0.0099 0.0097 0.0096 0.0094  
0.0093 0.0091 0.0090 0.0088  
0.0087 0.0085 0.0084 0.0082  
0.0081 0.0079 0.0078 0.0076  
0.0075 0.0073 0.0072 0.0070  
0.0069 0.0067 0.0066 0.0064  
0.0063 0.0061 0.0060 0.0058  
0.0057 0.0055 0.0054 0.0052  
0.0051 0.0049 0.0048 0.0046  
0.0045 0.0043 0.0042 0.0040  
0.0039 0.0037 0.0036 0.0034  
0.0033 0.0031 0.0030 0.0028  
0.0027 0.0025 0.0024 0.0022  
0.0021 0.0019 0.0018 0.0016  
0.0015 0.0013 0.0012 0.0010  
0.0009 0.0007 0.0006 0.0004  
0.0003 0.0001 0.0000  
!JCD dep profile 
POINTS 151    GRIDTYPE 12    NAMEXP CAR4   NTIMES 1 
 0.0000  
  0.00000 
   0.08165 
   0.11547 
   0.14142 
   0.16330 
   0.18257 
   0.20000 
   0.21602 
   0.23094 
   0.24495 
   0.25820 
   0.27080 
   0.28284 
   0.29439 
   0.30551 
   0.31623 
   0.32660 
   0.33665 
   0.34641 
   0.35590 
   0.36515 
   0.37417 
   0.38297 
   0.39158 
   0.40000 
   0.40825 
   0.41633 
   0.42426 
   0.43205 
   0.43970 
   0.44721 
   0.45461 
   0.46188 
   0.46904 
   0.47610 
   0.48305 
   0.48990 
   0.49666 
   0.50332 
   0.50990 
   0.51640 
   0.52281 
   0.52915 
   0.53541 
   0.54160 
   0.54772 
   0.55377 
   0.55976 
   0.56569 
   0.57155 
   0.57735 
   0.58310 
   0.58878 
   0.59442 
   0.60000 
   0.60553 
   0.61101 
   0.61644 
   0.62183 
   0.62716 
   0.63246 
   0.63770 
   0.64291 
   0.64807 
   0.65320 
   0.65828 
   0.66332 
   0.66833 
   0.67330 
   0.67823 
   0.68313 
   0.68799 
   0.69282 
   0.69761 
   0.70238 
   0.70711 
   0.71181 
   0.71647 
   0.72111 
   0.72572 
   0.73030 
   0.73485 
   0.73937 
   0.74386 
   0.74833 
   0.75277 
   0.75719 
   0.76158 
   0.76594 
   0.77028 
   0.77460 
   0.77889 
   0.78316 
   0.78740 
   0.79162 
   0.79582 
   0.80000 
   0.80416 
   0.80829 
   0.81240 
   0.81650 
   0.82057 
   0.82462 
   0.82865 
   0.83267 
   0.83666 
   0.84063 
   0.84459 
   0.84853 
   0.85245 
   0.85635 
   0.86023 
   0.86410 
   0.86795 
   0.87178 
   0.87560 
   0.87939 
   0.88318 
   0.88694 
   0.89069 
   0.89443 
   0.89815 
   0.90185 
   0.90554 
   0.90921 
   0.91287 
   0.91652 
   0.92014 
   0.92376 
   0.92736 
   0.93095 
   0.93452 
   0.93808 
   0.94163 
   0.94516 
   0.94868 
   0.95219 
   0.95568 
   0.95917 
   0.96264 
   0.96609 
   0.96954 
   0.97297 
   0.97639 
   0.97980 
   0.98319 
   0.98658 
   0.98995 
   0.99331 
   0.99666 
   1.00000 
  
0.0000 0.0006 0.0017 0.0035  
0.0061 0.0094 0.0135 0.0184  
0.0240 0.0301 0.0366 0.0434  
0.0503 0.0573 0.0640 0.0704  
0.0764 0.0818 0.0866 0.0907  
0.0941 0.0967 0.0986 0.0996  
0.1000 0.0997 0.0987 0.0971  
0.0950 0.0924 0.0895 0.0861  
0.0826 0.0788 0.0749 0.0708  
0.0668 0.0627 0.0586 0.0547  
0.0508 0.0470 0.0434 0.0400  
0.0367 0.0336 0.0307 0.0279  
0.0253 0.0230 0.0207 0.0187  
0.0168 0.0151 0.0135 0.0121  
0.0108 0.0096 0.0085 0.0076  
0.0067 0.0059 0.0052 0.0046  
0.0041 0.0036 0.0031 0.0027  
0.0024 0.0021 0.0018 0.0016  
0.0014 0.0012 0.0010 0.0009  
0.0008 0.0007 0.0006 0.0005  
0.0004 0.0004 0.0003 0.0003  
0.0002 0.0002 0.0002 0.0001  
0.0001 0.0001 0.0001 0.0001  
0.0001 0.0001 0.0000 0.0000  
0.0000 0.0000 0.0000 0.0000  
0.0000 0.0000 0.0000 0.0000  
0.0000 0.0000 0.0000 0.0000  
0.0000 0.0000 0.0000 0.0000  
0.0000 0.0000 0.0000 0.0000  
0.0000 0.0000 0.0000 0.0000  
0.0000 0.0000 0.0000 0.0000  
0.0000 0.0000 0.0000 0.0000  
0.0000 0.0000 0.0000 0.0000  
0.0000 0.0000 0.0000 0.0000  
0.0000 0.0000 0.0000 0.0000  
0.0000 0.0000 0.0000 0.0000  
0.0000 0.0000 0.0000 0.0000  
0.0000 0.0000 0.0000  
 

!q-profile loading: initial condition for mu 
POINTS 151  GRIDTYPE 12      NAMEXP MU     FILTER 1.000000e-03  NTIMES 1 
 0.0000 
  0.00000 
   0.08165 
   0.11547 
   0.14142 
   0.16330 
   0.18257 
   0.20000 
   0.21602 
   0.23094 
   0.24495 
   0.25820 
   0.27080 
   0.28284 
   0.29439 
   0.30551 
   0.31623 
   0.32660 
   0.33665 
   0.34641 
   0.35590 
   0.36515 
   0.37417 
   0.38297 
   0.39158 
   0.40000 
   0.40825 
   0.41633 
   0.42426 
   0.43205 
   0.43970 
   0.44721 
   0.45461 
   0.46188 
   0.46904 
   0.47610 
   0.48305 
   0.48990 
   0.49666 
   0.50332 
   0.50990 
   0.51640 
   0.52281 
   0.52915 
   0.53541 
   0.54160 
   0.54772 
   0.55377 
   0.55976 
   0.56569 
   0.57155 
   0.57735 
   0.58310 
   0.58878 
   0.59442 
   0.60000 
   0.60553 
   0.61101 
   0.61644 
   0.62183 
   0.62716 
   0.63246 
   0.63770 
   0.64291 
   0.64807 
   0.65320 
   0.65828 
   0.66332 
   0.66833 
   0.67330 
   0.67823 
   0.68313 
   0.68799 
   0.69282 
   0.69761 
   0.70238 
   0.70711 
   0.71181 
   0.71647 
   0.72111 
   0.72572 
   0.73030 
   0.73485 
   0.73937 
   0.74386 
   0.74833 
   0.75277 
   0.75719 
   0.76158 
   0.76594 
   0.77028 
   0.77460 
   0.77889 
   0.78316 
   0.78740 
   0.79162 
   0.79582 
   0.80000 
   0.80416 
   0.80829 
   0.81240 
   0.81650 
   0.82057 
   0.82462 
   0.82865 
   0.83267 
   0.83666 
   0.84063 
   0.84459 
   0.84853 
   0.85245 
   0.85635 
   0.86023 
   0.86410 
   0.86795 
   0.87178 
   0.87560 
   0.87939 
   0.88318 
   0.88694 
   0.89069 
   0.89443 
   0.89815 
   0.90185 
   0.90554 
   0.90921 
   0.91287 
   0.91652 
   0.92014 
   0.92376 
   0.92736 
   0.93095 
   0.93452 
   0.93808 
   0.94163 
   0.94516 
   0.94868 
   0.95219 
   0.95568 
   0.95917 
   0.96264 
   0.96609 
   0.96954 
   0.97297 
   0.97639 
   0.97980 
   0.98319 
   0.98658 
   0.98995 
   0.99331 
   0.99666 
   1.00000 
   0.99987 
  0.99987 
  0.99947 
  0.99880 
  0.99787 
  0.99668 
  0.99522 
  0.99351 
  0.99154 
  0.98932 
  0.98684 
  0.98412 
  0.98116 
  0.97796 
  0.97453 
  0.97087 
  0.96699 
  0.96290 
  0.95859 
  0.95408 
  0.94937 
  0.94447 
  0.93938 
  0.93411 
  0.92868 
  0.92308 
  0.91732 
  0.91141 
  0.90536 
  0.89917 
  0.89286 
  0.88642 
  0.87987 
  0.87321 
  0.86645 
  0.85960 
  0.85266 
  0.84564 
  0.83855 
  0.83139 
  0.82418 
  0.81690 
  0.80959 
  0.80222 
  0.79483 
  0.78740 
  0.77995 
  0.77248 
  0.76499 
  0.75750 
  0.75000 
  0.74250 
  0.73501 
  0.72752 
  0.72005 
  0.71259 
  0.70515 
  0.69774 
  0.69035 
  0.68300 
  0.67568 
  0.66839 
  0.66114 
  0.65394 
  0.64677 
  0.63966 
  0.63259 
  0.62557 
  0.61861 
  0.61170 
  0.60484 
  0.59804 
  0.59130 
  0.58461 
  0.57799 
  0.57143 
  0.56493 
  0.55849 
  0.55212 
  0.54581 
  0.53957 
  0.53339 
  0.52728 
  0.52123 
  0.51525 
  0.50934 
  0.50349 
  0.49771 
  0.49200 
  0.48635 
  0.48077 
  0.47526 
  0.46981 
  0.46443 
  0.45911 
  0.45386 
  0.44867 
  0.44355 
  0.43849 
  0.43350 
  0.42857 
  0.42370 
  0.41890 
  0.41416 
  0.40948 
  0.40486 
  0.40030 
  0.39580 
  0.39136 
  0.38698 
  0.38265 
  0.37839 
  0.37418 
  0.37002 
  0.36593 
  0.36188 
  0.35789 
  0.35396 
  0.35007 
  0.34624 
  0.34247 
  0.33874 
  0.33506 
  0.33143 
  0.32785 
  0.32432 
  0.32084 
  0.31741 
  0.31402 
  0.31067 
  0.30738 
  0.30412 
  0.30091 
  0.29775 
  0.29463 
  0.29155 
  0.28851 
  0.28551 
  0.28255 
  0.27963 
  0.27675 
  0.27391 
  0.27111 
  0.26835 
  0.26562 
  0.26293 
  0.26027 
  0.25765 
  0.25507 
  0.25252 
  0.25252 
