dem_ -demo- #11111 t=100
Param|Time  |  Value  |   Error
|-----|------|---------|--------
NA1              100
AB               3.45
AWALL            3.5521
RTOR             8.9348
ELONM            1.9013
TRICH            0.530
IPL      0.0000  19.07
BTOR     0.0000   4.8918
ZRD1     0.0000   0.00000
ZRD12     0.0000   0.20000
ZRD13     0.0000   0.20000
ZMJ              1.
AMJ              2.
ZRD16     0.0000   4
ZRD17     0.0000   9
ZRD2            0.9000
ZRD3            11111
ZRD4            100.000




!Total radiation
NAMEXP ZRD29 NTIMES 24
        0.
    0.2000
    0.2001
    0.4000
    0.4001
    0.6000
    0.6001
    0.7000
    0.7001
    0.8000
    0.8001
    5.0000
    7.0000
    9.0000
    9.0010
   11.0000
   11.0010
   13.0000
   13.0010
   14.0000
   14.0010
   15.0000
   15.0010
   17.0000
         300.
         300.
           0.
           0.
        -300.
        -300.
           0.
           0.
        3000.
        3000.
           0.
           0.
         300.
         300.
           0.
           0.
        -300.
        -300.
           0.
           0.
        3000.
        3000.
           0.
           0.


!Total radiation
NAMEXP ZRD11 NTIMES 1
0.0000
 139.20000

!Dummy1
NAMEXP ZRD41 NTIMES 1
0.0000
0.03333

!Dummy2
NAMEXP ZRD42 NTIMES 1
0.0000
45.20000

!dummy3
NAMEXP ZRD43 NTIMES 1
0.0000
0.00100

!dummy4
NAMEXP ZRD44 NTIMES 1
0.0000
0.03539

!dummy5
NAMEXP ZRD45 NTIMES 1
0.0000
0.06000

!dummy6
NAMEXP ZRD46 NTIMES 1
0.0000
0.12000

!dummy7
NAMEXP ZRD47 NTIMES 1
0.0000
1.00000

!dummy8
NAMEXP ZRD48 NTIMES 1
0.0000
0.20000

!dummy9
NAMEXP ZRD39 NTIMES 1
0.0000
0.30000

!Coil currents 
NAMEXP CCOIL NTIMES 1  POINTS 15   
 0.0000 
0. 0. 0. 0. 0. 0. 0. 0. 
0. 0. 0. 0. 0. 0. 0. 

!Coil currents 
NAMEXP VCOIL NTIMES 1  POINTS 15   
 0.0000 
0. 0. 0. 0. 0. 0. 0. 0. 
0. 0. 0. 0. 0. 0. 0. 

FILTER 1.e-8

!Zeff profile loading
POINTS 151    GRIDTYPE 12    NAMEXP ZEF   NTIMES 1
0.0000
 0.00000
  0.08165
  0.11547
  0.14142
  0.16330
  0.18257
  0.20000
  0.21602
  0.23094
  0.24495
  0.25820
  0.27080
  0.28284
  0.29439
  0.30551
  0.31623
  0.32660
  0.33665
  0.34641
  0.35590
  0.36515
  0.37417
  0.38297
  0.39158
  0.40000
  0.40825
  0.41633
  0.42426
  0.43205
  0.43970
  0.44721
  0.45461
  0.46188
  0.46904
  0.47610
  0.48305
  0.48990
  0.49666
  0.50332
  0.50990
  0.51640
  0.52281
  0.52915
  0.53541
  0.54160
  0.54772
  0.55377
  0.55976
  0.56569
  0.57155
  0.57735
  0.58310
  0.58878
  0.59442
  0.60000
  0.60553
  0.61101
  0.61644
  0.62183
  0.62716
  0.63246
  0.63770
  0.64291
  0.64807
  0.65320
  0.65828
  0.66332
  0.66833
  0.67330
  0.67823
  0.68313
  0.68799
  0.69282
  0.69761
  0.70238
  0.70711
  0.71181
  0.71647
  0.72111
  0.72572
  0.73030
  0.73485
  0.73937
  0.74386
  0.74833
  0.75277
  0.75719
  0.76158
  0.76594
  0.77028
  0.77460
  0.77889
  0.78316
  0.78740
  0.79162
  0.79582
  0.80000
  0.80416
  0.80829
  0.81240
  0.81650
  0.82057
  0.82462
  0.82865
  0.83267
  0.83666
  0.84063
  0.84459
  0.84853
  0.85245
  0.85635
  0.86023
  0.86410
  0.86795
  0.87178
  0.87560
  0.87939
  0.88318
  0.88694
  0.89069
  0.89443
  0.89815
  0.90185
  0.90554
  0.90921
  0.91287
  0.91652
  0.92014
  0.92376
  0.92736
  0.93095
  0.93452
  0.93808
  0.94163
  0.94516
  0.94868
  0.95219
  0.95568
  0.95917
  0.96264
  0.96609
  0.96954
  0.97297
  0.97639
  0.97980
  0.98319
  0.98658
  0.98995
  0.99331
  0.99666
  1.00000

1.0067 1.0067 1.0133 1.0200
1.0267 1.0333 1.0400 1.0467
1.0533 1.0600 1.0667 1.0733
1.0800 1.0867 1.0933 1.1000
1.1067 1.1133 1.1200 1.1267
1.1333 1.1400 1.1467 1.1533
1.1600 1.1667 1.1733 1.1800
1.1867 1.1933 1.2000 1.2067
1.2133 1.2200 1.2267 1.2333
1.2400 1.2467 1.2533 1.2600
1.2667 1.2733 1.2800 1.2867
1.2933 1.3000 1.3067 1.3133
1.3200 1.3267 1.3333 1.3400
1.3467 1.3533 1.3600 1.3667
1.3733 1.3800 1.3867 1.3933
1.4000 1.4067 1.4133 1.4200
1.4267 1.4333 1.4400 1.4467
1.4533 1.4600 1.4667 1.4733
1.4800 1.4867 1.4933 1.5000
1.5067 1.5133 1.5200 1.5267
1.5333 1.5400 1.5467 1.5533
1.5600 1.5667 1.5733 1.5800
1.5867 1.5933 1.6000 1.6067
1.6133 1.6200 1.6267 1.6333
1.6400 1.6467 1.6533 1.6600
1.6667 1.6733 1.6800 1.6867
1.6933 1.7000 1.7067 1.7133
1.7200 1.7267 1.7333 1.7400
1.7467 1.7533 1.7600 1.7667
1.7733 1.7800 1.7867 1.7933
1.8000 1.8067 1.8133 1.8200
1.8267 1.8333 1.8400 1.8467
1.8533 1.8600 1.8667 1.8733
1.8800 1.8867 1.8933 1.9000
1.9067 1.9133 1.9200 1.9267
1.9333 1.9400 1.9467 1.9533
1.9600 1.9667 1.9733 1.9800
1.9867 1.9933 2.0000




!Electron density loading
POINTS 100    GRIDTYPE 12    NAMEXP NE   NTIMES 1 
0.0000
         0
    0.0101
    0.0202
    0.0303
    0.0404
    0.0505
    0.0606
    0.0707
    0.0808
    0.0909
    0.1010
    0.1111
    0.1212
    0.1313
    0.1414
    0.1515
    0.1616
    0.1717
    0.1818
    0.1919
    0.2020
    0.2121
    0.2222
    0.2323
    0.2424
    0.2525
    0.2626
    0.2727
    0.2828
    0.2929
    0.3030
    0.3131
    0.3232
    0.3333
    0.3434
    0.3535
    0.3636
    0.3737
    0.3838
    0.3939
    0.4040
    0.4141
    0.4242
    0.4343
    0.4444
    0.4545
    0.4646
    0.4747
    0.4848
    0.4949
    0.5051
    0.5152
    0.5253
    0.5354
    0.5455
    0.5556
    0.5657
    0.5758
    0.5859
    0.5960
    0.6061
    0.6162
    0.6263
    0.6364
    0.6465
    0.6566
    0.6667
    0.6768
    0.6869
    0.6970
    0.7071
    0.7172
    0.7273
    0.7374
    0.7475
    0.7576
    0.7677
    0.7778
    0.7879
    0.7980
    0.8081
    0.8182
    0.8283
    0.8384
    0.8485
    0.8586
    0.8687
    0.8788
    0.8889
    0.8990
    0.9091
    0.9192
    0.9293
    0.9394
    0.9495
    0.9596
    0.9697
    0.9798
    0.9899
    1.0000
10.99
10.98
10.97
10.96
10.94
10.93
10.92
10.90
10.89
10.87
10.85
10.84
10.82
10.80
10.78
10.76
10.74
10.72
10.69
10.67
10.65
10.62
10.59
10.57
10.54
10.51
10.48
10.45
10.42
10.39
10.35
10.32
10.28
10.25
10.21
10.17
10.13
10.09
10.05
10.01
9.968
9.925
9.880
9.835
9.790
9.744
9.697
9.649
9.601
9.552
9.501
9.450
9.398
9.345
9.291
9.235
9.178
9.120
9.061
9.000
8.937
8.874
8.808
8.742
8.673
8.603
8.532
8.459
8.384
8.308
8.230
8.151
8.071
7.989
7.907
7.823
7.738
7.652
7.566
7.478
7.391
7.302
7.214
7.125
7.036
6.947
6.859
6.771
6.684
6.599
6.516
6.436
6.361
6.295
6.238
5.728
5.224
4.732
4.288
3.808


!Electron temperature loading on rhotcv variable
POINTS 100    GRIDTYPE 12    NAMEXP TE   NTIMES 1 FACTOR 1.
0.0000
         0
    0.0101
    0.0202
    0.0303
    0.0404
    0.0505
    0.0606
    0.0707
    0.0808
    0.0909
    0.1010
    0.1111
    0.1212
    0.1313
    0.1414
    0.1515
    0.1616
    0.1717
    0.1818
    0.1919
    0.2020
    0.2121
    0.2222
    0.2323
    0.2424
    0.2525
    0.2626
    0.2727
    0.2828
    0.2929
    0.3030
    0.3131
    0.3232
    0.3333
    0.3434
    0.3535
    0.3636
    0.3737
    0.3838
    0.3939
    0.4040
    0.4141
    0.4242
    0.4343
    0.4444
    0.4545
    0.4646
    0.4747
    0.4848
    0.4949
    0.5051
    0.5152
    0.5253
    0.5354
    0.5455
    0.5556
    0.5657
    0.5758
    0.5859
    0.5960
    0.6061
    0.6162
    0.6263
    0.6364
    0.6465
    0.6566
    0.6667
    0.6768
    0.6869
    0.6970
    0.7071
    0.7172
    0.7273
    0.7374
    0.7475
    0.7576
    0.7677
    0.7778
    0.7879
    0.7980
    0.8081
    0.8182
    0.8283
    0.8384
    0.8485
    0.8586
    0.8687
    0.8788
    0.8889
    0.8990
    0.9091
    0.9192
    0.9293
    0.9394
    0.9495
    0.9596
    0.9697
    0.9798
    0.9899
    1.0000

33.07
33.01
32.91
32.78
32.64
32.49
32.32
32.14
31.95
31.75
31.54
31.32
31.08
30.84
30.59
30.33
30.06
29.78
29.50
29.20
28.90
28.59
28.27
27.94
27.61
27.27
26.92
26.56
26.20
25.83
25.45
25.06
24.67
24.26
23.86
23.44
23.02
22.60
22.17
21.73
21.29
20.85
20.42
19.98
19.54
19.11
18.68
18.25
17.82
17.40
16.99
16.58
16.17
15.77
15.37
14.98
14.60
14.22
13.85
13.49
13.13
12.78
12.44
12.11
11.78
11.46
11.15
10.84
10.54
10.26
9.973
9.699
9.432
9.172
8.921
8.676
8.439
8.209
7.987
7.771
7.562
7.360
7.165
6.977
6.795
6.620
6.452
6.291
6.138
5.992
5.856
5.732
5.622
5.528
5.453
4.501
3.504
2.455
1.351
.1700




!q-profile loading: initial condition for mu
POINTS 90  GRIDTYPE 13      NAMEXP MU     FILTER 1.000000e-03 NTIMES 1
0.0000
0
    0.1060
    0.1499
    0.1836
    0.2120
    0.2370
    0.2596
    0.2804
    0.2998
    0.3180
    0.3352
    0.3516
    0.3672
    0.3822
    0.3966
    0.4105
    0.4240
    0.4370
    0.4497
    0.4620
    0.4740
    0.4858
    0.4972
    0.5084
    0.5193
    0.5300
    0.5405
    0.5508
    0.5609
    0.5708
    0.5806
    0.5902
    0.5996
    0.6089
    0.6181
    0.6271
    0.6360
    0.6448
    0.6534
    0.6620
    0.6704
    0.6787
    0.6870
    0.6951
    0.7031
    0.7111
    0.7189
    0.7267
    0.7344
    0.7420
    0.7495
    0.7570
    0.7644
    0.7717
    0.7789
    0.7861
    0.7932
    0.8003
    0.8073
    0.8142
    0.8211
    0.8279
    0.8346
    0.8413
    0.8480
    0.8546
    0.8611
    0.8676
    0.8741
    0.8805
    0.8869
    0.8932
    0.8994
    0.9057
    0.9118
    0.9180
    0.9241
    0.9301
    0.9362
    0.9421
    0.9481
    0.9540
    0.9599
    0.9657
    0.9715
    0.9773
    0.9830
    0.9887
    0.9944
    1.0000
    1.2512
    1.2512
    1.1859
    1.1614
    1.1410
    1.1241
    1.1100
    1.0983
    1.0884
    1.0799
    1.0725
    1.0658
    1.0595
    1.0533
    1.0469
    1.0400
    1.0322
    1.0235
    1.0135
    1.0022
    0.9931
    0.9851
    0.9772
    0.9669
    0.9577
    0.9502
    0.9413
    0.9320
    0.9238
    0.9142
    0.9054
    0.8958
    0.8874
    0.8779
    0.8689
    0.8598
    0.8518
    0.8415
    0.8327
    0.8241
    0.8156
    0.8048
    0.7959
    0.7875
    0.7785
    0.7681
    0.7593
    0.7501
    0.7414
    0.7317
    0.7219
    0.7128
    0.7035
    0.6942
    0.6840
    0.6747
    0.6654
    0.6555
    0.6464
    0.6361
    0.6264
    0.6166
    0.6069
    0.5969
    0.5870
    0.5768
    0.5670
    0.5565
    0.5464
    0.5355
    0.5251
    0.5151
    0.5043
    0.4927
    0.4824
    0.4714
    0.4597
    0.4484
    0.4366
    0.4246
    0.4122
    0.3995
    0.3866
    0.3727
    0.3591
    0.3439
    0.3273
    0.3093
    0.2872
    0.2580
    
NAMEXP  BND    NTIMES 6   POINTS  100 
 0
 50
 60  
 100
 110
200.
    11.820800000    11.820800000    11.811400000    11.811400000
    11.811400000    11.811400000     0.000000000     0.000000000
     0.000000000     0.000000000     0.000000000     0.000000000
    11.818800000    11.818800000    11.816800000    11.816800000
    11.816800000    11.816800000     0.177350000     0.177350000
     0.177250000     0.177250000     0.177250000     0.177250000
    11.805700000    11.805700000    11.810900000    11.810900000
    11.810900000    11.810900000     0.354450000     0.354450000
     0.355110000     0.355110000     0.355110000     0.355110000
    11.786200000    11.786200000    11.796800000    11.796800000
    11.796800000    11.796800000     0.531500000     0.531500000
     0.533520000     0.533520000     0.533520000     0.533520000
    11.759400000    11.759400000    11.775200000    11.775200000
    11.775200000    11.775200000     0.708500000     0.708500000
     0.712600000     0.712600000     0.712600000     0.712600000
    11.726600000    11.726600000    11.750800000    11.750800000
    11.750800000    11.750800000     0.885930000     0.885930000
     0.893810000     0.893810000     0.893810000     0.893810000
    11.688300000    11.688300000    11.724100000    11.724100000
    11.724100000    11.724100000     1.064400000     1.064400000
     1.078600000     1.078600000     1.078600000     1.078600000
    11.642400000    11.642400000    11.686600000    11.686600000
    11.686600000    11.686600000     1.243400000     1.243400000
     1.264200000     1.264200000     1.264200000     1.264200000
    11.588800000    11.588800000    11.641200000    11.641200000
    11.641200000    11.641200000     1.423200000     1.423200000
     1.452000000     1.452000000     1.452000000     1.452000000
    11.529600000    11.529600000    11.594600000    11.594600000
    11.594600000    11.594600000     1.605300000     1.605300000
     1.646500000     1.646500000     1.646500000     1.646500000
    11.462400000    11.462400000    11.540600000    11.540600000
    11.540600000    11.540600000     1.789000000     1.789000000
     1.845800000     1.845800000     1.845800000     1.845800000
    11.386500000    11.386500000    11.474300000    11.474300000
    11.474300000    11.474300000     1.974300000     1.974300000
     2.046900000     2.046900000     2.046900000     2.046900000
    11.301700000    11.301700000    11.400300000    11.400300000
    11.400300000    11.400300000     2.161400000     2.161400000
     2.253800000     2.253800000     2.253800000     2.253800000
    11.207400000    11.207400000    11.317000000    11.317000000
    11.317000000    11.317000000     2.350600000     2.350600000
     2.467200000     2.467200000     2.467200000     2.467200000
    11.103300000    11.103300000    11.224700000    11.224700000
    11.224700000    11.224700000     2.542400000     2.542400000
     2.689000000     2.689000000     2.689000000     2.689000000
    10.987700000    10.987700000    11.119300000    11.119300000
    11.119300000    11.119300000     2.735900000     2.735900000
     2.917100000     2.917100000     2.917100000     2.917100000
    10.860000000    10.860000000    11.000600000    11.000600000
    11.000600000    11.000600000     2.930800000     2.930800000
     3.152000000     3.152000000     3.152000000     3.152000000
    10.718800000    10.718800000    10.865400000    10.865400000
    10.865400000    10.865400000     3.126500000     3.126500000
     3.393100000     3.393100000     3.393100000     3.393100000
    10.563400000    10.563400000    10.713000000    10.713000000
    10.713000000    10.713000000     3.322300000     3.322300000
     3.639900000     3.639900000     3.639900000     3.639900000
    10.392800000    10.392800000    10.542200000    10.542200000
    10.542200000    10.542200000     3.517700000     3.517700000
     3.894500000     3.894500000     3.894500000     3.894500000
    10.205900000    10.205900000    10.350100000    10.350100000
    10.350100000    10.350100000     3.711300000     3.711300000
     4.155300000     4.155300000     4.155300000     4.155300000
    10.001700000    10.001700000    10.135300000    10.135300000
    10.135300000    10.135300000     3.901400000     3.901400000
     4.422200000     4.422200000     4.422200000     4.422200000
     9.779500000     9.779500000     9.895100000     9.895100000
     9.895100000     9.895100000     4.086100000     4.086100000
     4.692100000     4.692100000     4.692100000     4.692100000
     9.538500000     9.538500000     9.626900000     9.626900000
     9.626900000     9.626900000     4.262900000     4.262900000
     4.962900000     4.962900000     4.962900000     4.962900000
     9.278600000     9.278600000     9.329200000     9.329200000
     9.329200000     9.329200000     4.427900000     4.427900000
     5.231900000     5.231900000     5.231900000     5.231900000
     9.000000000     9.000000000     9.000000000     9.000000000
     9.000000000     9.000000000     4.577000000     4.577000000
     5.494400000     5.494400000     5.494400000     5.494400000
     8.704000000     8.704000000     8.638800000     8.638800000
     8.638800000     8.638800000     4.704100000     4.704100000
     5.739900000     5.739900000     5.739900000     5.739900000
     8.393400000     8.393400000     8.247600000     8.247600000
     8.247600000     8.247600000     4.802000000     4.802000000
     5.957400000     5.957400000     5.957400000     5.957400000
     8.073100000     8.073100000     7.832100000     7.832100000
     7.832100000     7.832100000     4.858900000     4.858900000
     6.121700000     6.121700000     6.121700000     6.121700000
     7.752900000     7.752900000     7.410100000     7.410100000
     7.410100000     7.410100000     4.857200000     4.857200000
     6.192200000     6.192200000     6.192200000     6.192200000
     7.445700000     7.445700000     7.007700000     7.007700000
     7.007700000     7.007700000     4.783600000     4.783600000
     6.131600000     6.131600000     6.131600000     6.131600000
     7.166000000     7.166000000     6.654400000     6.654400000
     6.654400000     6.654400000     4.632200000     4.632200000
     5.924400000     5.924400000     5.924400000     5.924400000
     6.926100000     6.926100000     6.376700000     6.376700000
     6.376700000     6.376700000     4.407300000     4.407300000
     5.574700000     5.574700000     5.574700000     5.574700000
     6.730700000     6.730700000     6.180700000     6.180700000
     6.180700000     6.180700000     4.127800000     4.127800000
     5.128000000     5.128000000     5.128000000     5.128000000
     6.573600000     6.573600000     6.049600000     6.049600000
     6.049600000     6.049600000     3.823400000     3.823400000
     4.649000000     4.649000000     4.649000000     4.649000000
     6.449400000     6.449400000     5.966800000     5.966800000
     5.966800000     5.966800000     3.510500000     3.510500000
     4.174500000     4.174500000     4.174500000     4.174500000
     6.351500000     6.351500000     5.917300000     5.917300000
     5.917300000     5.917300000     3.201500000     3.201500000
     3.726300000     3.726300000     3.726300000     3.726300000
     6.275000000     6.275000000     5.893000000     5.893000000
     5.893000000     5.893000000     2.901900000     2.901900000
     3.308900000     3.308900000     3.308900000     3.308900000
     6.214500000     6.214500000     5.880900000     5.880900000
     5.880900000     5.880900000     2.615700000     2.615700000
     2.928700000     2.928700000     2.928700000     2.928700000
     6.167700000     6.167700000     5.881500000     5.881500000
     5.881500000     5.881500000     2.343100000     2.343100000
     2.579900000     2.579900000     2.579900000     2.579900000
     6.131000000     6.131000000     5.887000000     5.887000000
     5.887000000     5.887000000     2.084500000     2.084500000
     2.261900000     2.261900000     2.261900000     2.261900000
     6.102700000     6.102700000     5.897100000     5.897100000
     5.897100000     5.897100000     1.838700000     1.838700000
     1.969300000     1.969300000     1.969300000     1.969300000
     6.080700000     6.080700000     5.909100000     5.909100000
     5.909100000     5.909100000     1.604900000     1.604900000
     1.699300000     1.699300000     1.699300000     1.699300000
     6.064300000     6.064300000     5.922900000     5.922900000
     5.922900000     5.922900000     1.381400000     1.381400000
     1.447800000     1.447800000     1.447800000     1.447800000
     6.053100000     6.053100000     5.938100000     5.938100000
     5.938100000     5.938100000     1.166800000     1.166800000
     1.212400000     1.212400000     1.212400000     1.212400000
     6.046400000     6.046400000     5.956800000     5.956800000
     5.956800000     5.956800000     0.959680000     0.959680000
     0.988800000     0.988800000     0.988800000     0.988800000
     6.042900000     6.042900000     5.978100000     5.978100000
     5.978100000     5.978100000     0.759240000     0.759240000
     0.775860000     0.775860000     0.775860000     0.775860000
     6.041000000     6.041000000     5.994400000     5.994400000
     5.994400000     5.994400000     0.564470000     0.564470000
     0.573370000     0.573370000     0.573370000     0.573370000
     6.042900000     6.042900000     6.013100000     6.013100000
     6.013100000     6.013100000     0.373570000     0.373570000
     0.377350000     0.377350000     0.377350000     0.377350000
     6.048700000     6.048700000     6.034500000     6.034500000
     6.034500000     6.034500000     0.185680000     0.185680000
     0.186580000     0.186580000     0.186580000     0.186580000
     6.056200000     6.056200000     6.057200000     6.057200000
     6.057200000     6.057200000     0.000000000     0.000000000
     0.000000000     0.000000000     0.000000000     0.000000000
     6.065000000     6.065000000     6.077400000     6.077400000
     6.077400000     6.077400000    -0.184660000    -0.184660000
    -0.183900000    -0.183900000    -0.183900000    -0.183900000
     6.077700000     6.077700000     6.100900000     6.100900000
     6.100900000     6.100900000    -0.369170000    -0.369170000
    -0.366230000    -0.366230000    -0.366230000    -0.366230000
     6.094500000     6.094500000     6.128300000     6.128300000
     6.128300000     6.128300000    -0.554250000    -0.554250000
    -0.547810000    -0.547810000    -0.547810000    -0.547810000
     6.111000000     6.111000000     6.150600000     6.150600000
     6.150600000     6.150600000    -0.741760000    -0.741760000
    -0.731580000    -0.731580000    -0.731580000    -0.731580000
     6.131600000     6.131600000     6.178200000     6.178200000
     6.178200000     6.178200000    -0.932010000    -0.932010000
    -0.916890000    -0.916890000    -0.916890000    -0.916890000
     6.156400000     6.156400000     6.209400000     6.209400000
     6.209400000     6.209400000    -1.125900000    -1.125900000
    -1.104900000    -1.104900000    -1.104900000    -1.104900000
     6.185400000     6.185400000     6.243800000     6.243800000
     6.243800000     6.243800000    -1.324400000    -1.324400000
    -1.296800000    -1.296800000    -1.296800000    -1.296800000
     6.216800000     6.216800000     6.275000000     6.275000000
     6.275000000     6.275000000    -1.530100000    -1.530100000
    -1.498100000    -1.498100000    -1.498100000    -1.498100000
     6.253000000     6.253000000     6.310000000     6.310000000
     6.310000000     6.310000000    -1.743300000    -1.743300000
    -1.707100000    -1.707100000    -1.707100000    -1.707100000
     6.294900000     6.294900000     6.350500000     6.350500000
     6.350500000     6.350500000    -1.965400000    -1.965400000
    -1.925000000    -1.925000000    -1.925000000    -1.925000000
     6.343200000     6.343200000     6.398000000     6.398000000
     6.398000000     6.398000000    -2.197900000    -2.197900000
    -2.152700000    -2.152700000    -2.152700000    -2.152700000
     6.399200000     6.399200000     6.451000000     6.451000000
     6.451000000     6.451000000    -2.442300000    -2.442300000
    -2.393700000    -2.393700000    -2.393700000    -2.393700000
     6.464000000     6.464000000     6.513200000     6.513200000
     6.513200000     6.513200000    -2.700600000    -2.700600000
    -2.648400000    -2.648400000    -2.648400000    -2.648400000
     6.539100000     6.539100000     6.585300000     6.585300000
     6.585300000     6.585300000    -2.974800000    -2.974800000
    -2.919200000    -2.919200000    -2.919200000    -2.919200000
     6.627000000     6.627000000     6.669600000     6.669600000
     6.669600000     6.669600000    -3.266200000    -3.266200000
    -3.207800000    -3.207800000    -3.207800000    -3.207800000
     6.729900000     6.729900000     6.767500000     6.767500000
     6.767500000     6.767500000    -3.577200000    -3.577200000
    -3.518000000    -3.518000000    -3.518000000    -3.518000000
     6.849300000     6.849300000     6.878700000     6.878700000
     6.878700000     6.878700000    -3.912000000    -3.912000000
    -3.858400000    -3.858400000    -3.858400000    -3.858400000
     6.991800000     6.991800000     7.017200000     7.017200000
     7.017200000     7.017200000    -4.267600000    -4.267600000
    -4.213400000    -4.213400000    -4.213400000    -4.213400000
     7.158600000     7.158600000     7.178000000     7.178000000
     7.178000000     7.178000000    -4.650800000    -4.650800000
    -4.601400000    -4.601400000    -4.601400000    -4.601400000
     7.355900000     7.355900000     7.373300000     7.373300000
     7.373300000     7.373300000    -5.060100000    -5.060100000
    -5.006500000    -5.006500000    -5.006500000    -5.006500000
     7.626000000     7.626000000     7.630200000     7.630200000
     7.630200000     7.630200000    -5.351500000    -5.351500000
    -5.335700000    -5.335700000    -5.335700000    -5.335700000
     8.022600000     8.022600000     8.025000000     8.025000000
     8.025000000     8.025000000    -5.123500000    -5.123500000
    -5.110300000    -5.110300000    -5.110300000    -5.110300000
     8.379800000     8.379800000     8.380200000     8.380200000
     8.380200000     8.380200000    -4.909800000    -4.909800000
    -4.907800000    -4.907800000    -4.907800000    -4.907800000
     8.704200000     8.704200000     8.704000000     8.704000000
     8.704000000     8.704000000    -4.701400000    -4.701400000
    -4.704800000    -4.704800000    -4.704800000    -4.704800000
     9.000000000     9.000000000     9.000000000     9.000000000
     9.000000000     9.000000000    -4.500800000    -4.500800000
    -4.511800000    -4.511800000    -4.511800000    -4.511800000
     9.270900000     9.270900000     9.271900000     9.271900000
     9.271900000     9.271900000    -4.305700000    -4.305700000
    -4.322300000    -4.322300000    -4.322300000    -4.322300000
     9.519900000     9.519900000     9.523100000     9.523100000
     9.523100000     9.523100000    -4.115100000    -4.115100000
    -4.139100000    -4.139100000    -4.139100000    -4.139100000
     9.749300000     9.749300000     9.753700000     9.753700000
     9.753700000     9.753700000    -3.927900000    -3.927900000
    -3.951100000    -3.951100000    -3.951100000    -3.951100000
     9.961300000     9.961300000     9.967500000     9.967500000
     9.967500000     9.967500000    -3.743900000    -3.743900000
    -3.767500000    -3.767500000    -3.767500000    -3.767500000
    10.157600000    10.157600000    10.165000000    10.165000000
    10.165000000    10.165000000    -3.562700000    -3.562700000
    -3.585300000    -3.585300000    -3.585300000    -3.585300000
    10.339800000    10.339800000    10.348800000    10.348800000
    10.348800000    10.348800000    -3.384000000    -3.384000000
    -3.406800000    -3.406800000    -3.406800000    -3.406800000
    10.508900000    10.508900000    10.518900000    10.518900000
    10.518900000    10.518900000    -3.206600000    -3.206600000
    -3.228000000    -3.228000000    -3.228000000    -3.228000000
    10.666000000    10.666000000    10.676800000    10.676800000
    10.676800000    10.676800000    -3.030500000    -3.030500000
    -3.050300000    -3.050300000    -3.050300000    -3.050300000
    10.811700000    10.811700000    10.823100000    10.823100000
    10.823100000    10.823100000    -2.854800000    -2.854800000
    -2.872800000    -2.872800000    -2.872800000    -2.872800000
    10.946300000    10.946300000    10.957500000    10.957500000
    10.957500000    10.957500000    -2.678900000    -2.678900000
    -2.694300000    -2.694300000    -2.694300000    -2.694300000
    11.070300000    11.070300000    11.080500000    11.080500000
    11.080500000    11.080500000    -2.502600000    -2.502600000
    -2.515000000    -2.515000000    -2.515000000    -2.515000000
    11.183900000    11.183900000    11.192500000    11.192500000
    11.192500000    11.192500000    -2.325600000    -2.325600000
    -2.334800000    -2.334800000    -2.334800000    -2.334800000
    11.288300000    11.288300000    11.294900000    11.294900000
    11.294900000    11.294900000    -2.148900000    -2.148900000
    -2.155300000    -2.155300000    -2.155300000    -2.155300000
    11.383100000    11.383100000    11.387700000    11.387700000
    11.387700000    11.387700000    -1.971500000    -1.971500000
    -1.975300000    -1.975300000    -1.975300000    -1.975300000
    11.467700000    11.467700000    11.469700000    11.469700000
    11.469700000    11.469700000    -1.792900000    -1.792900000
    -1.794300000    -1.794300000    -1.794300000    -1.794300000
    11.542400000    11.542400000    11.541200000    11.541200000
    11.541200000    11.541200000    -1.613500000    -1.613500000
    -1.612900000    -1.612900000    -1.612900000    -1.612900000
    11.608300000    11.608300000    11.604900000    11.604900000
    11.604900000    11.604900000    -1.433900000    -1.433900000
    -1.432100000    -1.432100000    -1.432100000    -1.432100000
    11.665200000    11.665200000    11.659800000    11.659800000
    11.659800000    11.659800000    -1.254200000    -1.254200000
    -1.251800000    -1.251800000    -1.251800000    -1.251800000
    11.712800000    11.712800000    11.704800000    11.704800000
    11.704800000    11.704800000    -1.074100000    -1.074100000
    -1.070900000    -1.070900000    -1.070900000    -1.070900000
    11.751200000    11.751200000    11.740400000    11.740400000
    11.740400000    11.740400000    -0.893920000    -0.893920000
    -0.890440000    -0.890440000    -0.890440000    -0.890440000
    11.781800000    11.781800000    11.771200000    11.771200000
    11.771200000    11.771200000    -0.714240000    -0.714240000
    -0.711500000    -0.711500000    -0.711500000    -0.711500000
    11.804300000    11.804300000    11.794100000    11.794100000
    11.794100000    11.794100000    -0.534950000    -0.534950000
    -0.533010000    -0.533010000    -0.533010000    -0.533010000
    11.818500000    11.818500000    11.807700000    11.807700000
    11.807700000    11.807700000    -0.356060000    -0.356060000
    -0.354700000    -0.354700000    -0.354700000    -0.354700000
    11.825800000    11.825800000    11.818200000    11.818200000
    11.818200000    11.818200000    -0.177780000    -0.177780000
    -0.177300000    -0.177300000    -0.177300000    -0.177300000
