demo -demo- #11112 t=100
 Param|Time  |  Value  |   Error
|-----|------|---------|--------
NA1              100       
AB               2.9910       
AWALL            3.1362          
RTOR             9.0020  
ELONM            1.7146          
TRICH            0.3983         
ABC      0.0000   2.9039  
ELONG    0.0000   1.7146        
TRIAN    0.0000   0.3983        
SHIFT    0.0000   0.00000        
UPDWN    0.0000   0.0000        
IPL      0.0000 17.750        
BTOR     0.0000   5.8550        
ZRD1     0.0000   0.00000        
ZRD12     0.0000   0.20000        
ZRD13     0.0000   0.20000        
ZMJ              1     
AMJ              2.500000e+00     
ZRD16     0.0000   4     
ZRD17     0.0000   9     
ZRD2            0.9000        
ZRD3            11112        
ZRD4            100.000        
 

!Total radiation 
NAMEXP ZRD11 NTIMES 1 
 0.0000 
  139.20000  

!Dummy1 
NAMEXP ZRD41 NTIMES 1 
 0.0000  
 0.08707  

!Dummy2 
NAMEXP ZRD42 NTIMES 1 
 0.0000  
 0.00024  

!dummy3 
NAMEXP ZRD43 NTIMES 1 
 0.0000  
 0.00000  

!dummy4 
NAMEXP ZRD44 NTIMES 1 
 0.0000  
 0.03444  

!dummy5 
NAMEXP ZRD45 NTIMES 1 
 0.0000  
 0.04000  

!dummy6 
NAMEXP ZRD46 NTIMES 1 
 0.0000  
 0.08000  

!dummy7 
NAMEXP ZRD47 NTIMES 1 
 0.0000  
 1.00000  

!dummy8 
NAMEXP ZRD48 NTIMES 1 
 0.0000  
 0.20000  

!dummy9 
NAMEXP ZRD39 NTIMES 1 
 0.0000  
 0.30000  

!Zeff profile loading 
POINTS 41    GRIDTYPE 11    NAMEXP ZEF  FILTER 1.000000e-08   NTIMES 1 
 0.0000  
  0.00000 
   0.07260 
   0.14519 
   0.21779 
   0.29039 
   0.36298 
   0.43558 
   0.50818 
   0.58077 
   0.65337 
   0.72597 
   0.79856 
   0.87116 
   0.94376 
   1.01635 
   1.08895 
   1.16155 
   1.23415 
   1.30674 
   1.37934 
   1.45194 
   1.52453 
   1.59713 
   1.66973 
   1.74232 
   1.81492 
   1.88752 
   1.96011 
   2.03271 
   2.10531 
   2.17790 
   2.25050 
   2.32310 
   2.39569 
   2.46829 
   2.54089 
   2.61348 
   2.68608 
   2.75868 
   2.83127 
   2.90387 
  
1.1000 1.1000 1.1000 1.1000  
1.1000 1.1000 1.1000 1.1000  
1.1000 1.1000 1.1000 1.1000  
1.1000 1.1000 1.1000 1.1000  
1.1000 1.1000 1.1000 1.1000  
1.1000 1.1000 1.1000 1.1000  
1.1000 1.1000 1.1000 1.1000  
1.1000 1.1000 1.1000 1.1000  
1.1000 1.1000 1.1000 1.1000  
1.1000 1.1000 1.1000 1.1000  
1.1000  
 

!Electron density loading  
POINTS 41    GRIDTYPE 11    NAMEXP NE   FILTER 1.000000e-08  NTIMES 1 
 0.0000  
  0.00000 
   0.07260 
   0.14519 
   0.21779 
   0.29039 
   0.36298 
   0.43558 
   0.50818 
   0.58077 
   0.65337 
   0.72597 
   0.79856 
   0.87116 
   0.94376 
   1.01635 
   1.08895 
   1.16155 
   1.23415 
   1.30674 
   1.37934 
   1.45194 
   1.52453 
   1.59713 
   1.66973 
   1.74232 
   1.81492 
   1.88752 
   1.96011 
   2.03271 
   2.10531 
   2.17790 
   2.25050 
   2.32310 
   2.39569 
   2.46829 
   2.54089 
   2.61348 
   2.68608 
   2.75868 
   2.83127 
   2.90387 
 9.5289 9.5574 9.5669 9.5574  
9.5289 9.4812 9.4146 9.3289  
9.2442 9.1645 9.0815 8.9953  
8.9060 8.8135 8.7179 8.6181  
8.5147 8.4075 8.2956 8.1783  
8.0563 7.9298 7.7995 7.6651  
7.5265 7.3877 7.2476 7.1056  
6.9634 6.8226 6.6818 6.5414  
6.4047 6.2698 6.1367 6.0085  
5.8850 5.7652 5.4232 4.5351  
3.3501  
 

!Electron temperature loading on rhotcv variable 
POINTS 41    GRIDTYPE 11    NAMEXP TE   FILTER 1.000000e-08  NTIMES 1 
 0.0000  
  0.00000 
   0.07260 
   0.14519 
   0.21779 
   0.29039 
   0.36298 
   0.43558 
   0.50818 
   0.58077 
   0.65337 
   0.72597 
   0.79856 
   0.87116 
   0.94376 
   1.01635 
   1.08895 
   1.16155 
   1.23415 
   1.30674 
   1.37934 
   1.45194 
   1.52453 
   1.59713 
   1.66973 
   1.74232 
   1.81492 
   1.88752 
   1.96011 
   2.03271 
   2.10531 
   2.17790 
   2.25050 
   2.32310 
   2.39569 
   2.46829 
   2.54089 
   2.61348 
   2.68608 
   2.75868 
   2.83127 
   2.90387 
  
47.9019 48.7065 48.9747 48.7065  
47.9019 46.5610 44.6836 42.2699  
40.0732 38.2468 36.4726 34.7461  
33.0544 31.4060 29.8009 28.2233  
26.6799 25.1718 23.6909 22.2331  
20.8031 19.4073 18.0743 16.7866  
15.5440 14.3882 13.3071 12.2947  
11.3521 10.4803 9.6783 8.9445  
8.2643 7.6461 7.0900 6.5818  
6.1233 5.7178 4.8519 2.7908  
0.1000  
 

!Ion temperature loading  
POINTS 41    GRIDTYPE 11    NAMEXP TI  FILTER 1.000000e-08   NTIMES 1 
 0.0000  
  0.00000 
   0.07260 
   0.14519 
   0.21779 
   0.29039 
   0.36298 
   0.43558 
   0.50818 
   0.58077 
   0.65337 
   0.72597 
   0.79856 
   0.87116 
   0.94376 
   1.01635 
   1.08895 
   1.16155 
   1.23415 
   1.30674 
   1.37934 
   1.45194 
   1.52453 
   1.59713 
   1.66973 
   1.74232 
   1.81492 
   1.88752 
   1.96011 
   2.03271 
   2.10531 
   2.17790 
   2.25050 
   2.32310 
   2.39569 
   2.46829 
   2.54089 
   2.61348 
   2.68608 
   2.75868 
   2.83127 
   2.90387 
  
43.3478 44.0849 44.3307 44.0849  
43.3478 42.1191 40.3990 38.1874  
36.1806 34.5200 32.9119 31.3546  
29.8437 28.3821 26.9699 25.5943  
24.2606 22.9699 21.7126 20.4842  
19.2901 18.1332 17.0269 15.9631  
14.9416 13.9816 13.0774 12.2264  
11.4227 10.6612 9.9464 9.2764  
8.6318 8.0238 7.4525 6.8902  
6.3403 5.8094 4.8372 2.7652  
0.1000  
 

!Toroidal rotation velocity 
POINTS 41    GRIDTYPE 11    NAMEXP VTOR   FILTER 1.000000e-08  NTIMES 1 
 0.0000  
  0.00000 
   0.07260 
   0.14519 
   0.21779 
   0.29039 
   0.36298 
   0.43558 
   0.50818 
   0.58077 
   0.65337 
   0.72597 
   0.79856 
   0.87116 
   0.94376 
   1.01635 
   1.08895 
   1.16155 
   1.23415 
   1.30674 
   1.37934 
   1.45194 
   1.52453 
   1.59713 
   1.66973 
   1.74232 
   1.81492 
   1.88752 
   1.96011 
   2.03271 
   2.10531 
   2.17790 
   2.25050 
   2.32310 
   2.39569 
   2.46829 
   2.54089 
   2.61348 
   2.68608 
   2.75868 
   2.83127 
   2.90387 
  
0.0108 0.0107 0.0107 0.0107  
0.0108 0.0108 0.0109 0.0110  
0.0111 0.0112 0.0113 0.0113  
0.0114 0.0115 0.0115 0.0116  
0.0117 0.0118 0.0118 0.0119  
0.0120 0.0120 0.0121 0.0123  
0.0123 0.0125 0.0126 0.0128  
0.0129 0.0131 0.0133 0.0135  
0.0137 0.0140 0.0143 0.0146  
0.0150 0.0154 0.0157 0.0162  
0.0172  
 

!Chi_e 
POINTS 41    GRIDTYPE 11   NAMEXP CAR1   FILTER 1.000000e-08   NTIMES 1 
 0.0000  
  0.00000 
   0.07260 
   0.14519 
   0.21779 
   0.29039 
   0.36298 
   0.43558 
   0.50818 
   0.58077 
   0.65337 
   0.72597 
   0.79856 
   0.87116 
   0.94376 
   1.01635 
   1.08895 
   1.16155 
   1.23415 
   1.30674 
   1.37934 
   1.45194 
   1.52453 
   1.59713 
   1.66973 
   1.74232 
   1.81492 
   1.88752 
   1.96011 
   2.03271 
   2.10531 
   2.17790 
   2.25050 
   2.32310 
   2.39569 
   2.46829 
   2.54089 
   2.61348 
   2.68608 
   2.75868 
   2.83127 
   2.90387 
  
0.4689 0.4423 0.4334 0.4423  
0.4689 0.5133 0.5755 0.6554  
0.7294 0.7927 0.8553 0.9169  
0.9766 1.0350 1.0920 1.1462  
1.1982 1.2482 1.2952 1.3388  
1.3794 1.4220 1.4888 1.5662  
1.6540 1.7493 1.8529 1.9652  
2.0790 2.1879 2.2975 2.4082  
2.5211 2.6356 2.7516 2.8305  
2.8770 2.9003 2.6033 1.5608  
0.1000  
 

!Chi_i 
POINTS 41    GRIDTYPE 11   NAMEXP CAR6   FILTER 1.000000e-08  NTIMES 1 
 0.0000  
  0.00000 
   0.07260 
   0.14519 
   0.21779 
   0.29039 
   0.36298 
   0.43558 
   0.50818 
   0.58077 
   0.65337 
   0.72597 
   0.79856 
   0.87116 
   0.94376 
   1.01635 
   1.08895 
   1.16155 
   1.23415 
   1.30674 
   1.37934 
   1.45194 
   1.52453 
   1.59713 
   1.66973 
   1.74232 
   1.81492 
   1.88752 
   1.96011 
   2.03271 
   2.10531 
   2.17790 
   2.25050 
   2.32310 
   2.39569 
   2.46829 
   2.54089 
   2.61348 
   2.68608 
   2.75868 
   2.83127 
   2.90387 
  
0.9379 0.8846 0.8669 0.8846  
0.9379 1.0266 1.1509 1.3107  
1.4588 1.5854 1.7107 1.8338  
1.9532 2.0699 2.1840 2.2924  
2.3965 2.4964 2.5904 2.6775  
2.7589 2.8440 2.9776 3.1323  
3.3080 3.4986 3.7058 3.9305  
4.1581 4.3757 4.5950 4.8163  
5.0422 5.2712 5.5033 5.2585  
4.5954 3.6288 2.4884 1.3597  
0.1000  
 

!Dn 
POINTS 41    GRIDTYPE 11   NAMEXP CAR7  FILTER 1.000000e-08   NTIMES 1 
 0.0000  
  0.00000 
   0.07260 
   0.14519 
   0.21779 
   0.29039 
   0.36298 
   0.43558 
   0.50818 
   0.58077 
   0.65337 
   0.72597 
   0.79856 
   0.87116 
   0.94376 
   1.01635 
   1.08895 
   1.16155 
   1.23415 
   1.30674 
   1.37934 
   1.45194 
   1.52453 
   1.59713 
   1.66973 
   1.74232 
   1.81492 
   1.88752 
   1.96011 
   2.03271 
   2.10531 
   2.17790 
   2.25050 
   2.32310 
   2.39569 
   2.46829 
   2.54089 
   2.61348 
   2.68608 
   2.75868 
   2.83127 
   2.90387 
  
0.7182 0.7315 0.7338 0.7331  
0.7456 0.7730 0.8140 0.8498  
0.8622 0.8662 0.8666 0.8624  
0.8576 0.8528 0.8485 0.8446  
0.8409 0.8376 0.8348 0.8319  
0.8292 0.8191 0.8199 0.8152  
0.7892 0.7711 0.7536 0.7359  
0.7178 0.6991 0.6794 0.6585  
0.6361 0.6115 0.5847 0.5542  
0.5173 0.4865 0.5189 0.5267  
0.4603  
 

!Cn 
POINTS 41    GRIDTYPE 11   NAMEXP CAR8  FILTER 1.000000e-08   NTIMES 1 
 0.0000  
  0.00000 
   0.07260 
   0.14519 
   0.21779 
   0.29039 
   0.36298 
   0.43558 
   0.50818 
   0.58077 
   0.65337 
   0.72597 
   0.79856 
   0.87116 
   0.94376 
   1.01635 
   1.08895 
   1.16155 
   1.23415 
   1.30674 
   1.37934 
   1.45194 
   1.52453 
   1.59713 
   1.66973 
   1.74232 
   1.81492 
   1.88752 
   1.96011 
   2.03271 
   2.10531 
   2.17790 
   2.25050 
   2.32310 
   2.39569 
   2.46829 
   2.54089 
   2.61348 
   2.68608 
   2.75868 
   2.83127 
   2.90387 
 1.2796 41.2667 81.8771 122.4542  
161.8497 198.7431 232.3933 264.4534  
297.7374 331.6611 365.8150 400.5162  
435.3552 470.2459 505.1208 539.9658  
574.8187 609.6313 644.3489 679.1162  
713.9301 751.4947 787.4736 828.5039  
879.0683 930.2908 983.9603 1040.6725  
1101.0180 1165.7412 1235.8230 1312.3889  
1397.1754 1492.8306 1602.0741 1734.4692  
1894.9310 2067.0305 2035.1163 2113.8109  
2495.3723  
 

!Sn 
POINTS 41    GRIDTYPE 11   NAMEXP CAR9  FILTER 1.000000e-08   NTIMES 1 
 0.0000  
  0.00000 
   0.07260 
   0.14519 
   0.21779 
   0.29039 
   0.36298 
   0.43558 
   0.50818 
   0.58077 
   0.65337 
   0.72597 
   0.79856 
   0.87116 
   0.94376 
   1.01635 
   1.08895 
   1.16155 
   1.23415 
   1.30674 
   1.37934 
   1.45194 
   1.52453 
   1.59713 
   1.66973 
   1.74232 
   1.81492 
   1.88752 
   1.96011 
   2.03271 
   2.10531 
   2.17790 
   2.25050 
   2.32310 
   2.39569 
   2.46829 
   2.54089 
   2.61348 
   2.68608 
   2.75868 
   2.83127 
   2.90387 
  
0.0000 0.0000 0.0000 0.1645  
0.2887 0.3916 0.4804 0.4796  
0.3987 0.3431 0.3177 0.2952  
0.2748 0.2558 0.2396 0.2251  
0.2111 0.1986 0.1879 0.1775  
0.1669 0.1550 0.1443 0.1426  
0.1369 0.1301 0.1240 0.1178  
0.1112 0.1045 0.0978 0.0916  
0.0854 0.0790 0.0732 0.0680  
0.0626 0.1021 0.2364 0.4753  
0.0041  
 

!Patch 
POINTS 41    GRIDTYPE 11   NAMEXP CAR5  FILTER 1.000000e-08   NTIMES 1 
 0.0000 
  0.00000 
   0.07260 
   0.14519 
   0.21779 
   0.29039 
   0.36298 
   0.43558 
   0.50818 
   0.58077 
   0.65337 
   0.72597 
   0.79856 
   0.87116 
   0.94376 
   1.01635 
   1.08895 
   1.16155 
   1.23415 
   1.30674 
   1.37934 
   1.45194 
   1.52453 
   1.59713 
   1.66973 
   1.74232 
   1.81492 
   1.88752 
   1.96011 
   2.03271 
   2.10531 
   2.17790 
   2.25050 
   2.32310 
   2.39569 
   2.46829 
   2.54089 
   2.61348 
   2.68608 
   2.75868 
   2.83127 
   2.90387 
   0.01265 
  13.39744 
  52.85566 
  117.89875 
  209.04510 
  326.23304 
  468.92706 
  633.80690 
  816.50896 
  1020.04759 
  1244.79969 
  1489.70417 
  1756.35225 
  2045.14137 
  2356.45500 
  2690.51272 
  3047.42996 
  3427.57302 
  3831.25824 
  4258.49294 
  4710.05105 
  5185.92758 
  5698.76634 
  6256.04255 
  6845.82854 
  7491.61996 
  8190.79804 
  8948.77643 
  9773.19805 
  10673.64139 
  11662.22322 
  12754.97970 
  13973.43549 
  15347.39151 
  16916.35100 
  18782.23895 
  20973.21368 
  23525.59249 
  24936.91869 
  27335.47807 
  32477.98425 
 

!Patch 
POINTS 41    GRIDTYPE 11   NAMEXP CAR10  FILTER 1.000000e-08   NTIMES 1 
 0.0000 
  0.00000 
   0.07260 
   0.14519 
   0.21779 
   0.29039 
   0.36298 
   0.43558 
   0.50818 
   0.58077 
   0.65337 
   0.72597 
   0.79856 
   0.87116 
   0.94376 
   1.01635 
   1.08895 
   1.16155 
   1.23415 
   1.30674 
   1.37934 
   1.45194 
   1.52453 
   1.59713 
   1.66973 
   1.74232 
   1.81492 
   1.88752 
   1.96011 
   2.03271 
   2.10531 
   2.17790 
   2.25050 
   2.32310 
   2.39569 
   2.46829 
   2.54089 
   2.61348 
   2.68608 
   2.75868 
   2.83127 
   2.90387 
   -29.53260 
  -9.97441 
  -0.00000 
  3.35997 
  4.98647 
  5.88309 
  6.37461 
  5.70540 
  4.21731 
  3.23616 
  2.72209 
  2.31225 
  1.97671 
  1.69488 
  1.46536 
  1.27428 
  1.10787 
  0.96766 
  0.85056 
  0.74800 
  0.65548 
  0.57024 
  0.50284 
  0.45754 
  0.41494 
  0.37190 
  0.33571 
  0.30364 
  0.27447 
  0.24793 
  0.22386 
  0.20332 
  0.18498 
  0.16712 
  0.15218 
  0.13963 
  0.12705 
  0.18343 
  0.36583 
  0.45568 
  0.39818 
 

!Patch 
POINTS 41    GRIDTYPE 11   NAMEXP CAR11  FILTER 1.000000e-08   NTIMES 1 
 0.0000 
  0.00000 
   0.07260 
   0.14519 
   0.21779 
   0.29039 
   0.36298 
   0.43558 
   0.50818 
   0.58077 
   0.65337 
   0.72597 
   0.79856 
   0.87116 
   0.94376 
   1.01635 
   1.08895 
   1.16155 
   1.23415 
   1.30674 
   1.37934 
   1.45194 
   1.52453 
   1.59713 
   1.66973 
   1.74232 
   1.81492 
   1.88752 
   1.96011 
   2.03271 
   2.10531 
   2.17790 
   2.25050 
   2.32310 
   2.39569 
   2.46829 
   2.54089 
   2.61348 
   2.68608 
   2.75868 
   2.83127 
   2.90387 
   34.88490 
  12.46383 
  0.99648 
  -2.85894 
  -4.68577 
  -5.63976 
  -6.11134 
  -5.29609 
  -3.59993 
  -2.48148 
  -1.89414 
  -1.43021 
  -1.04970 
  -0.73156 
  -0.47316 
  -0.25939 
  -0.07472 
  0.08060 
  0.20923 
  0.32112 
  0.40945 
  0.46960 
  0.17463 
  -0.14253 
  -0.13071 
  -0.11061 
  -0.09590 
  -0.08353 
  -0.07274 
  -0.06321 
  -0.05466 
  -0.04817 
  -0.04292 
  -0.03736 
  -0.03252 
  -0.02863 
  -0.00182 
  0.00933 
  -0.00220 
  -0.15607 
  -0.40046 
!ECH dep profile 
POINTS 41    GRIDTYPE 11    NAMEXP CAR2     FILTER 1.000000e-08  NTIMES 1 
 0.0000  
  0.00000 
   0.07260 
   0.14519 
   0.21779 
   0.29039 
   0.36298 
   0.43558 
   0.50818 
   0.58077 
   0.65337 
   0.72597 
   0.79856 
   0.87116 
   0.94376 
   1.01635 
   1.08895 
   1.16155 
   1.23415 
   1.30674 
   1.37934 
   1.45194 
   1.52453 
   1.59713 
   1.66973 
   1.74232 
   1.81492 
   1.88752 
   1.96011 
   2.03271 
   2.10531 
   2.17790 
   2.25050 
   2.32310 
   2.39569 
   2.46829 
   2.54089 
   2.61348 
   2.68608 
   2.75868 
   2.83127 
   2.90387 
  
0.2808 0.2764 0.2638 0.2439  
0.2187 0.1900 0.1600 0.1306  
0.1033 0.0792 0.0589 0.0424  
0.0296 0.0200 0.0131 0.0083  
0.0051 0.0031 0.0018 0.0010  
0.0005 0.0003 0.0001 0.0001  
0.0000 0.0000 0.0000 0.0000  
0.0000 0.0000 0.0000 0.0000  
0.0000 0.0000 0.0000 0.0000  
0.0000 0.0000 0.0000 0.0000  
0.0000  
!NBI dep profile 
POINTS 41    GRIDTYPE 11    NAMEXP CAR3  FILTER 1.000000e-08   NTIMES 1 
 0.0000  
  0.00000 
   0.07260 
   0.14519 
   0.21779 
   0.29039 
   0.36298 
   0.43558 
   0.50818 
   0.58077 
   0.65337 
   0.72597 
   0.79856 
   0.87116 
   0.94376 
   1.01635 
   1.08895 
   1.16155 
   1.23415 
   1.30674 
   1.37934 
   1.45194 
   1.52453 
   1.59713 
   1.66973 
   1.74232 
   1.81492 
   1.88752 
   1.96011 
   2.03271 
   2.10531 
   2.17790 
   2.25050 
   2.32310 
   2.39569 
   2.46829 
   2.54089 
   2.61348 
   2.68608 
   2.75868 
   2.83127 
   2.90387 
  
0.2808 0.2764 0.2638 0.2439  
0.2187 0.1900 0.1600 0.1306  
0.1033 0.0792 0.0589 0.0424  
0.0296 0.0200 0.0131 0.0083  
0.0051 0.0031 0.0018 0.0010  
0.0005 0.0003 0.0001 0.0001  
0.0000 0.0000 0.0000 0.0000  
0.0000 0.0000 0.0000 0.0000  
0.0000 0.0000 0.0000 0.0000  
0.0000 0.0000 0.0000 0.0000  
0.0000  
!JCD dep profile 
POINTS 41    GRIDTYPE 11    NAMEXP CAR4   FILTER 1.000000e-08  NTIMES 1 
 0.0000  
  0.00000 
   0.07260 
   0.14519 
   0.21779 
   0.29039 
   0.36298 
   0.43558 
   0.50818 
   0.58077 
   0.65337 
   0.72597 
   0.79856 
   0.87116 
   0.94376 
   1.01635 
   1.08895 
   1.16155 
   1.23415 
   1.30674 
   1.37934 
   1.45194 
   1.52453 
   1.59713 
   1.66973 
   1.74232 
   1.81492 
   1.88752 
   1.96011 
   2.03271 
   2.10531 
   2.17790 
   2.25050 
   2.32310 
   2.39569 
   2.46829 
   2.54089 
   2.61348 
   2.68608 
   2.75868 
   2.83127 
   2.90387 
  
1.1666 1.1508 1.1443 1.1456  
1.1442 1.1373 1.1262 1.1184  
1.1194 1.1235 1.1285 1.1345  
1.1404 1.1458 1.1506 1.1549  
1.1587 1.1620 1.1648 1.1672  
1.1694 1.1733 1.1814 1.2010  
1.2272 1.2566 1.2881 1.3222  
1.3595 1.4009 1.4471 1.4995  
1.5598 1.6306 1.7148 1.8241  
1.9582 2.1044 2.0179 2.0798  
2.4982  
 

!q-profile loading: initial condition for mu 
POINTS 41  GRIDTYPE 11      NAMEXP MU     FILTER 1.000000e-08  NTIMES 1 
 0.0000 
  0.00000 
   0.07260 
   0.14519 
   0.21779 
   0.29039 
   0.36298 
   0.43558 
   0.50818 
   0.58077 
   0.65337 
   0.72597 
   0.79856 
   0.87116 
   0.94376 
   1.01635 
   1.08895 
   1.16155 
   1.23415 
   1.30674 
   1.37934 
   1.45194 
   1.52453 
   1.59713 
   1.66973 
   1.74232 
   1.81492 
   1.88752 
   1.96011 
   2.03271 
   2.10531 
   2.17790 
   2.25050 
   2.32310 
   2.39569 
   2.46829 
   2.54089 
   2.61348 
   2.68608 
   2.75868 
   2.83127 
   2.90387 
   1.00000 
  1.00000 
  1.00000 
  1.00000 
  1.00000 
  1.00000 
  1.00000 
  1.00000 
  1.00000 
  1.00000 
  1.00000 
  1.00000 
  1.00000 
  1.00000 
  1.00000 
  1.00000 
  1.00000 
  1.00000 
  1.00000 
  1.00000 
  1.00000 
  0.99983 
  0.98903 
  0.91688 
  0.85467 
  0.79258 
  0.73397 
  0.67884 
  0.62682 
  0.57762 
  0.53100 
  0.48666 
  0.44435 
  0.40377 
  0.36469 
  0.32583 
  0.28905 
  0.25651 
  0.24807 
  0.23604 
  0.18792 
