   18    5   30    1   18           /Ar  standard Behringer data set (R.Dux)   
================================================================================
  11.00000  12.00000  13.00000  14.00000  15.00000
   0.00000   0.16203   0.32407   0.48610   0.64813   0.81017   0.97220   1.13423
   1.29627   1.45830   1.62033   1.78237   1.94440   2.10643   2.26847   2.43050
   2.59254   2.75457   2.91660   3.07864   3.24067   3.40270   3.56474   3.72677
   3.88880   4.05084   4.21287   4.37490   4.53694   4.69897
 == 1 ================== Behringer data =========================================
 -13.02054 -13.08482 -13.19405 -13.43155 -13.43165
 -13.12029 -13.18726 -13.29320 -13.51181 -13.51685
 -12.99885 -13.12185 -13.26448 -13.47771 -13.53453
 -12.55354 -12.73031 -12.92044 -13.13359 -13.28632
 -12.11220 -12.28963 -12.47746 -12.67126 -12.84640
 -11.80359 -11.97145 -12.14645 -12.32315 -12.49157
 -11.63279 -11.79272 -11.95846 -12.12500 -12.28668
 -11.57482 -11.72971 -11.88977 -12.05054 -12.20797
 -11.60196 -11.75362 -11.91018 -12.06757 -12.22244
 -11.69066 -11.84005 -11.99445 -12.14976 -12.30306
 -11.82295 -11.97079 -12.12366 -12.27719 -12.42993
 -11.98577 -12.13240 -12.28402 -12.43687 -12.58891
 -12.16982 -12.31548 -12.46628 -12.61852 -12.77010
 -12.36863 -12.51343 -12.66356 -12.81536 -12.96663
 -12.57766 -12.72166 -12.87123 -13.02267 -13.17373
 -12.79376 -12.93699 -13.08605 -13.23722 -13.38812
 -13.01476 -13.15725 -13.30582 -13.45674 -13.60752
 -13.23915 -13.38086 -13.52900 -13.67969 -13.83039
 -13.46589 -13.60687 -13.75453 -13.90501 -14.05564
 -13.69429 -13.83453 -13.98171 -14.13196 -14.28254
 -13.92384 -14.06333 -14.21001 -14.36005 -14.51056
 -14.15422 -14.29294 -14.43902 -14.58891 -14.73938
 -14.38518 -14.52313 -14.66867 -14.81833 -14.96814
 -14.61655 -14.75373 -14.89872 -15.04789 -15.19787
 -14.84825 -14.98460 -15.12906 -15.27795 -15.42785
 -15.08019 -15.21574 -15.35961 -15.50820 -15.65803
 -15.31231 -15.44706 -15.59032 -15.73860 -15.88833
 -15.54459 -15.67852 -15.82115 -15.96909 -16.11873
 -15.77698 -15.91011 -16.05208 -16.19967 -16.34920
 -16.00948 -16.14180 -16.28303 -16.43031 -16.57972
 == 2 ================== Behringer data =========================================
 -12.16444 -12.23158 -12.28462 -12.49461 -12.49483
 -12.22482 -12.30975 -12.36612 -12.44708 -12.57705
 -12.02641 -12.09785 -12.20809 -12.33133 -12.49199
 -11.56708 -11.65244 -11.77889 -11.94003 -12.13640
 -11.20124 -11.29028 -11.41864 -11.58603 -11.78800
 -10.97331 -11.06564 -11.19291 -11.35688 -11.55225
 -10.85520 -10.95152 -11.07763 -11.23632 -11.42254
 -10.82548 -10.92525 -11.05019 -11.20437 -11.38257
 -10.86638 -10.96863 -11.09294 -11.24322 -11.41529
 -10.96179 -11.06570 -11.18921 -11.33644 -11.50398
 -11.09772 -11.20257 -11.32520 -11.46995 -11.63408
 -11.26305 -11.36830 -11.48995 -11.63231 -11.79403
 -11.44931 -11.55459 -11.67518 -11.81564 -11.97513
 -11.65032 -11.75534 -11.87486 -12.01353 -12.17054
 -11.86164 -11.96630 -12.08457 -12.22161 -12.37687
 -12.08018 -12.18435 -12.30144 -12.43681 -12.59041
 -12.30373 -12.40735 -12.52326 -12.65698 -12.80897
 -12.53075 -12.63380 -12.74852 -12.88062 -13.03104
 -12.76020 -12.86263 -12.97621 -13.10671 -13.25556
 -12.99134 -13.09318 -13.20562 -13.33435 -13.48180
 -13.22365 -13.32491 -13.43616 -13.56340 -13.70928
 -13.45677 -13.55748 -13.66765 -13.79334 -13.93764
 -13.69048 -13.79063 -13.89978 -14.02395 -14.16666
 -13.92460 -14.02423 -14.13237 -14.25506 -14.39576
 -14.15899 -14.25814 -14.36532 -14.48655 -14.62565
 -14.39360 -14.49230 -14.59849 -14.71836 -14.85585
 -14.62837 -14.72660 -14.83194 -14.95027 -15.08630
 -14.86323 -14.96106 -15.06557 -15.18254 -15.31697
 -15.09819 -15.19564 -15.29935 -15.41501 -15.54785
 -15.33321 -15.43030 -15.53325 -15.64764 -15.77890
 == 3 ================== Behringer data =========================================
 -11.68268 -11.72078 -11.82106 -11.87867 -11.96257
 -11.75214 -11.80032 -11.85548 -11.95096 -12.03541
 -11.57099 -11.61081 -11.66672 -11.76027 -11.86989
 -11.09081 -11.12647 -11.18377 -11.27640 -11.40560
 -10.70230 -10.74036 -10.79889 -10.89032 -11.02158
 -10.46786 -10.51149 -10.57337 -10.66462 -10.79414
 -10.35397 -10.40538 -10.47158 -10.56317 -10.69096
 -10.33217 -10.39095 -10.46144 -10.55442 -10.68004
 -10.38101 -10.44574 -10.51997 -10.61388 -10.73759
 -10.48314 -10.55222 -10.62923 -10.72366 -10.84557
 -10.62448 -10.69667 -10.77554 -10.87006 -10.98985
 -10.79411 -10.86845 -10.94850 -11.04276 -11.16077
 -10.98388 -11.05967 -11.14033 -11.23412 -11.35031
 -11.18782 -11.26456 -11.34556 -11.43850 -11.55298
 -11.40167 -11.47906 -11.56014 -11.65223 -11.76484
 -11.62244 -11.70024 -11.78124 -11.87241 -11.98316
 -11.84800 -11.92607 -12.00689 -12.09710 -12.20599
 -12.07688 -12.15511 -12.23566 -12.32494 -12.43201
 -12.30807 -12.38640 -12.46668 -12.55501 -12.66028
 -12.54084 -12.61925 -12.69925 -12.78653 -12.88988
 -12.77473 -12.85315 -12.93289 -13.01927 -13.12091
 -13.00938 -13.08782 -13.16730 -13.25282 -13.35281
 -13.24454 -13.32301 -13.40220 -13.48695 -13.58535
 -13.48008 -13.55854 -13.63752 -13.72151 -13.81837
 -13.71586 -13.79435 -13.87312 -13.95640 -14.05179
 -13.95182 -14.03033 -14.10888 -14.19143 -14.28553
 -14.18790 -14.26641 -14.34483 -14.42676 -14.51927
 -14.42408 -14.50261 -14.58089 -14.66225 -14.75348
 -14.66030 -14.73886 -14.81703 -14.89787 -14.98789
 -14.89658 -14.97514 -15.05319 -15.13359 -15.22247
 == 4 ================== Behringer data =========================================
 -11.35147 -11.39298 -11.46192 -11.54062 -11.68559
 -11.45502 -11.49355 -11.55845 -11.63369 -11.69138
 -11.50278 -11.54382 -11.60050 -11.66892 -11.72755
 -11.23301 -11.25903 -11.28935 -11.35140 -11.42068
 -10.76058 -10.78211 -10.81351 -10.86120 -10.93796
 -10.42252 -10.44797 -10.48101 -10.52921 -10.60406
 -10.24533 -10.27485 -10.31039 -10.35951 -10.43320
 -10.19083 -10.22404 -10.26193 -10.31187 -10.38455
 -10.22458 -10.26068 -10.30041 -10.35101 -10.42263
 -10.32064 -10.35901 -10.40016 -10.45099 -10.52112
 -10.46038 -10.50044 -10.54259 -10.59325 -10.66225
 -10.63059 -10.67185 -10.71469 -10.76514 -10.83277
 -10.82195 -10.86412 -10.90732 -10.95746 -11.02365
 -11.02799 -11.07081 -11.11425 -11.16392 -11.22866
 -11.24415 -11.28744 -11.33103 -11.38017 -11.44344
 -11.46729 -11.51097 -11.55460 -11.60307 -11.66501
 -11.69526 -11.73923 -11.78281 -11.83076 -11.89105
 -11.92654 -11.97074 -12.01431 -12.06170 -12.12062
 -12.16012 -12.20452 -12.24804 -12.29490 -12.35249
 -12.39525 -12.43984 -12.48333 -12.52968 -12.58600
 -12.63148 -12.67621 -12.71963 -12.76545 -12.82067
 -12.86843 -12.91334 -12.95674 -13.00210 -13.05619
 -13.10591 -13.15095 -13.19436 -13.23932 -13.29208
 -13.34373 -13.38893 -13.43229 -13.47693 -13.52868
 -13.58179 -13.62715 -13.67052 -13.71483 -13.76562
 -13.82001 -13.86551 -13.90894 -13.95284 -14.00284
 -14.05835 -14.10400 -14.14743 -14.19112 -14.24028
 -14.29675 -14.34255 -14.38606 -14.42951 -14.47791
 -14.53520 -14.58117 -14.62475 -14.66801 -14.71547
 -14.77369 -14.81980 -14.86345 -14.90648 -14.95337
 == 5 ================== Behringer data =========================================
 -11.09979 -11.14255 -11.21768 -11.28179 -11.38725
 -11.19657 -11.23588 -11.28391 -11.36712 -11.46878
 -11.18236 -11.21144 -11.24816 -11.31203 -11.35484
 -10.80349 -10.81876 -10.83868 -10.86719 -10.91573
 -10.37586 -10.38576 -10.40183 -10.42666 -10.46945
 -10.10816 -10.11911 -10.13437 -10.15898 -10.19983
  -9.98728 -10.00011 -10.01651 -10.04117 -10.08103
  -9.97412  -9.98899 -10.00681 -10.03185 -10.07100
 -10.03742 -10.05425 -10.07331 -10.09858 -10.13727
 -10.15456 -10.17299 -10.19300 -10.21864 -10.25639
 -10.30934 -10.32901 -10.34984 -10.37562 -10.41264
 -10.49039 -10.51102 -10.53242 -10.55821 -10.59443
 -10.68967 -10.71103 -10.73282 -10.75850 -10.79390
 -10.90159 -10.92346 -10.94548 -10.97092 -11.00557
 -11.12221 -11.14450 -11.16669 -11.19188 -11.22567
 -11.34886 -11.37143 -11.39374 -11.41866 -11.45137
 -11.57963 -11.60245 -11.62476 -11.64946 -11.68131
 -11.81326 -11.83627 -11.85860 -11.88289 -11.91404
 -12.04882 -12.07198 -12.09435 -12.11835 -12.14872
 -12.28574 -12.30904 -12.33135 -12.35514 -12.38476
 -12.52357 -12.54697 -12.56932 -12.59285 -12.62176
 -12.76203 -12.78556 -12.80791 -12.83109 -12.85920
 -13.00093 -13.02455 -13.04688 -13.06989 -13.09737
 -13.24013 -13.26387 -13.28621 -13.30903 -13.33591
 -13.47954 -13.50336 -13.52575 -13.54839 -13.57472
 -13.71909 -13.74302 -13.76539 -13.78781 -13.81352
 -13.95873 -13.98276 -14.00519 -14.02747 -14.05269
 -14.19844 -14.22258 -14.24506 -14.26722 -14.29200
 -14.43820 -14.46243 -14.48494 -14.50695 -14.53142
 -14.67799 -14.70233 -14.72490 -14.74682 -14.77093
 == 6 ================== Behringer data =========================================
 -10.90429 -10.95220 -10.99851 -11.07262 -11.15415
 -11.00311 -11.03664 -11.09151 -11.16267 -11.24205
 -11.08714 -11.12624 -11.17928 -11.22171 -11.32586
 -11.04978 -11.10874 -11.16477 -11.23417 -11.30571
 -10.77319 -10.86609 -10.96164 -11.06002 -11.15860
 -10.49510 -10.60449 -10.71731 -10.83283 -10.94928
 -10.33594 -10.45010 -10.56802 -10.68885 -10.81117
 -10.28355 -10.39654 -10.51293 -10.63132 -10.75258
 -10.30451 -10.41265 -10.52284 -10.63359 -10.74545
 -10.37550 -10.47594 -10.57697 -10.67674 -10.77487
 -10.48413 -10.57659 -10.66788 -10.75706 -10.84369
 -10.62359 -10.70906 -10.79239 -10.87280 -10.95042
 -10.78813 -10.86811 -10.94549 -11.01915 -11.09058
 -10.97239 -11.04837 -11.12130 -11.19058 -11.25743
 -11.17147 -11.24457 -11.31453 -11.38069 -11.44436
 -11.38140 -11.45250 -11.52038 -11.58439 -11.64530
 -11.59911 -11.66873 -11.73510 -11.79751 -11.85708
 -11.82226 -11.89087 -11.95625 -12.01764 -12.07607
 -12.04924 -12.11706 -12.18178 -12.24247 -12.30009
 -12.27885 -12.34613 -12.41026 -12.47034 -12.52757
 -12.51031 -12.57712 -12.64095 -12.70068 -12.75698
 -12.74306 -12.80951 -12.87308 -12.93258 -12.98853
 -12.97669 -13.04282 -13.10613 -13.16556 -13.22124
 -13.21095 -13.27682 -13.33998 -13.39909 -13.45478
 -13.44567 -13.51126 -13.57425 -13.63336 -13.68845
 -13.68070 -13.74607 -13.80895 -13.86801 -13.92298
 -13.91597 -13.98109 -14.04383 -14.10274 -14.15782
 -14.15143 -14.21633 -14.27897 -14.33787 -14.39288
 -14.38704 -14.45168 -14.51427 -14.57315 -14.62773
 -14.62275 -14.68714 -14.74960 -14.80838 -14.86310
 == 7 ================== Behringer data =========================================
 -10.73982 -10.78065 -10.83343 -10.89710 -10.96275
 -10.82999 -10.87385 -10.92394 -10.98530 -11.04931
 -10.90334 -10.94026 -10.98561 -11.03852 -11.12479
 -10.83481 -10.89800 -10.96248 -11.03087 -11.12384
 -10.62134 -10.70997 -10.80427 -10.89801 -10.99012
 -10.43751 -10.54097 -10.64663 -10.75753 -10.86593
 -10.35343 -10.46169 -10.57318 -10.68910 -10.80425
 -10.35466 -10.46286 -10.57494 -10.68848 -10.80505
 -10.41312 -10.51731 -10.62363 -10.73142 -10.83981
 -10.50703 -10.60354 -10.70080 -10.79727 -10.89239
 -10.62705 -10.71472 -10.80139 -10.88564 -10.96568
 -10.77038 -10.84975 -10.92693 -11.00055 -11.07063
 -10.93483 -11.00771 -11.07770 -11.14372 -11.20611
 -11.11731 -11.18530 -11.25008 -11.31072 -11.36777
 -11.31398 -11.37835 -11.43931 -11.49597 -11.54978
 -11.52134 -11.58316 -11.64147 -11.69551 -11.74584
 -11.73649 -11.79630 -11.85279 -11.90496 -11.95343
 -11.95709 -12.01539 -12.07036 -12.12134 -12.16844
 -12.18153 -12.23872 -12.29261 -12.34216 -12.38860
 -12.40870 -12.46487 -12.51780 -12.56670 -12.61152
 -12.63771 -12.69311 -12.74532 -12.79356 -12.83770
 -12.86805 -12.92271 -12.97438 -13.02172 -13.06564
 -13.09935 -13.15340 -13.20438 -13.25140 -13.29484
 -13.33137 -13.38477 -13.43533 -13.48193 -13.52423
 -13.56389 -13.61670 -13.66674 -13.71278 -13.75503
 -13.79681 -13.84913 -13.89875 -13.94445 -13.98636
 -14.03005 -14.08183 -14.13099 -14.17622 -14.21812
 -14.26356 -14.31488 -14.36366 -14.40859 -14.44958
 -14.49729 -14.54810 -14.59646 -14.64124 -14.68198
 -14.73123 -14.78154 -14.82960 -14.87387 -14.91463
 == 8 ================== Behringer data =========================================
 -10.59803 -10.63343 -10.69073 -10.74625 -10.80069
 -10.68845 -10.72647 -10.76726 -10.83422 -10.88725
 -10.78774 -10.82275 -10.86092 -10.90504 -10.97591
 -10.88680 -10.91602 -10.95808 -10.99958 -11.06731
 -10.99087 -11.02054 -11.04954 -11.09795 -11.16210
 -11.10270 -11.12440 -11.15584 -11.20065 -11.26098
 -11.21665 -11.23835 -11.26687 -11.29532 -11.34183
 -11.33793 -11.35357 -11.37642 -11.40895 -11.45205
 -11.46098 -11.47639 -11.49680 -11.52631 -11.56600
 -11.54641 -11.55763 -11.57649 -11.60079 -11.63403
 -11.39603 -11.40156 -11.40912 -11.42035 -11.43618
 -11.06591 -11.06802 -11.07172 -11.07732 -11.08637
 -10.82406 -10.82540 -10.82757 -10.83172 -10.83873
 -10.71528 -10.71627 -10.71813 -10.72145 -10.72780
 -10.71179 -10.71268 -10.71434 -10.71737 -10.72319
 -10.78375 -10.78456 -10.78607 -10.78894 -10.79424
 -10.90842 -10.90917 -10.91059 -10.91324 -10.91830
 -11.06960 -11.07030 -11.07163 -11.07416 -11.07895
 -11.25598 -11.25665 -11.25791 -11.26031 -11.26486
 -11.45974 -11.46038 -11.46156 -11.46382 -11.46810
 -11.67548 -11.67607 -11.67720 -11.67935 -11.68342
 -11.89944 -11.90001 -11.90109 -11.90313 -11.90700
 -12.12907 -12.12961 -12.13063 -12.13255 -12.13620
 -12.36260 -12.36310 -12.36408 -12.36591 -12.36939
 -12.59880 -12.59929 -12.60021 -12.60197 -12.60527
 -12.83686 -12.83732 -12.83820 -12.83985 -12.84303
 -13.07618 -13.07662 -13.07745 -13.07903 -13.08200
 -13.31637 -13.31679 -13.31758 -13.31907 -13.32192
 -13.55717 -13.55757 -13.55832 -13.55974 -13.56246
 -13.79837 -13.79875 -13.79947 -13.80084 -13.80337
 == 9 ================== Behringer data =========================================
 -10.46473 -10.50290 -10.54187 -10.60209 -10.67559
 -10.55433 -10.58716 -10.63129 -10.68925 -10.76102
 -10.64808 -10.68211 -10.72341 -10.76197 -10.82087
 -10.74943 -10.77482 -10.80935 -10.85502 -10.91128
 -10.85157 -10.87740 -10.90905 -10.95158 -11.00484
 -10.96066 -10.97964 -11.01274 -11.05209 -11.10211
 -11.06816 -11.08792 -11.11206 -11.14416 -11.20217
 -11.15983 -11.18096 -11.20967 -11.24218 -11.28138
 -11.21461 -11.24640 -11.28294 -11.32152 -11.36482
 -11.23761 -11.28209 -11.32796 -11.37859 -11.42855
 -11.20169 -11.24808 -11.29342 -11.33656 -11.38465
 -10.99517 -11.02131 -11.04556 -11.06874 -11.09051
 -10.73217 -10.74390 -10.75466 -10.76515 -10.77598
 -10.56467 -10.57070 -10.57641 -10.58235 -10.58953
 -10.50945 -10.51325 -10.51701 -10.52124 -10.52684
 -10.54270 -10.54547 -10.54835 -10.55177 -10.55649
 -10.63975 -10.64199 -10.64440 -10.64735 -10.65165
 -10.78160 -10.78355 -10.78568 -10.78836 -10.79234
 -10.95459 -10.95635 -10.95830 -10.96077 -10.96448
 -11.14911 -11.15075 -11.15258 -11.15492 -11.15843
 -11.35848 -11.36005 -11.36179 -11.36402 -11.36736
 -11.57810 -11.57961 -11.58129 -11.58342 -11.58663
 -11.80476 -11.80623 -11.80786 -11.80992 -11.81297
 -12.03628 -12.03773 -12.03932 -12.04130 -12.04424
 -12.27114 -12.27256 -12.27412 -12.27605 -12.27888
 -12.50829 -12.50970 -12.51122 -12.51311 -12.51581
 -12.74702 -12.74842 -12.74993 -12.75176 -12.75438
 -12.98684 -12.98823 -12.98971 -12.99151 -12.99404
 -13.22741 -13.22879 -13.23026 -13.23200 -13.23444
 -13.46849 -13.46986 -13.47131 -13.47303 -13.47540
 ==10 ================== Behringer data =========================================
 -10.34560 -10.37875 -10.42119 -10.47389 -10.53508
 -10.43449 -10.46937 -10.50959 -10.56035 -10.62007
 -10.52716 -10.55698 -10.60039 -10.64879 -10.70663
 -10.62672 -10.65386 -10.68562 -10.72610 -10.77375
 -10.72704 -10.74976 -10.78327 -10.82095 -10.86599
 -10.83032 -10.85305 -10.87732 -10.91870 -10.96104
 -10.92492 -10.94507 -10.97276 -11.00322 -11.05362
 -10.97099 -11.00275 -11.03811 -11.07471 -11.11453
 -10.96419 -11.01230 -11.06112 -11.11385 -11.16435
 -10.95545 -11.01794 -11.08061 -11.14126 -11.20683
 -10.97466 -11.04321 -11.11151 -11.17969 -11.24908
 -10.98473 -11.04582 -11.10596 -11.16376 -11.21700
 -10.93323 -10.97457 -11.01293 -11.04815 -11.08082
 -10.86407 -10.88866 -10.91098 -10.93097 -10.94950
 -10.84244 -10.85797 -10.87184 -10.88452 -10.89649
 -10.88507 -10.89600 -10.90584 -10.91478 -10.92353
 -10.98331 -10.99181 -10.99950 -11.00666 -11.01381
 -11.12368 -11.13084 -11.13733 -11.14345 -11.14969
 -11.29440 -11.30073 -11.30650 -11.31196 -11.31758
 -11.48648 -11.49230 -11.49765 -11.50272 -11.50797
 -11.69343 -11.69894 -11.70399 -11.70878 -11.71383
 -11.91067 -11.91597 -11.92084 -11.92547 -11.93034
 -12.13500 -12.14015 -12.14490 -12.14939 -12.15407
 -12.36420 -12.36926 -12.37394 -12.37836 -12.38294
 -12.59675 -12.60175 -12.60637 -12.61075 -12.61526
 -12.83161 -12.83657 -12.84114 -12.84546 -12.84986
 -13.06804 -13.07297 -13.07754 -13.08184 -13.08618
 -13.30557 -13.31048 -13.31502 -13.31928 -13.32355
 -13.54385 -13.54874 -13.55329 -13.55754 -13.56177
 -13.78264 -13.78752 -13.79206 -13.79629 -13.80054
 ==11 ================== Behringer data =========================================
 -10.23802 -10.27326 -10.31205 -10.35864 -10.41061
 -10.32634 -10.35706 -10.39963 -10.44454 -10.49525
 -10.41813 -10.44949 -10.48118 -10.53225 -10.58133
 -10.51623 -10.54025 -10.57411 -10.61031 -10.66930
 -10.61484 -10.63888 -10.66994 -10.70366 -10.74243
 -10.71149 -10.73268 -10.75943 -10.79715 -10.83406
 -10.77705 -10.80499 -10.83558 -10.86721 -10.91379
 -10.77947 -10.82078 -10.86324 -10.90991 -10.96379
 -10.75033 -10.80806 -10.86779 -10.92830 -10.98517
 -10.74867 -10.81762 -10.88649 -10.95561 -11.02566
 -10.79121 -10.86406 -10.93799 -11.01132 -11.08468
 -10.83914 -10.90562 -10.97114 -11.03611 -11.09855
 -10.81832 -10.86404 -10.90737 -10.94720 -10.98375
 -10.74778 -10.77389 -10.79766 -10.81912 -10.83836
 -10.70890 -10.72435 -10.73822 -10.75069 -10.76210
 -10.73393 -10.74419 -10.75339 -10.76171 -10.76953
 -10.81834 -10.82597 -10.83288 -10.83920 -10.84532
 -10.94865 -10.95486 -10.96050 -10.96571 -10.97096
 -11.11227 -11.11766 -11.12258 -11.12717 -11.13185
 -11.29941 -11.30429 -11.30876 -11.31294 -11.31722
 -11.50293 -11.50749 -11.51170 -11.51563 -11.51968
 -11.71780 -11.72215 -11.72616 -11.72996 -11.73376
 -11.94047 -11.94469 -11.94857 -11.95224 -11.95597
 -12.16852 -12.17264 -12.17646 -12.18006 -12.18370
 -12.40025 -12.40431 -12.40807 -12.41160 -12.41515
 -12.63452 -12.63853 -12.64225 -12.64577 -12.64927
 -12.87053 -12.87451 -12.87822 -12.88168 -12.88517
 -13.10773 -13.11169 -13.11538 -13.11885 -13.12224
 -13.34577 -13.34971 -13.35338 -13.35682 -13.36023
 -13.58437 -13.58830 -13.59197 -13.59538 -13.59874
 ==12 ================== Behringer data =========================================
 -10.13992 -10.17111 -10.21239 -10.25395 -10.31787
 -10.22777 -10.26010 -10.29932 -10.33941 -10.40189
 -10.31884 -10.34678 -10.38075 -10.42651 -10.46883
 -10.41573 -10.44113 -10.47256 -10.50518 -10.55627
 -10.51326 -10.53473 -10.56125 -10.59751 -10.64588
 -10.61027 -10.63200 -10.65673 -10.69064 -10.73637
 -10.67988 -10.70446 -10.73064 -10.76313 -10.80382
 -10.68117 -10.71956 -10.76127 -10.80467 -10.85333
 -10.63846 -10.69587 -10.75460 -10.81350 -10.87485
 -10.61942 -10.68818 -10.75814 -10.82748 -10.89676
 -10.65073 -10.72465 -10.80084 -10.87620 -10.95101
 -10.71461 -10.78709 -10.86037 -10.93366 -11.00472
 -10.75824 -10.81759 -10.87571 -10.93147 -10.98482
 -10.75757 -10.79781 -10.83579 -10.87061 -10.90171
 -10.75676 -10.78276 -10.80648 -10.82773 -10.84684
 -10.79658 -10.81440 -10.83055 -10.84487 -10.85780
 -10.88537 -10.89874 -10.91079 -10.92158 -10.93115
 -11.01600 -11.02686 -11.03668 -11.04540 -11.05339
 -11.17840 -11.18778 -11.19625 -11.20386 -11.21086
 -11.36372 -11.37218 -11.37985 -11.38670 -11.39302
 -11.56519 -11.57305 -11.58019 -11.58663 -11.59257
 -11.77788 -11.78534 -11.79213 -11.79825 -11.80388
 -11.99830 -12.00548 -12.01206 -12.01799 -12.02345
 -12.22403 -12.23102 -12.23744 -12.24321 -12.24860
 -12.45342 -12.46028 -12.46656 -12.47227 -12.47748
 -12.68531 -12.69206 -12.69827 -12.70387 -12.70907
 -12.91893 -12.92559 -12.93173 -12.93732 -12.94248
 -13.15376 -13.16034 -13.16642 -13.17195 -13.17703
 -13.38942 -13.39594 -13.40197 -13.40745 -13.41256
 -13.62567 -13.63213 -13.63814 -13.64361 -13.64861
 ==13 ================== Behringer data =========================================
 -10.04974 -10.08258 -10.12069 -10.16975 -10.21353
 -10.13721 -10.16613 -10.20707 -10.24314 -10.29736
 -10.22767 -10.25685 -10.28844 -10.32975 -10.38231
 -10.32352 -10.34633 -10.37934 -10.41830 -10.45371
 -10.42002 -10.44253 -10.46735 -10.50032 -10.54271
 -10.51554 -10.53524 -10.56129 -10.59220 -10.63233
 -10.58327 -10.60627 -10.63354 -10.67022 -10.71104
 -10.58387 -10.62291 -10.66326 -10.70459 -10.74961
 -10.54483 -10.60046 -10.65644 -10.71485 -10.77271
 -10.53016 -10.59635 -10.66462 -10.73152 -10.80211
 -10.56579 -10.63757 -10.71065 -10.78454 -10.85656
 -10.64471 -10.71698 -10.79111 -10.86541 -10.93762
 -10.73554 -10.80176 -10.86859 -10.93412 -10.99813
 -10.80369 -10.85643 -10.90830 -10.95733 -11.00223
 -10.85416 -10.89235 -10.92853 -10.96168 -10.99181
 -10.91874 -10.94630 -10.97186 -10.99506 -11.01576
 -11.01627 -11.03724 -11.05658 -11.07377 -11.08906
 -11.14825 -11.16526 -11.18087 -11.19482 -11.20720
 -11.30885 -11.32343 -11.33683 -11.34867 -11.35945
 -11.49103 -11.50407 -11.51600 -11.52667 -11.53615
 -11.68870 -11.70071 -11.71170 -11.72152 -11.73040
 -11.89726 -11.90854 -11.91892 -11.92819 -11.93644
 -12.11335 -12.12409 -12.13400 -12.14285 -12.15085
 -12.33462 -12.34496 -12.35450 -12.36311 -12.37088
 -12.55946 -12.56948 -12.57874 -12.58709 -12.59460
 -12.78679 -12.79653 -12.80560 -12.81378 -12.82115
 -13.01587 -13.02538 -13.03424 -13.04225 -13.04943
 -13.24619 -13.25549 -13.26418 -13.27210 -13.27919
 -13.47743 -13.48654 -13.49507 -13.50285 -13.50992
 -13.70936 -13.71829 -13.72671 -13.73432 -13.74125
 ==14 ================== Behringer data =========================================
  -9.96628 -10.00044 -10.03574 -10.07997 -10.13418
 -10.05342 -10.08364 -10.11504 -10.15434 -10.20195
 -10.14571 -10.16970 -10.20302 -10.24053 -10.28668
 -10.23833 -10.26227 -10.29313 -10.32853 -10.37282
 -10.33368 -10.35409 -10.38043 -10.41061 -10.44817
 -10.42402 -10.44276 -10.47043 -10.49931 -10.53533
 -10.47271 -10.49991 -10.52927 -10.56605 -10.60501
 -10.44812 -10.49189 -10.53836 -10.58353 -10.63765
 -10.39980 -10.45940 -10.52075 -10.58304 -10.64384
 -10.38907 -10.45826 -10.52848 -10.59957 -10.67209
 -10.43291 -10.50586 -10.58106 -10.65687 -10.73360
 -10.52077 -10.59368 -10.66869 -10.74499 -10.81865
 -10.62335 -10.69069 -10.75948 -10.82718 -10.89330
 -10.70579 -10.76064 -10.81474 -10.86692 -10.91586
 -10.76715 -10.80736 -10.84598 -10.88157 -10.91391
 -10.83679 -10.86592 -10.89326 -10.91816 -10.94031
 -10.93559 -10.95770 -10.97820 -10.99664 -11.01289
 -11.06716 -11.08500 -11.10152 -11.11629 -11.12932
 -11.22670 -11.24190 -11.25594 -11.26846 -11.27969
 -11.40759 -11.42111 -11.43355 -11.44476 -11.45459
 -11.60390 -11.61628 -11.62772 -11.63794 -11.64710
 -11.81103 -11.82261 -11.83332 -11.84296 -11.85161
 -12.02565 -12.03663 -12.04680 -12.05597 -12.06416
 -12.24542 -12.25594 -12.26570 -12.27458 -12.28249
 -12.46875 -12.47889 -12.48836 -12.49690 -12.50453
 -12.69455 -12.70438 -12.71357 -12.72187 -12.72940
 -12.92212 -12.93167 -12.94063 -12.94878 -12.95603
 -13.15097 -13.16027 -13.16901 -13.17698 -13.18417
 -13.38076 -13.38984 -13.39839 -13.40619 -13.41321
 -13.61129 -13.62015 -13.62855 -13.63622 -13.64315
 ==15 ================== Behringer data =========================================
  -9.88860  -9.91942  -9.95662  -9.99675 -10.04444
  -9.97793 -10.00674 -10.03605 -10.08102 -10.12772
 -10.06710 -10.09230 -10.12350 -10.15775 -10.19867
 -10.15866 -10.18047 -10.20758 -10.24502 -10.28433
 -10.24723 -10.26963 -10.29540 -10.33105 -10.36902
 -10.31402 -10.33848 -10.36518 -10.39928 -10.43461
 -10.34663 -10.37924 -10.41545 -10.45533 -10.49561
 -10.36824 -10.41024 -10.45419 -10.49968 -10.55029
 -10.41057 -10.45966 -10.50981 -10.56075 -10.61529
 -10.48607 -10.53753 -10.58959 -10.64153 -10.69505
 -10.59210 -10.64314 -10.69540 -10.74674 -10.79910
 -10.71808 -10.76640 -10.81531 -10.86444 -10.91325
 -10.84024 -10.88297 -10.92489 -10.96642 -11.00665
 -10.92816 -10.96115 -10.99330 -11.02434 -11.05392
 -10.98551 -11.00852 -11.03048 -11.05118 -11.07044
 -11.04741 -11.06334 -11.07834 -11.09270 -11.10585
 -11.13793 -11.14958 -11.16062 -11.17081 -11.18079
 -11.26145 -11.27055 -11.27916 -11.28731 -11.29478
 -11.41304 -11.42061 -11.42774 -11.43447 -11.44098
 -11.58589 -11.59248 -11.59869 -11.60459 -11.61002
 -11.77385 -11.77974 -11.78529 -11.79055 -11.79565
 -11.97229 -11.97767 -11.98274 -11.98753 -11.99240
 -12.17791 -12.18290 -12.18760 -12.19215 -12.19649
 -12.38851 -12.39318 -12.39764 -12.40183 -12.40608
 -12.60266 -12.60705 -12.61126 -12.61531 -12.61916
 -12.81940 -12.82355 -12.82755 -12.83138 -12.83519
 -13.03815 -13.04210 -13.04591 -13.04954 -13.05312
 -13.25850 -13.26227 -13.26590 -13.26945 -13.27291
 -13.48018 -13.48378 -13.48730 -13.49064 -13.49392
 -13.70297 -13.70643 -13.70981 -13.71301 -13.71627
 ==16 ================== Behringer data =========================================
  -9.81851  -9.84785  -9.88255  -9.91916  -9.96152
  -9.90483  -9.93098  -9.96213 -10.00324 -10.04471
  -9.99365 -10.01986 -10.04913 -10.08056 -10.12879
 -10.08517 -10.10784 -10.13332 -10.16769 -10.20280
 -10.17954 -10.19889 -10.22477 -10.25680 -10.29009
 -10.27685 -10.29317 -10.31508 -10.34222 -10.37947
 -10.37720 -10.39261 -10.41220 -10.43688 -10.46287
 -10.48067 -10.49336 -10.50957 -10.52997 -10.55831
 -10.58736 -10.59769 -10.61319 -10.63138 -10.65704
 -10.69738 -10.70571 -10.71825 -10.73297 -10.75364
 -10.81089 -10.81839 -10.82761 -10.84206 -10.86044
 -10.92807 -10.93405 -10.94263 -10.95518 -10.97141
 -11.04917 -11.05392 -11.06072 -11.07061 -11.08333
 -11.17449 -11.17826 -11.18363 -11.19299 -11.20407
 -11.30433 -11.30733 -11.31225 -11.31892 -11.32994
 -11.43823 -11.44076 -11.44466 -11.45096 -11.45842
 -11.56778 -11.56977 -11.57281 -11.57767 -11.58492
 -11.65811 -11.65954 -11.66201 -11.66512 -11.67014
 -11.68285 -11.68373 -11.68526 -11.68753 -11.69092
 -11.68408 -11.68467 -11.68552 -11.68686 -11.68929
 -11.71481 -11.71520 -11.71575 -11.71675 -11.71816
 -11.79232 -11.79260 -11.79304 -11.79370 -11.79490
 -11.91256 -11.91276 -11.91312 -11.91371 -11.91457
 -12.06605 -12.06622 -12.06652 -12.06701 -12.06783
 -12.24381 -12.24396 -12.24422 -12.24465 -12.24535
 -12.43877 -12.43892 -12.43915 -12.43957 -12.44023
 -12.64575 -12.64588 -12.64609 -12.64647 -12.64707
 -12.86105 -12.86117 -12.86139 -12.86172 -12.86233
 -13.08210 -13.08222 -13.08242 -13.08276 -13.08328
 -13.30713 -13.30724 -13.30744 -13.30775 -13.30830
 ==17 ================== Behringer data =========================================
  -9.69452  -9.72119  -9.74937  -9.78531  -9.82040
  -9.78005  -9.80387  -9.82927  -9.86172  -9.89321
  -9.86764  -9.88857  -9.91512  -9.94615  -9.97670
  -9.95747  -9.97557  -9.99872 -10.02594 -10.06116
 -10.04962 -10.06707 -10.08818 -10.11347 -10.14685
 -10.14418 -10.15886 -10.17673 -10.19820 -10.22657
 -10.24117 -10.25336 -10.27075 -10.29017 -10.31629
 -10.34061 -10.35060 -10.36493 -10.38451 -10.40250
 -10.44254 -10.45161 -10.46228 -10.47824 -10.49757
 -10.54699 -10.55424 -10.56424 -10.57820 -10.59539
 -10.65400 -10.65974 -10.66768 -10.67878 -10.69241
 -10.76365 -10.76816 -10.77440 -10.78486 -10.79672
 -10.87605 -10.87957 -10.88519 -10.89258 -10.90430
 -10.99135 -10.99409 -10.99846 -11.00531 -11.01316
 -11.10961 -11.11187 -11.11525 -11.12051 -11.12815
 -11.23116 -11.23312 -11.23591 -11.23957 -11.24536
 -11.35352 -11.35503 -11.35718 -11.36053 -11.36538
 -11.46520 -11.46633 -11.46794 -11.47042 -11.47481
 -11.55124 -11.55208 -11.55322 -11.55525 -11.55797
 -11.61888 -11.61946 -11.62033 -11.62160 -11.62382
 -11.69340 -11.69380 -11.69441 -11.69542 -11.69679
 -11.79208 -11.79236 -11.79283 -11.79356 -11.79476
 -11.91824 -11.91846 -11.91882 -11.91939 -11.92030
 -12.06793 -12.06812 -12.06842 -12.06894 -12.06973
 -12.23553 -12.23569 -12.23596 -12.23637 -12.23702
 -12.41599 -12.41613 -12.41637 -12.41672 -12.41736
 -12.60557 -12.60569 -12.60590 -12.60624 -12.60675
 -12.80168 -12.80180 -12.80198 -12.80228 -12.80279
 -13.00268 -13.00278 -13.00295 -13.00321 -13.00365
 -13.20747 -13.20756 -13.20771 -13.20795 -13.20839
 ==18 ================== Behringer data =========================================
  -9.58393  -9.60579  -9.63208  -9.66128  -9.68891
  -9.66886  -9.69089  -9.71218  -9.73867  -9.77127
  -9.75554  -9.77493  -9.79722  -9.82253  -9.85418
  -9.84413  -9.86092  -9.88040  -9.90270  -9.93063
  -9.93471  -9.94902  -9.96847  -9.98917 -10.01559
 -10.02730 -10.04078 -10.05580 -10.07720 -10.10187
 -10.12191 -10.13309 -10.14563 -10.16356 -10.18427
 -10.21855 -10.22769 -10.23970 -10.25567 -10.27444
 -10.31720 -10.32456 -10.33432 -10.34733 -10.36261
 -10.41787 -10.42373 -10.43272 -10.44402 -10.45752
 -10.52056 -10.52517 -10.53227 -10.54122 -10.55479
 -10.62531 -10.62889 -10.63444 -10.64282 -10.65204
 -10.73217 -10.73527 -10.73984 -10.74571 -10.75475
 -10.84113 -10.84365 -10.84716 -10.85254 -10.85854
 -10.95265 -10.95458 -10.95727 -10.96136 -10.96712
 -11.06678 -11.06826 -11.07031 -11.07341 -11.07877
 -11.18383 -11.18497 -11.18675 -11.18929 -11.19288
 -11.30413 -11.30504 -11.30640 -11.30832 -11.31164
 -11.42822 -11.42893 -11.42997 -11.43169 -11.43390
 -11.55656 -11.55714 -11.55794 -11.55925 -11.56130
 -11.68975 -11.69020 -11.69082 -11.69183 -11.69338
 -11.82821 -11.82854 -11.82912 -11.82996 -11.83126
 -11.97219 -11.97246 -11.97292 -11.97358 -11.97458
 -12.12174 -12.12196 -12.12233 -12.12285 -12.12379
 -12.27677 -12.27696 -12.27726 -12.27774 -12.27841
 -12.43726 -12.43742 -12.43766 -12.43805 -12.43869
 -12.60328 -12.60341 -12.60361 -12.60393 -12.60444
 -12.77493 -12.77504 -12.77522 -12.77552 -12.77597
 -12.95223 -12.95233 -12.95248 -12.95273 -12.95311
 -13.13502 -13.13511 -13.13524 -13.13545 -13.13576
