    6    9   20    1    6     /CARBON             /GCR PROJECT      
--------------------------------------------------------------------------------
  11.00000  11.47712  12.00000  12.47712  13.00000  13.47712  14.00000  14.47712
  15.00000
   0.00020   0.30123   0.60226   0.84530   1.00020   1.30123   1.60226   1.84530
   2.00020   2.30123   2.60226   2.84530   3.00020   3.30123   3.60226   3.84530
   4.00020   4.30123   4.84530   5.00000
---------------------/ IGRD= 1  / IPRT= 1  /--------/ Z1= 1   / DATE= 23/07/02
 -12.08344 -12.07196 -12.04987 -12.00710 -11.92095 -11.80192 -11.61877 -11.40664
 -11.17345
 -12.17608 -12.18886 -12.19050 -12.18055 -12.15452 -12.11403 -12.04687 -11.97009
 -11.88998
 -12.09237 -12.15173 -12.19230 -12.21654 -12.23995 -12.25936 -12.27620 -12.28330
 -12.28214
 -12.06748 -12.15251 -12.21386 -12.25599 -12.30302 -12.35033 -12.40491 -12.44919
 -12.47999
 -12.10395 -12.19766 -12.26686 -12.31529 -12.36945 -12.42546 -12.49151 -12.54732
 -12.58683
 -12.26942 -12.37323 -12.45064 -12.50499 -12.56554 -12.62608 -12.69856 -12.76069
 -12.80328
 -12.53048 -12.63796 -12.71824 -12.77288 -12.83339 -12.89273 -12.96312 -13.02237
 -13.06423
 -12.79577 -12.90361 -12.98680 -13.04188 -13.09946 -13.15656 -13.22377 -13.28244
 -13.32485
 -12.98081 -13.08944 -13.17314 -13.22758 -13.28299 -13.33805 -13.40163 -13.45811
 -13.50032
 -13.34866 -13.45091 -13.53480 -13.58622 -13.63537 -13.68400 -13.74078 -13.79338
 -13.83618
 -13.77521 -13.87654 -13.95940 -14.00992 -14.05673 -14.10408 -14.16024 -14.21140
 -14.25395
 -14.13906 -14.24049 -14.32344 -14.37401 -14.42089 -14.46827 -14.52445 -14.57563
 -14.61818
 -14.37109 -14.47258 -14.55555 -14.60616 -14.65306 -14.70046 -14.75664 -14.80783
 -14.85040
 -14.82213 -14.92370 -15.00671 -15.05740 -15.10430 -15.15174 -15.20792 -15.25912
 -15.30173
 -15.27326 -15.37490 -15.45793 -15.50869 -15.55561 -15.60307 -15.65925 -15.71045
 -15.75308
 -15.63754 -15.73922 -15.82228 -15.87307 -15.92000 -15.96749 -16.02366 -16.07485
 -16.11749
 -15.86973 -15.97144 -16.05452 -16.10532 -16.15226 -16.19976 -16.25593 -16.30712
 -16.34977
 -16.32102 -16.42276 -16.50587 -16.55670 -16.60366 -16.65117 -16.70734 -16.75852
 -16.80117
 -17.13677 -17.23856 -17.32172 -17.37258 -17.41956 -17.46708 -17.52325 -17.57441
 -17.61705
 -17.36905 -17.47084 -17.55401 -17.60488 -17.65187 -17.69939 -17.75557 -17.80671
 -17.84935
---------------------/ IGRD= 1  / IPRT= 1  /--------/ Z1= 2   / DATE= 23/07/02
 -11.37618 -11.35083 -11.31104 -11.26195 -11.18612 -11.08559 -10.91164 -10.66323
 -10.29620
 -11.50905 -11.50920 -11.50449 -11.49527 -11.47771 -11.44797 -11.38050 -11.26324
 -11.06696
 -11.54341 -11.57632 -11.60873 -11.63516 -11.65810 -11.66894 -11.66671 -11.64734
 -11.60467
 -11.58919 -11.64265 -11.69857 -11.74637 -11.79321 -11.82548 -11.85065 -11.87147
 -11.89432
 -11.65670 -11.71730 -11.78147 -11.83897 -11.89459 -11.93587 -11.97053 -12.00605
 -12.05225
 -11.84347 -11.91038 -11.98556 -12.05202 -12.11897 -12.16657 -12.21291 -12.26153
 -12.32819
 -12.06992 -12.14244 -12.21974 -12.29246 -12.36730 -12.42229 -12.47419 -12.52609
 -12.59827
 -12.28337 -12.35398 -12.43552 -12.51148 -12.58988 -12.65014 -12.70459 -12.75632
 -12.83067
 -12.43693 -12.50665 -12.58759 -12.66448 -12.74552 -12.80732 -12.86218 -12.91447
 -12.98902
 -12.77954 -12.84725 -12.92668 -13.00214 -13.08348 -13.14702 -13.20324 -13.25421
 -13.32378
 -13.16062 -13.22570 -13.30134 -13.37391 -13.45306 -13.51633 -13.57321 -13.62094
 -13.68657
 -13.48046 -13.54315 -13.61342 -13.68371 -13.75722 -13.81927 -13.87552 -13.92220
 -13.98085
 -13.68401 -13.74366 -13.81196 -13.88014 -13.95034 -14.01000 -14.06405 -14.10781
 -14.16684
 -14.13273 -14.19248 -14.26100 -14.32945 -14.39996 -14.45992 -14.51422 -14.55809
 -14.61729
 -14.58322 -14.64303 -14.71166 -14.78022 -14.85088 -14.91098 -14.96541 -15.00935
 -15.06860
 -14.94738 -15.00722 -15.07588 -15.14450 -15.21521 -15.27536 -15.32984 -15.37380
 -15.43307
 -15.17959 -15.23944 -15.30811 -15.37675 -15.44748 -15.50765 -15.56214 -15.60611
 -15.66539
 -15.63099 -15.69085 -15.75954 -15.82818 -15.89893 -15.95913 -16.01364 -16.05762
 -16.11691
 -16.44701 -16.50687 -16.57556 -16.64422 -16.71498 -16.77519 -16.82971 -16.87370
 -16.93299
 -16.67935 -16.73921 -16.80791 -16.87657 -16.94733 -17.00754 -17.06206 -17.10605
 -17.16534
---------------------/ IGRD= 1  / IPRT= 1  /--------/ Z1= 3   / DATE= 23/07/02
 -10.81535 -10.79155 -10.75282 -10.70573 -10.63558 -10.53173 -10.36797 -10.16217
  -9.85831
 -11.01519 -11.01832 -11.01591 -11.00604 -10.98458 -10.94910 -10.88567 -10.79595
 -10.63296
 -11.11436 -11.15186 -11.18792 -11.21560 -11.23933 -11.25104 -11.24899 -11.22581
 -11.15910
 -11.23838 -11.29187 -11.34658 -11.39315 -11.43829 -11.47285 -11.49647 -11.50060
 -11.47909
 -11.34584 -11.40376 -11.46450 -11.51560 -11.56651 -11.60700 -11.63844 -11.65407
 -11.64854
 -11.60680 -11.66496 -11.72361 -11.77374 -11.82631 -11.86856 -11.90550 -11.92957
 -11.94478
 -11.91167 -11.96300 -12.01612 -12.05992 -12.10518 -12.14374 -12.18060 -12.20711
 -12.22967
 -12.14453 -12.18706 -12.23058 -12.26598 -12.30246 -12.33349 -12.36499 -12.38989
 -12.41343
 -12.26269 -12.29716 -12.33310 -12.36169 -12.39091 -12.41703 -12.44386 -12.46658
 -12.48936
 -12.40460 -12.42363 -12.44376 -12.45919 -12.47638 -12.49231 -12.51085 -12.52820
 -12.54855
 -12.45631 -12.46458 -12.47266 -12.48076 -12.48863 -12.49634 -12.50684 -12.51766
 -12.53592
 -12.44256 -12.44577 -12.44940 -12.45298 -12.45616 -12.46081 -12.46673 -12.47448
 -12.48958
 -12.40651 -12.40812 -12.41085 -12.41305 -12.41465 -12.41726 -12.42139 -12.42739
 -12.44029
 -12.25916 -12.25983 -12.26027 -12.26043 -12.26173 -12.26240 -12.26418 -12.26777
 -12.27881
 -12.64211 -12.64227 -12.64297 -12.64307 -12.64413 -12.64474 -12.64642 -12.64997
 -12.66032
 -13.00667 -13.00683 -13.00753 -13.00762 -13.00869 -13.00930 -13.01098 -13.01453
 -13.02488
 -13.23902 -13.23918 -13.23988 -13.23998 -13.24104 -13.24165 -13.24333 -13.24688
 -13.25723
 -13.69057 -13.69073 -13.69143 -13.69152 -13.69258 -13.69320 -13.69488 -13.69843
 -13.70877
 -14.50667 -14.50683 -14.50753 -14.50762 -14.50869 -14.50930 -14.51098 -14.51453
 -14.52488
 -14.73902 -14.73918 -14.73988 -14.73998 -14.74104 -14.74165 -14.74333 -14.74688
 -14.75723
---------------------/ IGRD= 1  / IPRT= 1  /--------/ Z1= 4   / DATE= 23/07/02
 -10.89813 -10.86449 -10.80719 -10.70643 -10.57611 -10.41598 -10.19230  -9.93918
  -9.59747
 -11.22295 -11.18733 -11.13559 -11.07622 -10.99349 -10.88901 -10.74541 -10.58093
 -10.35161
 -11.49442 -11.47681 -11.45111 -11.42186 -11.37863 -11.32465 -11.24648 -11.15561
 -11.02687
 -11.69771 -11.68851 -11.67470 -11.65752 -11.63323 -11.60383 -11.55915 -11.50674
 -11.43184
 -11.82499 -11.81824 -11.80852 -11.79764 -11.78063 -11.75955 -11.73047 -11.69545
 -11.64403
 -12.08545 -12.08304 -12.07922 -12.07436 -12.06716 -12.05810 -12.04504 -12.02944
 -12.00674
 -12.25236 -12.25191 -12.25132 -12.25036 -12.24898 -12.24666 -12.24355 -12.24125
 -12.23795
 -12.14016 -12.14238 -12.14500 -12.14744 -12.15043 -12.15399 -12.16131 -12.17176
 -12.18834
 -11.98226 -11.98562 -11.98909 -11.99321 -11.99801 -12.00431 -12.01560 -12.03235
 -12.05848
 -11.84805 -11.85324 -11.85782 -11.86212 -11.86912 -11.87465 -11.88681 -11.90748
 -11.94038
 -12.00394 -12.00822 -12.01355 -12.01887 -12.02520 -12.03227 -12.04506 -12.06450
 -12.09745
 -12.23390 -12.23799 -12.24301 -12.24848 -12.25530 -12.26200 -12.27364 -12.29265
 -12.32458
 -12.41260 -12.41620 -12.42158 -12.42691 -12.43320 -12.44022 -12.45114 -12.46950
 -12.50103
 -12.78983 -12.79376 -12.79787 -12.80370 -12.80993 -12.81525 -12.82392 -12.84122
 -12.87115
 -13.17312 -13.17602 -13.18052 -13.18529 -13.19070 -13.19645 -13.20502 -13.21741
 -13.24134
 -13.53701 -13.53993 -13.54436 -13.54911 -13.55456 -13.56030 -13.56884 -13.58124
 -13.60515
 -13.76928 -13.77219 -13.77662 -13.78137 -13.78682 -13.79256 -13.80110 -13.81350
 -13.83741
 -14.22074 -14.22365 -14.22807 -14.23282 -14.23828 -14.24401 -14.25255 -14.26495
 -14.28887
 -15.03680 -15.03970 -15.04413 -15.04888 -15.05433 -15.06007 -15.06861 -15.08101
 -15.10493
 -15.26915 -15.27205 -15.27648 -15.28123 -15.28668 -15.29242 -15.30096 -15.31336
 -15.33727
---------------------/ IGRD= 1  / IPRT= 1  /--------/ Z1= 5   / DATE= 23/07/02
 -10.68102 -10.63748 -10.57084 -10.48928 -10.37385 -10.23882 -10.04240  -9.80742
  -9.48006
 -10.91597 -10.89017 -10.84238 -10.78309 -10.69985 -10.60192 -10.46653 -10.32091
 -10.08687
 -11.16659 -11.15151 -11.12726 -11.09634 -11.05199 -11.00037 -10.92221 -10.82506
 -10.68943
 -11.35734 -11.34825 -11.33517 -11.31824 -11.29394 -11.26443 -11.22078 -11.16568
 -11.08649
 -11.47397 -11.46771 -11.46009 -11.44861 -11.43150 -11.41218 -11.38125 -11.34434
 -11.28997
 -11.69816 -11.69598 -11.69175 -11.68702 -11.67984 -11.67118 -11.65676 -11.63962
 -11.61475
 -11.92312 -11.92243 -11.92101 -11.91926 -11.91606 -11.91279 -11.90757 -11.90114
 -11.89166
 -11.96729 -11.96845 -11.97018 -11.97261 -11.97565 -11.97915 -11.98289 -11.98632
 -11.99125
 -11.88564 -11.88896 -11.89424 -11.90044 -11.90982 -11.91983 -11.93281 -11.94735
 -11.96613
 -11.75681 -11.76121 -11.77073 -11.78066 -11.79610 -11.81324 -11.83655 -11.86319
 -11.89950
 -11.85735 -11.86377 -11.87198 -11.88313 -11.89972 -11.91888 -11.94409 -11.97358
 -12.01501
 -12.06283 -12.06857 -12.07714 -12.08753 -12.10387 -12.12277 -12.14811 -12.17719
 -12.21899
 -12.22736 -12.23254 -12.24137 -12.25181 -12.26745 -12.28609 -12.31044 -12.33860
 -12.38011
 -12.59234 -12.59921 -12.60643 -12.61524 -12.62934 -12.64704 -12.67077 -12.69683
 -12.73640
 -13.00550 -13.01076 -13.01801 -13.02673 -13.04029 -13.05684 -13.07951 -13.10521
 -13.14199
 -13.35226 -13.35679 -13.36344 -13.37203 -13.38484 -13.40078 -13.42245 -13.44754
 -13.48240
 -13.58462 -13.58914 -13.59580 -13.60438 -13.61719 -13.63313 -13.65480 -13.67989
 -13.71475
 -14.03616 -14.04068 -14.04734 -14.05593 -14.06874 -14.08468 -14.10635 -14.13144
 -14.16629
 -14.85226 -14.85679 -14.86344 -14.87203 -14.88484 -14.90078 -14.92245 -14.94754
 -14.98240
 -15.08462 -15.08914 -15.09580 -15.10438 -15.11719 -15.13313 -15.15480 -15.17989
 -15.21475
---------------------/ IGRD= 1  / IPRT= 1  /--------/ Z1= 6   / DATE= 23/07/02
 -10.48238 -10.44428 -10.38882 -10.31600 -10.20796 -10.08214  -9.90635  -9.70136
  -9.40750
 -10.70948 -10.68204 -10.64306 -10.58921 -10.50923 -10.41496 -10.28575 -10.13341
  -9.91184
 -10.93981 -10.92166 -10.89618 -10.86235 -10.80976 -10.75015 -10.66423 -10.56527
 -10.41799
 -11.12318 -11.11322 -11.09914 -11.07899 -11.04930 -11.01383 -10.96458 -10.90140
 -10.81207
 -11.23839 -11.23137 -11.22182 -11.20815 -11.18693 -11.16182 -11.12561 -11.08248
 -11.01927
 -11.45819 -11.45497 -11.45004 -11.44349 -11.43375 -11.42118 -11.40451 -11.38187
 -11.34920
 -11.67790 -11.67655 -11.67445 -11.67116 -11.66773 -11.66224 -11.65367 -11.64372
 -11.62756
 -11.86102 -11.86061 -11.85852 -11.85872 -11.85514 -11.85338 -11.84775 -11.84329
 -11.83331
 -11.97862 -11.97882 -11.97916 -11.97882 -11.97507 -11.97527 -11.97124 -11.96815
 -11.96391
 -12.22009 -12.22007 -12.21981 -12.21921 -12.21900 -12.21816 -12.21716 -12.21557
 -12.21338
 -12.47620 -12.47621 -12.47619 -12.47629 -12.47622 -12.47585 -12.47596 -12.47552
 -12.47397
 -12.69660 -12.69660 -12.69660 -12.69663 -12.69661 -12.69655 -12.69655 -12.69654
 -12.69687
 -12.84612 -12.84612 -12.84611 -12.84607 -12.84609 -12.84617 -12.84619 -12.84614
 -12.84647
 -13.14812 -13.14807 -13.14815 -13.14869 -13.14866 -13.14868 -13.14866 -13.14875
 -13.14943
 -13.44673 -13.44673 -13.44673 -13.44664 -13.44671 -13.44707 -13.44721 -13.44827
 -13.44774
 -13.67934 -13.67934 -13.67934 -13.67933 -13.67933 -13.67937 -13.67929 -13.67920
 -13.68080
 -13.85652 -13.85652 -13.85652 -13.85652 -13.85652 -13.85652 -13.85652 -13.85653
 -13.85643
 -14.30807 -14.30807 -14.30807 -14.30807 -14.30807 -14.30807 -14.30806 -14.30808
 -14.30798
 -15.12417 -15.12417 -15.12417 -15.12417 -15.12417 -15.12417 -15.12416 -15.12418
 -15.12408
 -15.35652 -15.35652 -15.35652 -15.35652 -15.35652 -15.35652 -15.35652 -15.35653
 -15.35643
C-------------------------------------------------------------------------------
C
C     RATE COEFFICIENTS IN UNITS OF CM**3 S-1 
C     --------------------------------------- 
C
C     INPUT DATA
C         FOR YEAR: 96 AND WITH PREFIX: pj
C         FOR c  RECOMBINING ION CHARGE(S)  1 TO  6
C
C     CODE     : ADAS404
C     PRODUCER : Ralph Dux E4 ,L6 236 ,1256    
C     DATE     : 23/07/02
C
C-------------------------------------------------------------------------------
