    1    5   30    1    1     /HYDROGEN           /DICKSON ET AL 1992          
================================================================================
  11.00000  12.00000  13.00000  14.00000  15.00000
   0.00000   0.13793   0.27586   0.41379   0.55172   0.68966   0.82759   0.96552
   1.10345   1.24138   1.37931   1.51724   1.65517   1.79310   1.93103   2.06897
   2.20690   2.34483   2.48276   2.62069   2.75862   2.89655   3.03448   3.17241
   3.31034   3.44828   3.58621   3.72414   3.86207   4.00000
---------------------/ IPRT= 1  / IGRD= 1  /--------/ Z1= 1   / DATE= 08/02/93  
 -12.31880 -12.22208 -12.05054 -11.76247 -11.33571
 -12.44949 -12.37751 -12.25026 -12.03495 -11.69795
 -12.57668 -12.52533 -12.43461 -12.28035 -12.02349
 -12.69945 -12.66326 -12.59896 -12.49021 -12.30015
 -12.81911 -12.79376 -12.74810 -12.67230 -12.53655
 -12.93731 -12.91992 -12.88808 -12.83631 -12.74382
 -13.05620 -13.04533 -13.02521 -12.99165 -12.93151
 -13.17863 -13.17443 -13.16645 -13.14749 -13.10734
 -13.30585 -13.30889 -13.31406 -13.30733 -13.27612
 -13.43595 -13.44493 -13.46106 -13.46383 -13.43744
 -13.56750 -13.57956 -13.60181 -13.61099 -13.59108
 -13.70199 -13.71482 -13.73918 -13.75250 -13.74026
 -13.84172 -13.85409 -13.87830 -13.89464 -13.88905
 -13.98813 -13.99964 -14.02279 -14.04169 -14.04056
 -14.14078 -14.15127 -14.17300 -14.19372 -14.19570
 -14.29865 -14.30811 -14.32848 -14.35003 -14.35478
 -14.45962 -14.46846 -14.48823 -14.51034 -14.51755
 -14.62181 -14.63078 -14.65124 -14.67446 -14.68364
 -14.78651 -14.79592 -14.81757 -14.84224 -14.85290
 -14.95643 -14.96580 -14.98769 -15.01341 -15.02513
 -15.13364 -15.14195 -15.16216 -15.18800 -15.20052
 -15.31706 -15.32375 -15.34137 -15.36689 -15.38041
 -15.50431 -15.50948 -15.52476 -15.55004 -15.56506
 -15.69114 -15.69530 -15.70909 -15.73426 -15.75106
 -15.87207 -15.87567 -15.88847 -15.91302 -15.93111
 -16.05255 -16.05594 -16.06810 -16.09169 -16.11041
 -16.24213 -16.24549 -16.25737 -16.28021 -16.29911
 -16.44614 -16.44952 -16.46135 -16.48406 -16.50298
 -16.65466 -16.65804 -16.66990 -16.69268 -16.71159
 -16.86113 -16.86451 -16.87636 -16.89912 -16.91803
