    6    5   30    1    6
******************************************
  11.00000  12.00000  13.00000  14.00000  15.00000
   0.00000   0.13793   0.27586   0.41379   0.55172   0.68966   0.82759   0.96552
   1.10345   1.24138   1.37931   1.51724   1.65517   1.79310   1.93103   2.06897
   2.20690   2.34483   2.48276   2.62069   2.75862   2.89655   3.03448   3.17241
   3.31034   3.44828   3.58621   3.72414   3.86207   4.00000
**** 0**************************************
 -12.18891 -12.15084 -12.07772 -11.90262 -11.56668
 -12.26716 -12.26603 -12.25223 -12.15068 -11.88143
 -12.28817 -12.32999 -12.36730 -12.32932 -12.12816
 -12.24120 -12.34229 -12.43559 -12.45885 -12.32813
 -12.16365 -12.33117 -12.48357 -12.56402 -12.50003
 -12.09595 -12.31742 -12.52320 -12.65399 -12.64874
 -12.07059 -12.32333 -12.56871 -12.74020 -12.78397
 -12.09069 -12.36077 -12.63434 -12.83727 -12.91993
 -12.14854 -12.43048 -12.72517 -12.95059 -13.05905
 -12.24509 -12.53541 -12.84216 -13.08169 -13.20886
 -12.36787 -12.66309 -12.97716 -13.22677 -13.36803
 -12.51064 -12.80807 -13.12600 -13.38266 -13.53469
 -12.66770 -12.96555 -13.28506 -13.54656 -13.70700
 -12.83413 -13.13101 -13.45055 -13.71540 -13.88296
 -13.00686 -13.30077 -13.61798 -13.88506 -14.05972
 -13.18568 -13.47471 -13.78709 -14.05519 -14.23701
 -13.37692 -13.66229 -13.97071 -14.23885 -14.42510
 -13.58248 -13.86749 -14.17554 -14.44366 -14.63030
 -13.79068 -14.07602 -14.38443 -14.65257 -14.83884
 -13.99708 -14.28230 -14.59058 -14.85872 -15.04512
 -14.20399 -14.48921 -14.79749 -15.06563 -15.25203
 -14.41097 -14.69621 -15.00450 -15.27264 -15.45902
 -14.61782 -14.90306 -15.21135 -15.47949 -15.66588
 -14.82472 -15.10996 -15.41825 -15.68639 -15.87277
 -15.03163 -15.31687 -15.62516 -15.89329 -16.07968
 -15.23853 -15.52376 -15.83205 -16.10019 -16.28657
 -15.44542 -15.73065 -16.03894 -16.30708 -16.49347
 -15.65231 -15.93755 -16.24584 -16.51398 -16.70036
 -15.85921 -16.14445 -16.45274 -16.72087 -16.90726
 -16.06611 -16.35135 -16.65964 -16.92777 -17.11416
**** 1**************************************
 -11.38596 -11.33961 -11.22020 -10.95294 -10.47328
 -11.45507 -11.43880 -11.37229 -11.19273 -10.83774
 -11.52433 -11.53085 -11.50445 -11.40977 -11.18867
 -11.57474 -11.59948 -11.60086 -11.57447 -11.47729
 -11.58025 -11.62624 -11.65426 -11.68165 -11.68333
 -11.58368 -11.65294 -11.70848 -11.78099 -11.85756
 -11.61723 -11.70623 -11.78412 -11.88982 -12.01825
 -11.67694 -11.78063 -11.87414 -12.00108 -12.16196
 -11.75434 -11.86956 -11.97411 -12.11398 -12.29386
 -11.85289 -11.97739 -12.08929 -12.23588 -12.42552
 -11.97314 -12.10518 -12.22131 -12.36995 -12.56304
 -12.10975 -12.24696 -12.36439 -12.51135 -12.70273
 -12.25775 -12.39688 -12.51265 -12.65372 -12.84152
 -12.41381 -12.54793 -12.65905 -12.79496 -12.97646
 -12.57214 -12.69928 -12.80367 -12.93218 -13.10478
 -12.73146 -12.85026 -12.94660 -13.06612 -13.22791
 -12.89337 -13.00344 -13.09152 -13.20169 -13.35210
 -13.05787 -13.15942 -13.23964 -13.34079 -13.48006
 -13.21179 -13.30345 -13.37480 -13.46524 -13.59053
 -13.35136 -13.43186 -13.49343 -13.57123 -13.67904
 -13.49383 -13.56487 -13.61824 -13.68470 -13.77616
 -13.68019 -13.74842 -13.79936 -13.86234 -13.94866
 -13.89331 -13.96238 -14.01405 -14.07808 -14.16596
 -14.09946 -14.16844 -14.22002 -14.28392 -14.37162
 -14.30560 -14.37446 -14.42596 -14.48973 -14.57723
 -14.51296 -14.58189 -14.63344 -14.69729 -14.78491
 -14.71977 -14.78869 -14.84022 -14.90406 -14.99165
 -14.92662 -14.99554 -15.04707 -15.11090 -15.19848
 -15.13355 -15.20247 -15.25400 -15.31784 -15.40543
 -15.34044 -15.40936 -15.46090 -15.52473 -15.61232
**** 2**************************************
 -10.97243 -10.87803 -10.68402 -10.35063  -9.83713
 -11.06439 -11.01171 -10.89932 -10.67779 -10.28025
 -11.11745 -11.10883 -11.06991 -10.94639 -10.65553
 -11.13926 -11.17448 -11.19730 -11.15376 -10.95673
 -11.15916 -11.23263 -11.30276 -11.31989 -11.20195
 -11.20438 -11.30551 -11.40622 -11.46405 -11.40889
 -11.27953 -11.39754 -11.51401 -11.59541 -11.58786
 -11.37671 -11.50331 -11.62503 -11.71782 -11.74527
 -11.49100 -11.62041 -11.74080 -11.83721 -11.88970
 -11.62026 -11.74905 -11.86514 -11.96127 -12.03147
 -11.76051 -11.88642 -11.99676 -12.09054 -12.17276
 -11.90506 -12.02514 -12.12702 -12.21515 -12.30396
 -12.04699 -12.15763 -12.24685 -12.32469 -12.41493
 -12.17737 -12.27482 -12.34748 -12.41109 -12.49889
 -12.28518 -12.36619 -12.42047 -12.46889 -12.55298
 -12.36547 -12.42823 -12.46434 -12.49876 -12.57917
 -12.42461 -12.47030 -12.49021 -12.51211 -12.58792
 -12.47041 -12.50248 -12.50939 -12.52040 -12.58989
 -12.51040 -12.53200 -12.52888 -12.53062 -12.59288
 -12.55750 -12.57108 -12.56035 -12.55453 -12.60983
 -12.60012 -12.60747 -12.59096 -12.57910 -12.62828
 -12.56487 -12.56717 -12.54586 -12.52845 -12.57162
 -12.50802 -12.50671 -12.48149 -12.45920 -12.49739
 -12.54460 -12.54156 -12.51414 -12.48901 -12.52456
 -12.71928 -12.71597 -12.68817 -12.66253 -12.69765
 -12.94517 -12.94202 -12.91445 -12.88910 -12.92448
 -13.14856 -13.14536 -13.11775 -13.09236 -13.12768
 -13.35396 -13.35076 -13.32312 -13.29770 -13.33301
 -13.56211 -13.55892 -13.53130 -13.50590 -13.54123
 -13.76869 -13.76550 -13.73788 -13.71247 -13.74780
**** 3**************************************
 -10.93558 -10.80034 -10.53102 -10.07003  -9.42108
 -11.06730 -10.95732 -10.74185 -10.37454  -9.84060
 -11.19861 -11.11338 -10.95078 -10.67564 -10.25521
 -11.32683 -11.26314 -11.14759 -10.95546 -10.63930
 -11.44914 -11.40107 -11.32156 -11.19499 -10.96544
 -11.56575 -11.52814 -11.47400 -11.39501 -11.23318
 -11.67808 -11.64825 -11.61178 -11.56541 -11.45451
 -11.78871 -11.76595 -11.74203 -11.71631 -11.64178
 -11.90488 -11.88845 -11.87316 -11.85928 -11.80951
 -12.03250 -12.02108 -12.01125 -12.00357 -11.97028
 -12.15070 -12.14323 -12.13713 -12.13294 -12.11205
 -12.22438 -12.22067 -12.21812 -12.21750 -12.20950
 -12.23531 -12.23541 -12.23660 -12.23993 -12.24603
 -12.17978 -12.18359 -12.18786 -12.19377 -12.21260
 -12.05826 -12.06548 -12.07145 -12.07702 -12.10482
 -11.92385 -11.93398 -11.94068 -11.94426 -11.97758
 -11.85009 -11.86250 -11.86985 -11.87235 -11.90950
 -11.86332 -11.87720 -11.88524 -11.88818 -11.92806
 -11.91890 -11.93328 -11.94097 -11.94346 -11.98375
 -11.98778 -12.00187 -12.00787 -12.00787 -12.04587
 -12.06829 -12.08183 -12.08538 -12.08150 -12.11522
 -12.16531 -12.17864 -12.17988 -12.17174 -12.20030
 -12.25559 -12.26901 -12.26811 -12.25563 -12.27831
 -12.31527 -12.32864 -12.32548 -12.30856 -12.32474
 -12.36163 -12.37457 -12.36924 -12.34832 -12.35843
 -12.47991 -12.49265 -12.48622 -12.46323 -12.46962
 -12.69299 -12.70576 -12.69942 -12.67656 -12.68319
 -12.90410 -12.91689 -12.91061 -12.88785 -12.89462
 -13.10745 -13.12023 -13.11389 -13.09105 -13.09770
 -13.31525 -13.32805 -13.32172 -13.29889 -13.30557
**** 4**************************************
 -10.72328 -10.65670 -10.50273 -10.19194  -9.67047
 -10.83777 -10.77716 -10.64015 -10.36738  -9.91035
 -10.95238 -10.89777 -10.77772 -10.54301 -10.15050
 -11.06700 -11.01836 -10.91529 -10.71862 -10.39061
 -11.18161 -11.13894 -11.05282 -10.89420 -10.63067
 -11.29621 -11.25952 -11.19034 -11.06974 -10.87062
 -11.41007 -11.37926 -11.32643 -11.24216 -11.10459
 -11.52167 -11.49643 -11.45802 -11.40478 -11.31964
 -11.62955 -11.60938 -11.58215 -11.55096 -11.50282
 -11.73922 -11.72336 -11.70381 -11.68554 -11.65880
 -11.86281 -11.85026 -11.83571 -11.82430 -11.80893
 -11.98771 -11.97786 -11.96706 -11.96017 -11.95220
 -12.06388 -12.05748 -12.05175 -12.05151 -12.05376
 -12.05811 -12.05690 -12.05922 -12.07049 -12.08972
 -11.99067 -11.99564 -12.00760 -12.03269 -12.07186
 -11.89775 -11.90811 -11.92832 -11.96481 -12.02036
 -11.81847 -11.83217 -11.85733 -11.90007 -11.96490
 -11.78511 -11.80054 -11.82811 -11.87344 -11.94235
 -11.81324 -11.82956 -11.85823 -11.90443 -11.97486
 -11.89337 -11.91014 -11.93925 -11.98564 -12.05641
 -12.00461 -12.02145 -12.05054 -12.09662 -12.16696
 -12.13945 -12.15610 -12.18486 -12.23032 -12.29978
 -12.29360 -12.30990 -12.33814 -12.38282 -12.45129
 -12.46203 -12.47786 -12.50540 -12.54920 -12.61654
 -12.63774 -12.65295 -12.67958 -12.72217 -12.78787
 -12.81857 -12.83307 -12.85870 -12.89989 -12.96352
 -13.00809 -13.02206 -13.04693 -13.08702 -13.14893
 -13.21206 -13.22593 -13.25068 -13.29056 -13.35216
 -13.42062 -13.43455 -13.45937 -13.49935 -13.56113
 -13.62709 -13.64100 -13.66580 -13.70576 -13.76749
**** 5**************************************
 -10.48782 -10.43347 -10.32367 -10.08425  -9.64157
 -10.59112 -10.54144 -10.44170 -10.22672  -9.83154
 -10.69456 -10.64954 -10.55988 -10.36936 -10.02172
 -10.79798 -10.75763 -10.67805 -10.51200 -10.21190
 -10.90141 -10.86572 -10.79621 -10.65463 -10.40207
 -11.00484 -10.97382 -10.91439 -10.79727 -10.59226
 -11.10826 -11.08191 -11.03254 -10.93989 -10.78240
 -11.21149 -11.18972 -11.15020 -11.08127 -10.96969
 -11.31395 -11.29644 -11.26591 -11.21778 -11.14583
 -11.41504 -11.40124 -11.37811 -11.34562 -11.30206
 -11.51493 -11.50428 -11.48693 -11.46446 -11.43709
 -11.61492 -11.60720 -11.59474 -11.57897 -11.56032
 -11.71613 -11.71130 -11.70331 -11.69269 -11.67925
 -11.81921 -11.81679 -11.81244 -11.80557 -11.79518
 -11.92461 -11.92381 -11.92189 -11.91741 -11.90877
 -12.03235 -12.03253 -12.03210 -12.02908 -12.02147
 -12.14228 -12.14310 -12.14369 -12.14171 -12.13493
 -12.25471 -12.25605 -12.25750 -12.25652 -12.25076
 -12.37162 -12.37337 -12.37557 -12.37556 -12.37092
 -12.49308 -12.49511 -12.49786 -12.49870 -12.49524
 -12.61662 -12.61872 -12.62177 -12.62331 -12.62110
 -12.73828 -12.74025 -12.74327 -12.74531 -12.74455
 -12.85863 -12.86032 -12.86305 -12.86545 -12.86622
 -12.98233 -12.98368 -12.98604 -12.98869 -12.99091
 -13.11267 -13.11371 -13.11576 -13.11861 -13.12204
 -13.22491 -13.22556 -13.22720 -13.23028 -13.23521
 -13.31717 -13.31733 -13.31841 -13.32177 -13.32860
 -13.43674 -13.43650 -13.43712 -13.44070 -13.44903
 -13.61138 -13.61098 -13.61143 -13.61509 -13.62398
 -13.82510 -13.82473 -13.82522 -13.82886 -13.83763
