    6    5   50    1    6 F: Be 20. Si3N4 0.055 Si 0.7 A:Si 3. 200. 380.       
================================================================================
  11.00000  12.00000  13.00000  14.00000  15.00000
   0.00000   0.09590   0.19179   0.28769   0.38359   0.47949   0.57538   0.67128
   0.76718   0.86308   0.95897   1.05487   1.15077   1.24667   1.34256   1.43846
   1.53436   1.63025   1.72615   1.82205   1.91795   2.01384   2.10974   2.20564
   2.30154   2.39743   2.49333   2.58923   2.68513   2.78102   2.87692   2.97282
   3.06872   3.16461   3.26051   3.35641   3.45230   3.54820   3.64410   3.74000
   3.83589   3.93179   4.02769   4.12359   4.21948   4.31538   4.41128   4.50718
   4.60307   4.69897
================================================================================
 -60.00000 -60.00000 -60.00000 -60.00000 -60.00000
 -60.00000 -60.00000 -60.00000 -60.00000 -60.00000
 -60.00000 -60.00000 -60.00000 -60.00000 -60.00000
 -60.00000 -60.00000 -60.00000 -60.00000 -60.00000
 -60.00000 -60.00000 -60.00000 -60.00000 -60.00000
 -60.00000 -60.00000 -60.00000 -60.00000 -60.00000
 -60.00000 -60.00000 -60.00000 -60.00000 -60.00000
 -60.00000 -60.00000 -60.00000 -60.00000 -60.00000
 -60.00000 -60.00000 -60.00000 -60.00000 -60.00000
 -60.00000 -60.00000 -60.00000 -60.00000 -60.00000
 -60.00000 -60.00000 -60.00000 -60.00000 -60.00000
 -57.59992 -57.59992 -57.59992 -57.59992 -57.59992
 -53.52485 -53.52485 -53.52485 -53.52485 -53.52485
 -50.05278 -50.05278 -50.05278 -50.05278 -50.05278
 -47.09557 -47.09557 -47.09557 -47.09557 -47.09557
 -44.57894 -44.57894 -44.57894 -44.57894 -44.57894
 -42.43831 -42.43831 -42.43831 -42.43831 -42.43831
 -40.61759 -40.61759 -40.61759 -40.61759 -40.61759
 -39.06876 -39.06876 -39.06876 -39.06876 -39.06876
 -37.75096 -37.75096 -37.75096 -37.75096 -37.75096
 -36.62932 -36.62932 -36.62932 -36.62932 -36.62932
 -35.67414 -35.67414 -35.67414 -35.67414 -35.67414
 -34.86033 -34.86033 -34.86033 -34.86033 -34.86033
 -34.16691 -34.16691 -34.16691 -34.16691 -34.16691
 -33.57633 -33.57633 -33.57633 -33.57633 -33.57633
 -33.07350 -33.07350 -33.07350 -33.07350 -33.07350
 -32.64492 -32.64492 -32.64492 -32.64492 -32.64492
 -32.27839 -32.27839 -32.27839 -32.27839 -32.27839
 -31.96305 -31.96305 -31.96305 -31.96305 -31.96305
 -31.68966 -31.68966 -31.68966 -31.68966 -31.68966
 -31.45070 -31.45070 -31.45070 -31.45070 -31.45070
 -31.24034 -31.24034 -31.24034 -31.24034 -31.24034
 -31.05417 -31.05417 -31.05417 -31.05417 -31.05417
 -30.88893 -30.88893 -30.88893 -30.88893 -30.88893
 -30.74221 -30.74221 -30.74221 -30.74221 -30.74221
 -30.61223 -30.61223 -30.61223 -30.61223 -30.61223
 -30.49762 -30.49762 -30.49762 -30.49762 -30.49762
 -30.39729 -30.39729 -30.39729 -30.39729 -30.39729
 -30.31030 -30.31030 -30.31030 -30.31030 -30.31030
 -30.23578 -30.23578 -30.23578 -30.23578 -30.23578
 -30.17286 -30.17286 -30.17286 -30.17286 -30.17286
 -30.12067 -30.12067 -30.12067 -30.12067 -30.12067
 -30.07831 -30.07831 -30.07831 -30.07831 -30.07831
 -30.04489 -30.04489 -30.04489 -30.04489 -30.04489
 -30.01951 -30.01951 -30.01951 -30.01951 -30.01951
 -30.00132 -30.00132 -30.00132 -30.00132 -30.00132
 -29.98953 -29.98953 -29.98953 -29.98953 -29.98953
 -29.98339 -29.98339 -29.98339 -29.98339 -29.98339
 -29.98223 -29.98223 -29.98223 -29.98223 -29.98223
 -29.98544 -29.98544 -29.98544 -29.98544 -29.98544
================================================================================
 -60.00000 -60.00000 -60.00000 -60.00000 -60.00000
 -60.00000 -60.00000 -60.00000 -60.00000 -60.00000
 -60.00000 -60.00000 -60.00000 -60.00000 -60.00000
 -60.00000 -60.00000 -60.00000 -60.00000 -60.00000
 -60.00000 -60.00000 -60.00000 -60.00000 -60.00000
 -60.00000 -60.00000 -60.00000 -60.00000 -60.00000
 -60.00000 -60.00000 -60.00000 -60.00000 -60.00000
 -60.00000 -60.00000 -60.00000 -60.00000 -60.00000
 -60.00000 -60.00000 -60.00000 -60.00000 -60.00000
 -60.00000 -60.00000 -60.00000 -60.00000 -60.00000
 -60.00000 -60.00000 -60.00000 -60.00000 -60.00000
 -56.86243 -56.86243 -56.86243 -56.86243 -56.86243
 -52.78449 -52.78449 -52.78449 -52.78449 -52.78449
 -49.30992 -49.30992 -49.30992 -49.30992 -49.30992
 -46.35071 -46.35071 -46.35071 -46.35071 -46.35071
 -43.83269 -43.83269 -43.83269 -43.83269 -43.83269
 -41.69136 -41.69136 -41.69136 -41.69136 -41.69136
 -39.87069 -39.87069 -39.87069 -39.87069 -39.87069
 -38.32275 -38.32275 -38.32275 -38.32275 -38.32275
 -37.00670 -37.00670 -37.00670 -37.00670 -37.00670
 -35.88771 -35.88771 -35.88771 -35.88771 -35.88771
 -34.93606 -34.93606 -34.93606 -34.93606 -34.93606
 -34.12666 -34.12666 -34.12666 -34.12666 -34.12666
 -33.43849 -33.43849 -33.43849 -33.43849 -33.43849
 -32.85395 -32.85395 -32.85395 -32.85395 -32.85395
 -32.35782 -32.35782 -32.35782 -32.35782 -32.35782
 -31.93646 -31.93646 -31.93646 -31.93646 -31.93646
 -31.57747 -31.57747 -31.57747 -31.57747 -31.57747
 -31.26978 -31.26978 -31.26978 -31.26978 -31.26978
 -31.00400 -31.00400 -31.00400 -31.00400 -31.00400
 -30.77249 -30.77249 -30.77249 -30.77249 -30.77249
 -30.56931 -30.56931 -30.56931 -30.56931 -30.56931
 -30.39002 -30.39002 -30.39002 -30.39002 -30.39002
 -30.23130 -30.23130 -30.23130 -30.23130 -30.23130
 -30.09071 -30.09071 -30.09071 -30.09071 -30.09071
 -29.96645 -29.96645 -29.96645 -29.96645 -29.96645
 -29.85714 -29.85714 -29.85714 -29.85714 -29.85714
 -29.76167 -29.76167 -29.76167 -29.76167 -29.76167
 -29.67912 -29.67912 -29.67912 -29.67912 -29.67912
 -29.60862 -29.60862 -29.60862 -29.60862 -29.60862
 -29.54931 -29.54931 -29.54931 -29.54931 -29.54931
 -29.50034 -29.50034 -29.50034 -29.50034 -29.50034
 -29.46083 -29.46083 -29.46083 -29.46083 -29.46083
 -29.42989 -29.42989 -29.42989 -29.42989 -29.42989
 -29.40667 -29.40667 -29.40667 -29.40667 -29.40667
 -29.39035 -29.39035 -29.39035 -29.39035 -29.39035
 -29.38016 -29.38016 -29.38016 -29.38016 -29.38016
 -29.37537 -29.37537 -29.37537 -29.37537 -29.37537
 -29.37534 -29.37534 -29.37534 -29.37534 -29.37534
 -29.37950 -29.37950 -29.37950 -29.37950 -29.37950
================================================================================
 -60.00000 -60.00000 -60.00000 -60.00000 -60.00000
 -60.00000 -60.00000 -60.00000 -60.00000 -60.00000
 -60.00000 -60.00000 -60.00000 -60.00000 -60.00000
 -60.00000 -60.00000 -60.00000 -60.00000 -60.00000
 -60.00000 -60.00000 -60.00000 -60.00000 -60.00000
 -60.00000 -60.00000 -60.00000 -60.00000 -60.00000
 -60.00000 -60.00000 -60.00000 -60.00000 -60.00000
 -60.00000 -60.00000 -60.00000 -60.00000 -60.00000
 -60.00000 -60.00000 -60.00000 -60.00000 -60.00000
 -60.00000 -60.00000 -60.00000 -60.00000 -60.00000
 -60.00000 -60.00000 -60.00000 -60.00000 -60.00000
 -56.46848 -56.46848 -56.46848 -56.46848 -56.46848
 -52.38837 -52.38837 -52.38837 -52.38837 -52.38837
 -48.91159 -48.91159 -48.91159 -48.91159 -48.91159
 -45.95021 -45.95021 -45.95021 -45.95021 -45.95021
 -43.43006 -43.43006 -43.43006 -43.43006 -43.43006
 -41.28667 -41.28667 -41.28667 -41.28667 -41.28667
 -39.46404 -39.46404 -39.46404 -39.46404 -39.46404
 -37.91430 -37.91430 -37.91430 -37.91430 -37.91430
 -36.59666 -36.59666 -36.59666 -36.59666 -36.59666
 -35.47634 -35.47634 -35.47634 -35.47634 -35.47634
 -34.52371 -34.52371 -34.52371 -34.52371 -34.52371
 -33.71372 -33.71372 -33.71372 -33.71372 -33.71372
 -33.02542 -33.02542 -33.02542 -33.02542 -33.02542
 -32.44124 -32.44124 -32.44124 -32.44124 -32.44124
 -31.94597 -31.94597 -31.94597 -31.94597 -31.94597
 -31.52592 -31.52592 -31.52592 -31.52592 -31.52592
 -31.16861 -31.16861 -31.16861 -31.16861 -31.16861
 -30.86292 -30.86292 -30.86292 -30.86292 -30.86292
 -30.59939 -30.59939 -30.59939 -30.59939 -30.59939
 -30.37036 -30.37036 -30.37036 -30.37036 -30.37036
 -30.16990 -30.16990 -30.16990 -30.16990 -30.16990
 -29.99352 -29.99352 -29.99352 -29.99352 -29.99352
 -29.83790 -29.83790 -29.83790 -29.83790 -29.83790
 -29.70055 -29.70055 -29.70055 -29.70055 -29.70055
 -29.57960 -29.57960 -29.57960 -29.57960 -29.57960
 -29.47363 -29.47363 -29.47363 -29.47363 -29.47363
 -29.38146 -29.38146 -29.38146 -29.38146 -29.38146
 -29.30210 -29.30210 -29.30210 -29.30210 -29.30210
 -29.23465 -29.23465 -29.23465 -29.23465 -29.23465
 -29.17820 -29.17820 -29.17820 -29.17820 -29.17820
 -29.13185 -29.13185 -29.13185 -29.13185 -29.13185
 -29.09473 -29.09473 -29.09473 -29.09473 -29.09473
 -29.06594 -29.06594 -29.06594 -29.06594 -29.06594
 -29.04462 -29.04462 -29.04462 -29.04462 -29.04462
 -29.02996 -29.02996 -29.02996 -29.02996 -29.02996
 -29.02120 -29.02120 -29.02120 -29.02120 -29.02120
 -29.01764 -29.01764 -29.01764 -29.01764 -29.01764
 -29.01865 -29.01865 -29.01865 -29.01865 -29.01865
 -29.02369 -29.02369 -29.02369 -29.02369 -29.02369
================================================================================
 -60.00000 -60.00000 -60.00000 -60.00000 -60.00000
 -60.00000 -60.00000 -60.00000 -60.00000 -60.00000
 -60.00000 -60.00000 -60.00000 -60.00000 -60.00000
 -60.00000 -60.00000 -60.00000 -60.00000 -60.00000
 -60.00000 -60.00000 -60.00000 -60.00000 -60.00000
 -60.00000 -60.00000 -60.00000 -60.00000 -60.00000
 -60.00000 -60.00000 -60.00000 -60.00000 -60.00000
 -60.00000 -60.00000 -60.00000 -60.00000 -60.00000
 -60.00000 -60.00000 -60.00000 -60.00000 -60.00000
 -60.00000 -60.00000 -60.00000 -60.00000 -60.00000
 -60.00000 -60.00000 -60.00000 -60.00000 -60.00000
 -56.20421 -56.20421 -56.20421 -56.20421 -56.20421
 -52.12285 -52.12285 -52.12285 -52.12285 -52.12285
 -48.64478 -48.64478 -48.64478 -48.64478 -48.64478
 -45.68206 -45.68206 -45.68206 -45.68206 -45.68206
 -43.16056 -43.16056 -43.16056 -43.16056 -43.16056
 -41.01576 -41.01576 -41.01576 -41.01576 -41.01576
 -39.19170 -39.19170 -39.19170 -39.19170 -39.19170
 -37.64051 -37.64051 -37.64051 -37.64051 -37.64051
 -36.32142 -36.32142 -36.32142 -36.32142 -36.32142
 -35.19967 -35.19967 -35.19967 -35.19967 -35.19967
 -34.24568 -34.24568 -34.24568 -34.24568 -34.24568
 -33.43442 -33.43442 -33.43442 -33.43442 -33.43442
 -32.74503 -32.74503 -32.74503 -32.74503 -32.74503
 -32.15997 -32.15997 -32.15997 -32.15997 -32.15997
 -31.66407 -31.66407 -31.66407 -31.66407 -31.66407
 -31.24364 -31.24364 -31.24364 -31.24364 -31.24364
 -30.88617 -30.88617 -30.88617 -30.88617 -30.88617
 -30.58052 -30.58052 -30.58052 -30.58052 -30.58052
 -30.31722 -30.31722 -30.31722 -30.31722 -30.31722
 -30.08860 -30.08860 -30.08860 -30.08860 -30.08860
 -29.88877 -29.88877 -29.88877 -29.88877 -29.88877
 -29.71325 -29.71325 -29.71325 -29.71325 -29.71325
 -29.55874 -29.55874 -29.55874 -29.55874 -29.55874
 -29.42275 -29.42275 -29.42275 -29.42275 -29.42275
 -29.30341 -29.30341 -29.30341 -29.30341 -29.30341
 -29.19925 -29.19925 -29.19925 -29.19925 -29.19925
 -29.10905 -29.10905 -29.10905 -29.10905 -29.10905
 -29.03177 -29.03177 -29.03177 -29.03177 -29.03177
 -28.96643 -28.96643 -28.96643 -28.96643 -28.96643
 -28.91208 -28.91208 -28.91208 -28.91208 -28.91208
 -28.86777 -28.86777 -28.86777 -28.86777 -28.86777
 -28.83256 -28.83256 -28.83256 -28.83256 -28.83256
 -28.80554 -28.80554 -28.80554 -28.80554 -28.80554
 -28.78583 -28.78583 -28.78583 -28.78583 -28.78583
 -28.77261 -28.77261 -28.77261 -28.77261 -28.77261
 -28.76511 -28.76511 -28.76511 -28.76511 -28.76511
 -28.76265 -28.76265 -28.76265 -28.76265 -28.76265
 -28.76461 -28.76461 -28.76461 -28.76461 -28.76461
 -28.77044 -28.77044 -28.77044 -28.77044 -28.77044
================================================================================
 -60.00000 -60.00000 -60.00000 -60.00000 -60.00000
 -60.00000 -60.00000 -60.00000 -60.00000 -60.00000
 -60.00000 -60.00000 -60.00000 -60.00000 -60.00000
 -60.00000 -60.00000 -60.00000 -60.00000 -60.00000
 -60.00000 -60.00000 -60.00000 -60.00000 -60.00000
 -60.00000 -60.00000 -60.00000 -60.00000 -60.00000
 -60.00000 -60.00000 -60.00000 -60.00000 -60.00000
 -60.00000 -60.00000 -60.00000 -60.00000 -60.00000
 -60.00000 -60.00000 -60.00000 -60.00000 -60.00000
 -60.00000 -60.00000 -60.00000 -60.00000 -60.00000
 -60.00000 -60.00000 -60.00000 -60.00000 -60.00000
 -56.00573 -56.00573 -56.00573 -56.00573 -56.00573
 -51.92369 -51.92369 -51.92369 -51.92369 -51.92369
 -48.44489 -48.44489 -48.44489 -48.44489 -48.44489
 -45.48142 -45.48142 -45.48142 -45.48142 -45.48142
 -42.95911 -42.95911 -42.95911 -42.95911 -42.95911
 -40.81347 -40.81347 -40.81347 -40.81347 -40.81347
 -38.98851 -38.98851 -38.98851 -38.98851 -38.98851
 -37.43637 -37.43637 -37.43637 -37.43637 -37.43637
 -36.11629 -36.11629 -36.11629 -36.11629 -36.11629
 -34.99353 -34.99353 -34.99353 -34.99353 -34.99353
 -34.03847 -34.03847 -34.03847 -34.03847 -34.03847
 -33.22616 -33.22616 -33.22616 -33.22616 -33.22616
 -32.53573 -32.53573 -32.53573 -32.53573 -32.53573
 -31.94970 -31.94970 -31.94970 -31.94970 -31.94970
 -31.45292 -31.45292 -31.45292 -31.45292 -31.45292
 -31.03170 -31.03170 -31.03170 -31.03170 -31.03170
 -30.67353 -30.67353 -30.67353 -30.67353 -30.67353
 -30.36727 -30.36727 -30.36727 -30.36727 -30.36727
 -30.10346 -30.10346 -30.10346 -30.10346 -30.10346
 -29.87445 -29.87445 -29.87445 -29.87445 -29.87445
 -29.67437 -29.67437 -29.67437 -29.67437 -29.67437
 -29.49878 -29.49878 -29.49878 -29.49878 -29.49878
 -29.34441 -29.34441 -29.34441 -29.34441 -29.34441
 -29.20879 -29.20879 -29.20879 -29.20879 -29.20879
 -29.09005 -29.09005 -29.09005 -29.09005 -29.09005
 -28.98671 -28.98671 -28.98671 -28.98671 -28.98671
 -28.89756 -28.89756 -28.89756 -28.89756 -28.89756
 -28.82152 -28.82152 -28.82152 -28.82152 -28.82152
 -28.75754 -28.75754 -28.75754 -28.75754 -28.75754
 -28.70464 -28.70464 -28.70464 -28.70464 -28.70464
 -28.66182 -28.66182 -28.66182 -28.66182 -28.66182
 -28.62808 -28.62808 -28.62808 -28.62808 -28.62808
 -28.60247 -28.60247 -28.60247 -28.60247 -28.60247
 -28.58408 -28.58408 -28.58408 -28.58408 -28.58408
 -28.57207 -28.57207 -28.57207 -28.57207 -28.57207
 -28.56566 -28.56566 -28.56566 -28.56566 -28.56566
 -28.56416 -28.56416 -28.56416 -28.56416 -28.56416
 -28.56696 -28.56696 -28.56696 -28.56696 -28.56696
 -28.57351 -28.57351 -28.57351 -28.57351 -28.57351
================================================================================
 -60.00000 -60.00000 -60.00000 -60.00000 -60.00000
 -60.00000 -60.00000 -60.00000 -60.00000 -60.00000
 -60.00000 -60.00000 -60.00000 -60.00000 -60.00000
 -60.00000 -60.00000 -60.00000 -60.00000 -60.00000
 -60.00000 -60.00000 -60.00000 -60.00000 -60.00000
 -60.00000 -60.00000 -60.00000 -60.00000 -60.00000
 -60.00000 -60.00000 -60.00000 -60.00000 -60.00000
 -60.00000 -60.00000 -60.00000 -60.00000 -60.00000
 -60.00000 -60.00000 -60.00000 -60.00000 -60.00000
 -60.00000 -60.00000 -60.00000 -60.00000 -60.00000
 -60.00000 -60.00000 -60.00000 -60.00000 -60.00000
 -55.84648 -55.84648 -55.84648 -55.84648 -55.84648
 -51.76408 -51.76408 -51.76408 -51.76408 -51.76408
 -48.28487 -48.28487 -48.28487 -48.28487 -48.28487
 -45.32096 -45.32096 -45.32096 -45.32096 -45.32096
 -42.79819 -42.79819 -42.79819 -42.79819 -42.79819
 -40.65206 -40.65206 -40.65206 -40.65206 -40.65206
 -38.82657 -38.82657 -38.82657 -38.82657 -38.82657
 -37.27385 -37.27385 -37.27385 -37.27385 -37.27385
 -35.95315 -35.95315 -35.95315 -35.95315 -35.95315
 -34.82971 -34.82971 -34.82971 -34.82971 -34.82971
 -33.87394 -33.87394 -33.87394 -33.87394 -33.87394
 -33.06087 -33.06087 -33.06087 -33.06087 -33.06087
 -32.36967 -32.36967 -32.36967 -32.36967 -32.36967
 -31.78286 -31.78286 -31.78286 -31.78286 -31.78286
 -31.28530 -31.28530 -31.28530 -31.28530 -31.28530
 -30.86331 -30.86331 -30.86331 -30.86331 -30.86331
 -30.50438 -30.50438 -30.50438 -30.50438 -30.50438
 -30.19738 -30.19738 -30.19738 -30.19738 -30.19738
 -29.93284 -29.93284 -29.93284 -29.93284 -29.93284
 -29.70316 -29.70316 -29.70316 -29.70316 -29.70316
 -29.50249 -29.50249 -29.50249 -29.50249 -29.50249
 -29.32644 -29.32644 -29.32644 -29.32644 -29.32644
 -29.17175 -29.17175 -29.17175 -29.17175 -29.17175
 -29.03599 -29.03599 -29.03599 -29.03599 -29.03599
 -28.91731 -28.91731 -28.91731 -28.91731 -28.91731
 -28.81423 -28.81423 -28.81423 -28.81423 -28.81423
 -28.72555 -28.72555 -28.72555 -28.72555 -28.72555
 -28.65016 -28.65016 -28.65016 -28.65016 -28.65016
 -28.58700 -28.58700 -28.58700 -28.58700 -28.58700
 -28.53505 -28.53505 -28.53505 -28.53505 -28.53505
 -28.49326 -28.49326 -28.49326 -28.49326 -28.49326
 -28.46060 -28.46060 -28.46060 -28.46060 -28.46060
 -28.43608 -28.43608 -28.43608 -28.43608 -28.43608
 -28.41875 -28.41875 -28.41875 -28.41875 -28.41875
 -28.40774 -28.40774 -28.40774 -28.40774 -28.40774
 -28.40225 -28.40225 -28.40225 -28.40225 -28.40225
 -28.40158 -28.40158 -28.40158 -28.40158 -28.40158
 -28.40511 -28.40511 -28.40511 -28.40511 -28.40511
 -28.41229 -28.41229 -28.41229 -28.41229 -28.41229
