    6    5   35    1    6     /CARBON             /HORTON ET AL 1996           
================================================================================
  11.00000  12.00000  13.00000  14.00000  15.00000
   0.00000   0.13535   0.27071   0.40606   0.54142   0.67677   0.81213   0.94748
   1.08284   1.21819   1.35355   1.48890   1.62426   1.75961   1.89497   2.03032
   2.16568   2.30103   2.43638   2.57174   2.70709   2.84245   2.97780   3.11316
   3.24851   3.38387   3.51922   3.65458   3.78993   3.92529   4.06064   4.19600
   4.33135   4.46671   4.60206
---------------------/ IGRD= 1  / IPRT= 0  /--------/ Z1= 1   / DATE= 08/12/97  
 -28.26954 -28.27811 -28.28405 -28.32461 -28.55258
 -27.39612 -27.40208 -27.41213 -27.47664 -27.75288
 -26.74932 -26.75552 -26.77494 -26.87071 -27.19369
 -26.26045 -26.26783 -26.29313 -26.41553 -26.77339
 -25.88352 -25.89251 -25.92401 -26.06552 -26.43854
 -25.58874 -25.59822 -25.63262 -25.78171 -26.15176
 -25.35795 -25.36742 -25.40298 -25.55276 -25.90868
 -25.17920 -25.18832 -25.22351 -25.37028 -25.70923
 -25.04358 -25.05220 -25.08564 -25.22870 -25.55298
 -24.94261 -24.95030 -24.98178 -25.12089 -25.43355
 -24.86919 -24.87567 -24.90673 -25.04015 -25.34387
 -24.81749 -24.82399 -24.85460 -24.98220 -25.27849
 -24.78360 -24.79142 -24.81930 -24.94254 -25.23146
 -24.76483 -24.77253 -24.79884 -24.91655 -25.19866
 -24.75813 -24.76389 -24.78978 -24.90011 -25.17598
 -24.75826 -24.76295 -24.78746 -24.89141 -25.15867
 -24.76061 -24.76564 -24.78906 -24.88777 -25.14372
 -24.76442 -24.76948 -24.79246 -24.88458 -25.13039
 -24.77068 -24.77581 -24.79667 -24.88215 -25.11782
 -24.77757 -24.78288 -24.80106 -24.88006 -25.10532
 -24.78427 -24.78970 -24.80543 -24.87784 -25.09273
 -24.79105 -24.79661 -24.80982 -24.87567 -25.08012
 -24.79786 -24.80355 -24.81424 -24.87352 -25.06749
 -24.80467 -24.81049 -24.81867 -24.87136 -25.05482
 -24.81148 -24.81744 -24.82309 -24.86919 -25.04214
 -24.81831 -24.82439 -24.82752 -24.86704 -25.02945
 -24.82513 -24.83135 -24.83196 -24.86488 -25.01675
 -24.83195 -24.83830 -24.83638 -24.86272 -25.00404
 -24.83878 -24.84525 -24.84081 -24.86056 -24.99133
 -24.84561 -24.85221 -24.84526 -24.85841 -24.97862
 -24.85244 -24.85918 -24.84969 -24.85625 -24.96590
 -24.85926 -24.86613 -24.85412 -24.85409 -24.95317
 -24.86608 -24.87309 -24.85854 -24.85193 -24.94045
 -24.87291 -24.88005 -24.86295 -24.84976 -24.92773
 -24.87973 -24.88701 -24.86736 -24.84759 -24.91500
---------------------/ IGRD= 1  / IPRT= 0  /--------/ Z1= 2   / DATE= 08/12/97  
 -28.62811 -28.70094 -28.71060 -28.72315 -28.81641
 -27.65364 -27.67764 -27.68185 -27.69007 -27.76576
 -26.93030 -26.93989 -26.94157 -26.94784 -27.00769
 -26.39052 -26.39550 -26.39651 -26.40026 -26.44657
 -25.97539 -25.97816 -25.97915 -25.98246 -26.02186
 -25.64456 -25.64648 -25.64774 -25.65158 -25.69122
 -25.38065 -25.38281 -25.38386 -25.39031 -25.43316
 -25.17505 -25.17738 -25.17913 -25.18808 -25.23435
 -25.02091 -25.02260 -25.02511 -25.03517 -25.08533
 -24.90890 -24.91035 -24.91290 -24.92408 -24.97743
 -24.83029 -24.83273 -24.83509 -24.84852 -24.90285
 -24.77797 -24.78067 -24.78293 -24.79775 -24.85315
 -24.74683 -24.74802 -24.75156 -24.76538 -24.82263
 -24.73104 -24.73137 -24.73564 -24.75052 -24.80817
 -24.72810 -24.72827 -24.73281 -24.74834 -24.80589
 -24.73536 -24.73581 -24.73991 -24.75437 -24.81230
 -24.74808 -24.75026 -24.75261 -24.76769 -24.82504
 -24.76447 -24.76743 -24.76923 -24.78417 -24.83978
 -24.78427 -24.78501 -24.78684 -24.80051 -24.85296
 -24.80337 -24.80462 -24.80705 -24.81864 -24.86912
 -24.82266 -24.82592 -24.82805 -24.83827 -24.88632
 -24.84505 -24.84747 -24.84784 -24.85819 -24.90134
 -24.86884 -24.86950 -24.87149 -24.88022 -24.92075
 -24.89278 -24.89175 -24.89690 -24.90311 -24.94225
 -24.91669 -24.91401 -24.92239 -24.92606 -24.96386
 -24.94063 -24.93627 -24.94786 -24.94899 -24.98544
 -24.96456 -24.95853 -24.97334 -24.97193 -25.00701
 -24.98850 -24.98081 -24.99882 -24.99488 -25.02859
 -25.01244 -25.00307 -25.02430 -25.01783 -25.05017
 -25.03637 -25.02534 -25.04979 -25.04077 -25.07175
 -25.06032 -25.04761 -25.07528 -25.06373 -25.09333
 -25.08427 -25.06989 -25.10078 -25.08669 -25.11492
 -25.10823 -25.09217 -25.12628 -25.10966 -25.13651
 -25.13218 -25.11445 -25.15177 -25.13261 -25.15810
 -25.15613 -25.13673 -25.17726 -25.15557 -25.17969
---------------------/ IGRD= 1  / IPRT= 0  /--------/ Z1= 3   / DATE= 08/12/97  
 -29.09498 -29.41198 -29.46553 -29.46292 -29.50298
 -27.95389 -28.03994 -28.04743 -28.05333 -28.08678
 -27.03636 -27.06033 -27.06487 -27.06794 -27.09756
 -26.38987 -26.39763 -26.39854 -26.39952 -26.42650
 -25.94094 -25.94518 -25.94572 -25.94794 -25.97129
 -25.62473 -25.62747 -25.62824 -25.63045 -25.65010
 -25.39221 -25.39460 -25.39505 -25.39706 -25.41364
 -25.21346 -25.21560 -25.21599 -25.21761 -25.23065
 -25.07346 -25.07562 -25.07583 -25.07717 -25.08654
 -24.96368 -24.96531 -24.96641 -24.96697 -24.97356
 -24.87901 -24.88039 -24.88289 -24.88283 -24.88634
 -24.81631 -24.81820 -24.82032 -24.82069 -24.82101
 -24.77377 -24.77461 -24.77700 -24.77712 -24.77563
 -24.74728 -24.74866 -24.74962 -24.74961 -24.74723
 -24.73490 -24.73685 -24.73759 -24.73775 -24.73369
 -24.73597 -24.73716 -24.73891 -24.73910 -24.73346
 -24.74758 -24.74896 -24.74948 -24.74981 -24.74377
 -24.76597 -24.76749 -24.76809 -24.76848 -24.76164
 -24.78908 -24.79080 -24.79203 -24.79227 -24.78522
 -24.81689 -24.81820 -24.81880 -24.81899 -24.81285
 -24.84696 -24.84743 -24.84733 -24.84755 -24.84191
 -24.87701 -24.87702 -24.87713 -24.87730 -24.87083
 -24.90880 -24.90863 -24.90825 -24.90838 -24.90190
 -24.93881 -24.93957 -24.94061 -24.94087 -24.93388
 -24.96847 -24.96952 -24.97306 -24.97322 -24.96577
 -25.00007 -24.99960 -25.00506 -25.00478 -24.99777
 -25.03262 -25.02998 -25.03701 -25.03619 -25.03004
 -25.06500 -25.06035 -25.06902 -25.06767 -25.06230
 -25.09740 -25.09074 -25.10108 -25.09918 -25.09459
 -25.12986 -25.12116 -25.13314 -25.13072 -25.12692
 -25.16234 -25.15158 -25.16522 -25.16226 -25.15927
 -25.19482 -25.18202 -25.19730 -25.19381 -25.19162
 -25.22730 -25.21247 -25.22939 -25.22537 -25.22397
 -25.25976 -25.24292 -25.26149 -25.25693 -25.25633
 -25.29223 -25.27338 -25.29358 -25.28849 -25.28868
---------------------/ IGRD= 1  / IPRT= 0  /--------/ Z1= 4   / DATE= 08/12/97  
 -27.82603 -27.82614 -27.82832 -27.84468 -27.98289
 -26.95729 -26.95738 -26.95950 -26.97391 -27.09627
 -26.34675 -26.34672 -26.34841 -26.36106 -26.46905
 -25.90556 -25.90550 -25.90559 -25.91707 -26.01379
 -25.60179 -25.60180 -25.60129 -25.61164 -25.69779
 -25.39030 -25.39033 -25.39082 -25.39948 -25.47424
 -25.24859 -25.24861 -25.24897 -25.25625 -25.32101
 -25.15239 -25.15237 -25.15246 -25.15853 -25.21106
 -25.08448 -25.08467 -25.08503 -25.08931 -25.12632
 -25.03506 -25.03532 -25.03573 -25.03801 -25.05886
 -24.99982 -24.99977 -24.99993 -25.00091 -25.00445
 -24.97453 -24.97424 -24.97423 -24.97460 -24.96332
 -24.95456 -24.95421 -24.95422 -24.95445 -24.93658
 -24.94433 -24.94357 -24.94358 -24.94257 -24.92210
 -24.94330 -24.94506 -24.94489 -24.94304 -24.91740
 -24.94981 -24.95522 -24.95461 -24.95322 -24.92319
 -24.96576 -24.96991 -24.97015 -24.96836 -24.93830
 -24.98863 -24.98905 -24.99191 -24.98913 -24.95882
 -25.01589 -25.01645 -25.01771 -25.01605 -24.98741
 -25.04689 -25.04800 -25.04817 -25.04727 -25.01964
 -25.08123 -25.08208 -25.08276 -25.08187 -25.05444
 -25.11851 -25.11954 -25.12002 -25.11951 -25.09364
 -25.15835 -25.15908 -25.16008 -25.15934 -25.13518
 -25.19941 -25.20014 -25.20136 -25.20076 -25.17808
 -25.24103 -25.24193 -25.24286 -25.24270 -25.22166
 -25.28322 -25.28392 -25.28468 -25.28450 -25.26544
 -25.32550 -25.32596 -25.32682 -25.32635 -25.30907
 -25.36727 -25.36791 -25.36883 -25.36846 -25.35231
 -25.40897 -25.40985 -25.41085 -25.41059 -25.39548
 -25.45071 -25.45179 -25.45287 -25.45269 -25.43870
 -25.49244 -25.49374 -25.49489 -25.49481 -25.48190
 -25.53418 -25.53569 -25.53691 -25.53693 -25.52510
 -25.57593 -25.57763 -25.57894 -25.57905 -25.56830
 -25.61766 -25.61958 -25.62096 -25.62115 -25.61150
 -25.65940 -25.66154 -25.66298 -25.66326 -25.65469
---------------------/ IGRD= 1  / IPRT= 0  /--------/ Z1= 5   / DATE= 08/12/97  
 -74.00000 -74.00000 -74.00000 -74.00000 -74.00000
 -73.94611 -73.95367 -73.95357 -73.95508 -73.95865
 -73.98201 -73.98889 -73.98880 -73.99018 -73.99336
 -72.02256 -72.20460 -72.20226 -72.23854 -72.32571
 -64.19709 -64.44544 -64.44241 -64.49169 -64.62369
 -53.04545 -53.06285 -53.06319 -53.06842 -53.11536
 -45.20614 -45.19823 -45.19931 -45.20540 -45.25340
 -40.04771 -40.07051 -40.07159 -40.08515 -40.14547
 -35.96291 -35.96350 -35.96534 -35.97213 -36.01827
 -33.09248 -33.09543 -33.09662 -33.10388 -33.14950
 -30.96374 -30.96390 -30.96363 -30.97017 -31.00976
 -29.43211 -29.43087 -29.43063 -29.43548 -29.47008
 -28.32887 -28.32719 -28.32810 -28.33175 -28.36211
 -27.53527 -27.53370 -27.53469 -27.53809 -27.56607
 -26.96700 -26.96501 -26.96587 -26.96963 -26.99690
 -26.56585 -26.56360 -26.56447 -26.56893 -26.59491
 -26.28964 -26.28809 -26.28859 -26.29327 -26.31602
 -26.10619 -26.10489 -26.10626 -26.11012 -26.12841
 -25.98946 -25.98825 -25.98965 -25.99339 -26.00799
 -25.91587 -25.91512 -25.91649 -25.92010 -25.93246
 -25.86957 -25.86901 -25.87036 -25.87396 -25.88428
 -25.84062 -25.83969 -25.84039 -25.84455 -25.85227
 -25.82504 -25.82444 -25.82507 -25.82880 -25.83534
 -25.82133 -25.82056 -25.82127 -25.82463 -25.83003
 -25.82397 -25.82474 -25.82501 -25.82857 -25.83355
 -25.82962 -25.83110 -25.83119 -25.83447 -25.83941
 -25.83725 -25.83728 -25.83777 -25.84026 -25.84492
 -25.84675 -25.84675 -25.84724 -25.84979 -25.85384
 -25.86151 -25.86153 -25.86156 -25.86504 -25.86625
 -25.87853 -25.87832 -25.87769 -25.88245 -25.87959
 -25.89427 -25.89386 -25.89261 -25.89859 -25.89189
 -25.90985 -25.90923 -25.90733 -25.91455 -25.90393
 -25.92537 -25.92453 -25.92201 -25.93046 -25.91592
 -25.94092 -25.93986 -25.93669 -25.94640 -25.92792
 -25.95647 -25.95519 -25.95138 -25.96233 -25.93991
---------------------/ IGRD= 1  / IPRT= 0  /--------/ Z1= 6   / DATE= 08/12/97  
 -74.00000 -73.99994 -73.99993 -73.99993 -73.99993
 -73.90077 -73.99389 -73.99386 -73.99385 -73.99385
 -73.93381 -73.93243 -73.92269 -73.92201 -73.92197
 -71.07794 -73.89504 -73.90885 -73.90981 -73.90988
 -64.42027 -69.57435 -69.68759 -69.69548 -69.69603
 -57.04862 -58.84953 -58.88593 -58.88846 -58.88863
 -49.75898 -49.60874 -49.60600 -49.60582 -49.60580
 -43.25890 -43.17274 -43.17080 -43.17067 -43.17065
 -38.33301 -38.42948 -38.43154 -38.43168 -38.43170
 -34.95519 -34.94680 -34.94662 -34.94659 -34.94660
 -32.42031 -32.41814 -32.41810 -32.41810 -32.41811
 -30.57451 -30.57545 -30.57545 -30.57546 -30.57541
 -29.23240 -29.23266 -29.23262 -29.23260 -29.23245
 -28.25432 -28.25482 -28.25484 -28.25514 -28.25614
 -27.54077 -27.54107 -27.54156 -27.54224 -27.54438
 -27.02441 -27.02458 -27.02519 -27.02618 -27.02890
 -26.65671 -26.65734 -26.65756 -26.65911 -26.66262
 -26.39612 -26.39658 -26.39729 -26.39924 -26.40253
 -26.21089 -26.21185 -26.21264 -26.21455 -26.21782
 -26.07865 -26.07941 -26.08031 -26.08231 -26.08558
 -25.98435 -25.98436 -25.98670 -25.98789 -25.99155
 -25.91843 -25.91836 -25.92212 -25.92205 -25.92668
 -25.87724 -25.87727 -25.87758 -25.88045 -25.88446
 -25.85257 -25.85292 -25.85228 -25.85649 -25.85980
 -25.84149 -25.84089 -25.84100 -25.84303 -25.84608
 -25.83751 -25.83895 -25.83886 -25.83887 -25.84161
 -25.83892 -25.84286 -25.84272 -25.84330 -25.84631
 -25.84941 -25.85003 -25.85025 -25.85264 -25.85581
 -25.86308 -25.86269 -25.86273 -25.86625 -25.86685
 -25.87773 -25.87802 -25.87811 -25.88133 -25.88089
 -25.89319 -25.89289 -25.89369 -25.89599 -25.89778
 -25.90853 -25.90795 -25.90936 -25.91080 -25.91425
 -25.92387 -25.92301 -25.92503 -25.92561 -25.93068
 -25.93921 -25.93808 -25.94070 -25.94041 -25.94711
 -25.95455 -25.95315 -25.95636 -25.95522 -25.96353
