   10    5   35    1   10     /NEON               /GCR PROJECT                 
================================================================================
  11.00000  12.00000  13.00000  14.00000  15.00000
   0.00000   0.13535   0.27071   0.40606   0.54142   0.67677   0.81213   0.94748
   1.08284   1.21819   1.35355   1.48890   1.62426   1.75961   1.89497   2.03032
   2.16568   2.30103   2.43638   2.57174   2.70709   2.84245   2.97780   3.11316
   3.24851   3.38387   3.51922   3.65458   3.78993   3.92529   4.06064   4.19600
   4.33135   4.46671   4.60206
---------------------/ IGRD= 1  / IPRT= 0  /--------/ Z1= 1   / DATE= 20/12/00  
 -33.37439 -33.37433 -33.37560 -33.38886 -33.46563
 -31.39828 -31.39855 -31.39784 -31.41580 -31.54897
 -29.89618 -29.89558 -29.89478 -29.93150 -30.20237
 -28.81829 -28.81626 -28.81809 -28.88844 -29.28865
 -27.99286 -27.99117 -27.99412 -28.08697 -28.58143
 -27.38773 -27.38758 -27.38931 -27.48706 -27.98381
 -26.93699 -26.93669 -26.93835 -27.04306 -27.55652
 -26.60333 -26.60324 -26.60543 -26.71480 -27.24045
 -26.36033 -26.36042 -26.36347 -26.47399 -27.00086
 -26.18407 -26.18406 -26.18802 -26.29801 -26.82404
 -26.05565 -26.05595 -26.06044 -26.16882 -26.68904
 -25.96220 -25.96258 -25.96703 -26.07315 -26.58220
 -25.89367 -25.89377 -25.89736 -25.99865 -26.49215
 -25.84006 -25.84003 -25.84556 -25.94166 -26.43103
 -25.79650 -25.79652 -25.80431 -25.89201 -26.36486
 -25.76212 -25.76212 -25.76753 -25.83760 -26.24722
 -25.73333 -25.73333 -25.73541 -25.78686 -26.13000
 -25.70657 -25.70657 -25.70899 -25.75924 -26.09684
 -25.68177 -25.68177 -25.68388 -25.73040 -26.05106
 -25.65742 -25.65742 -25.65885 -25.69997 -25.99732
 -25.63288 -25.63288 -25.63387 -25.67061 -25.94841
 -25.60842 -25.60842 -25.60887 -25.64091 -25.89795
 -25.58393 -25.58394 -25.58387 -25.61121 -25.84751
 -25.55945 -25.55946 -25.55887 -25.58152 -25.79714
 -25.53498 -25.53498 -25.53387 -25.55182 -25.74672
 -25.51050 -25.51051 -25.50887 -25.52213 -25.69631
 -25.48602 -25.48603 -25.48387 -25.49244 -25.64591
 -25.46154 -25.46156 -25.45887 -25.46275 -25.59551
 -25.43707 -25.43707 -25.43388 -25.43306 -25.54510
 -25.41259 -25.41260 -25.40888 -25.40336 -25.49470
 -25.38811 -25.38812 -25.38388 -25.37367 -25.44429
 -25.36364 -25.36365 -25.35888 -25.34398 -25.39388
 -25.33917 -25.33917 -25.33388 -25.31428 -25.34347
 -25.31470 -25.31470 -25.30889 -25.28459 -25.29306
 -25.29023 -25.29022 -25.28389 -25.25489 -25.24265
---------------------/ IGRD= 1  / IPRT= 0  /--------/ Z1= 2   / DATE= 20/12/00  
 -36.73576 -36.73576 -36.73577 -36.73628 -36.73899
 -33.65814 -33.65815 -33.65831 -33.66154 -33.66412
 -31.40468 -31.40468 -31.40463 -31.40634 -31.41459
 -29.72486 -29.72487 -29.72510 -29.72575 -29.74380
 -28.50483 -28.50485 -28.50580 -28.50855 -28.53962
 -27.59086 -27.59087 -27.59187 -27.59842 -27.64521
 -26.92284 -26.92284 -26.92280 -26.93370 -26.99592
 -26.43636 -26.43632 -26.43735 -26.45006 -26.52712
 -26.08522 -26.08517 -26.08754 -26.10144 -26.18993
 -25.83697 -25.83702 -25.83902 -25.85547 -25.95063
 -25.66404 -25.66400 -25.66541 -25.68393 -25.78188
 -25.54615 -25.54611 -25.54791 -25.56609 -25.66467
 -25.46823 -25.46908 -25.47112 -25.48816 -25.58697
 -25.42121 -25.42187 -25.42358 -25.44033 -25.53650
 -25.39605 -25.39586 -25.39735 -25.41368 -25.50555
 -25.38562 -25.38554 -25.38744 -25.40175 -25.48990
 -25.38702 -25.38707 -25.38896 -25.40150 -25.48455
 -25.39728 -25.39729 -25.39841 -25.41050 -25.48797
 -25.41411 -25.41415 -25.41470 -25.42628 -25.49717
 -25.43475 -25.43470 -25.43556 -25.44612 -25.51078
 -25.45844 -25.45833 -25.45964 -25.46865 -25.52780
 -25.48489 -25.48491 -25.48597 -25.49316 -25.54716
 -25.51139 -25.51144 -25.51248 -25.51839 -25.56795
 -25.53766 -25.53764 -25.53886 -25.54375 -25.58915
 -25.56393 -25.56383 -25.56522 -25.56911 -25.61037
 -25.59020 -25.59002 -25.59159 -25.59446 -25.63158
 -25.61646 -25.61622 -25.61796 -25.61981 -25.65280
 -25.64273 -25.64242 -25.64433 -25.64516 -25.67402
 -25.66900 -25.66862 -25.67070 -25.67051 -25.69523
 -25.69527 -25.69481 -25.69707 -25.69587 -25.71645
 -25.72154 -25.72100 -25.72344 -25.72122 -25.73767
 -25.74780 -25.74719 -25.74981 -25.74657 -25.75889
 -25.77407 -25.77339 -25.77617 -25.77192 -25.78011
 -25.80033 -25.79959 -25.80253 -25.79727 -25.80134
 -25.82660 -25.82579 -25.82890 -25.82261 -25.82256
---------------------/ IGRD= 1  / IPRT= 0  /--------/ Z1= 3   / DATE= 20/12/00  
 -31.51493 -32.50561 -33.54056 -34.57201 -35.19890
 -31.09615 -31.95586 -32.36944 -32.60047 -32.70525
 -30.27649 -30.52270 -30.56501 -30.53761 -30.52184
 -29.05981 -29.03095 -29.02701 -29.04702 -29.05922
 -27.95484 -27.97478 -27.97137 -27.96630 -27.96686
 -27.18645 -27.19040 -27.19074 -27.18987 -27.19248
 -26.61465 -26.61356 -26.61362 -26.61406 -26.61741
 -26.17347 -26.17412 -26.17403 -26.17411 -26.17550
 -25.83106 -25.83101 -25.83116 -25.83134 -25.83281
 -25.56600 -25.56609 -25.56604 -25.56601 -25.56879
 -25.36663 -25.36668 -25.36666 -25.36735 -25.37058
 -25.22252 -25.22250 -25.22245 -25.22336 -25.22713
 -25.12286 -25.12271 -25.12265 -25.12318 -25.12742
 -25.05438 -25.05458 -25.05461 -25.05561 -25.06071
 -25.00792 -25.00824 -25.00831 -25.00942 -25.01571
 -24.98045 -24.98026 -24.98025 -24.98043 -24.98786
 -24.96816 -24.96809 -24.96811 -24.96887 -24.97761
 -24.96484 -24.96492 -24.96512 -24.96619 -24.97572
 -24.97180 -24.97176 -24.97185 -24.97302 -24.98033
 -24.98400 -24.98400 -24.98418 -24.98539 -24.99091
 -25.00031 -25.00043 -25.00079 -25.00186 -25.00677
 -25.02152 -25.02156 -25.02169 -25.02240 -25.02643
 -25.04298 -25.04298 -25.04279 -25.04310 -25.04624
 -25.06322 -25.06319 -25.06353 -25.06357 -25.06618
 -25.08440 -25.08436 -25.08493 -25.08512 -25.08734
 -25.10678 -25.10678 -25.10666 -25.10735 -25.10931
 -25.12925 -25.12931 -25.12822 -25.12944 -25.13131
 -25.15171 -25.15183 -25.14983 -25.15158 -25.15333
 -25.17417 -25.17435 -25.17144 -25.17373 -25.17534
 -25.19664 -25.19687 -25.19303 -25.19586 -25.19735
 -25.21910 -25.21939 -25.21462 -25.21799 -25.21936
 -25.24156 -25.24191 -25.23622 -25.24012 -25.24136
 -25.26402 -25.26443 -25.25783 -25.26225 -25.26337
 -25.28648 -25.28696 -25.27943 -25.28438 -25.28537
 -25.30894 -25.30948 -25.30103 -25.30651 -25.30738
---------------------/ IGRD= 1  / IPRT= 0  /--------/ Z1= 4   / DATE= 20/12/00  
 -31.95580 -32.93637 -33.77585 -34.20751 -34.29838
 -30.99718 -31.52078 -31.72264 -31.77062 -31.75161
 -29.79180 -29.89768 -29.89062 -29.88101 -29.89012
 -28.58844 -28.58546 -28.59726 -28.60330 -28.60404
 -27.67536 -27.68448 -27.67996 -27.67773 -27.68226
 -27.01976 -27.02197 -27.02152 -27.02204 -27.02510
 -26.53601 -26.53600 -26.53636 -26.53659 -26.53895
 -26.16957 -26.16993 -26.16979 -26.16958 -26.17119
 -25.88262 -25.88260 -25.88270 -25.88283 -25.88404
 -25.64968 -25.64966 -25.64963 -25.64976 -25.65085
 -25.45653 -25.45654 -25.45656 -25.45689 -25.45768
 -25.30023 -25.30024 -25.30024 -25.30066 -25.30196
 -25.18388 -25.18391 -25.18398 -25.18445 -25.18649
 -25.10177 -25.10180 -25.10213 -25.10261 -25.10533
 -25.04713 -25.04717 -25.04767 -25.04832 -25.05143
 -25.01390 -25.01397 -25.01429 -25.01504 -25.01830
 -24.99615 -24.99589 -24.99606 -24.99698 -25.00055
 -24.98883 -24.98854 -24.98869 -24.99096 -24.99479
 -24.98903 -24.99316 -24.99290 -24.99324 -24.99560
 -24.99820 -25.00143 -25.00136 -25.00110 -25.00360
 -25.01363 -25.01294 -25.01331 -25.01395 -25.01755
 -25.03134 -25.03132 -25.03159 -25.03194 -25.03498
 -25.05273 -25.05272 -25.05325 -25.05398 -25.05635
 -25.07704 -25.07694 -25.07760 -25.07795 -25.08049
 -25.10319 -25.10315 -25.10334 -25.10374 -25.10627
 -25.13011 -25.13023 -25.13014 -25.13068 -25.13284
 -25.15747 -25.15768 -25.15787 -25.15806 -25.15994
 -25.18532 -25.18527 -25.18571 -25.18591 -25.18749
 -25.21324 -25.21287 -25.21357 -25.21383 -25.21510
 -25.24112 -25.24047 -25.24142 -25.24171 -25.24268
 -25.26900 -25.26806 -25.26928 -25.26960 -25.27026
 -25.29689 -25.29566 -25.29712 -25.29748 -25.29784
 -25.32478 -25.32325 -25.32497 -25.32535 -25.32541
 -25.35266 -25.35085 -25.35282 -25.35323 -25.35299
 -25.38055 -25.37844 -25.38066 -25.38110 -25.38057
---------------------/ IGRD= 1  / IPRT= 0  /--------/ Z1= 5   / DATE= 20/12/00  
 -30.48672 -30.92806 -31.79366 -32.75520 -33.58167
 -29.34006 -29.74543 -30.55692 -31.23731 -31.50299
 -28.45569 -28.79959 -29.40138 -29.68461 -29.73486
 -27.79438 -28.03113 -28.35147 -28.42782 -28.44928
 -27.22642 -27.35285 -27.48077 -27.51151 -27.51993
 -26.72127 -26.77633 -26.83062 -26.84261 -26.84842
 -26.29786 -26.32461 -26.35224 -26.35826 -26.36282
 -25.96343 -25.98141 -26.00000 -26.00388 -26.00736
 -25.70655 -25.72113 -25.73760 -25.74111 -25.74372
 -25.50901 -25.52226 -25.53796 -25.54187 -25.54359
 -25.35330 -25.36539 -25.38128 -25.38508 -25.38611
 -25.22833 -25.23937 -25.25592 -25.25994 -25.26074
 -25.13082 -25.14083 -25.15692 -25.16119 -25.16246
 -25.05868 -25.06774 -25.08304 -25.08758 -25.08917
 -25.00834 -25.01618 -25.03028 -25.03661 -25.03780
 -24.97612 -24.98238 -24.99423 -25.00142 -25.00174
 -24.95837 -24.96323 -24.97247 -24.97568 -24.97650
 -24.94856 -24.95211 -24.95869 -24.96037 -24.96455
 -24.94730 -24.94978 -24.95418 -24.95537 -24.95754
 -24.95067 -24.95234 -24.95521 -24.95640 -24.95834
 -24.95883 -24.95992 -24.96180 -24.96310 -24.96683
 -24.97382 -24.97460 -24.97578 -24.97678 -24.97959
 -24.99245 -24.99324 -24.99395 -24.99469 -24.99629
 -25.01293 -25.01335 -25.01425 -25.01447 -25.01597
 -25.03477 -25.03494 -25.03554 -25.03590 -25.03719
 -25.05738 -25.05742 -25.05764 -25.05836 -25.05934
 -25.08031 -25.08044 -25.08065 -25.08116 -25.08219
 -25.10351 -25.10416 -25.10421 -25.10432 -25.10536
 -25.12714 -25.12770 -25.12775 -25.12785 -25.12858
 -25.15095 -25.15104 -25.15121 -25.15151 -25.15181
 -25.17473 -25.17442 -25.17471 -25.17517 -25.17506
 -25.19852 -25.19778 -25.19820 -25.19885 -25.19830
 -25.22232 -25.22114 -25.22169 -25.22253 -25.22155
 -25.24611 -25.24451 -25.24517 -25.24621 -25.24479
 -25.26990 -25.26787 -25.26866 -25.26990 -25.26803
---------------------/ IGRD= 1  / IPRT= 0  /--------/ Z1= 6   / DATE= 20/12/00  
 -30.23649 -30.47779 -31.24086 -32.36302 -33.07970
 -29.35078 -29.55781 -30.23287 -31.06283 -31.45247
 -28.46077 -28.62996 -29.18404 -29.67866 -29.82321
 -27.72277 -27.84646 -28.22002 -28.45017 -28.49424
 -27.14168 -27.22001 -27.42514 -27.51665 -27.53903
 -26.64855 -26.69335 -26.80027 -26.84234 -26.85238
 -26.23518 -26.26500 -26.33117 -26.35589 -26.36312
 -25.90624 -25.93106 -25.98539 -26.00486 -26.01109
 -25.66093 -25.68399 -25.73557 -25.75440 -25.75858
 -25.48303 -25.50520 -25.55559 -25.57425 -25.57728
 -25.35067 -25.37108 -25.41876 -25.43700 -25.43994
 -25.24690 -25.26433 -25.30692 -25.32388 -25.32641
 -25.15932 -25.17327 -25.20928 -25.22449 -25.22627
 -25.08441 -25.09513 -25.12430 -25.13745 -25.13887
 -25.02268 -25.03056 -25.05337 -25.06429 -25.06559
 -24.97523 -24.98070 -24.99716 -25.00583 -25.00746
 -24.94131 -24.94519 -24.95681 -24.96319 -24.96477
 -24.92183 -24.92437 -24.93606 -24.94023 -24.93788
 -24.91527 -24.91702 -24.92382 -24.92659 -24.92570
 -24.91979 -24.92081 -24.92394 -24.92578 -24.92619
 -24.93078 -24.93130 -24.93372 -24.93488 -24.93486
 -24.94514 -24.94570 -24.94722 -24.94798 -24.94829
 -24.96768 -24.96803 -24.96907 -24.96959 -24.96934
 -24.99379 -24.99404 -24.99481 -24.99553 -24.99493
 -25.02358 -25.02374 -25.02428 -25.02479 -25.02453
 -25.05681 -25.05692 -25.05731 -25.05752 -25.05747
 -25.09154 -25.09163 -25.09195 -25.09219 -25.09206
 -25.12706 -25.12718 -25.12743 -25.12765 -25.12755
 -25.16265 -25.16345 -25.16361 -25.16373 -25.16368
 -25.19903 -25.19953 -25.19969 -25.19977 -25.19975
 -25.23610 -25.23527 -25.23547 -25.23558 -25.23560
 -25.27307 -25.27106 -25.27129 -25.27143 -25.27150
 -25.31003 -25.30686 -25.30711 -25.30728 -25.30740
 -25.34699 -25.34266 -25.34293 -25.34314 -25.34330
 -25.38395 -25.37846 -25.37876 -25.37899 -25.37920
---------------------/ IGRD= 1  / IPRT= 0  /--------/ Z1= 7   / DATE= 20/12/00  
 -30.27544 -30.37699 -30.90382 -32.26129 -33.17629
 -29.51938 -29.60880 -30.07378 -31.11614 -31.70654
 -28.75878 -28.83542 -29.23140 -29.92990 -30.23969
 -27.97422 -28.03425 -28.32656 -28.68743 -28.79750
 -27.26564 -27.30592 -27.47936 -27.61356 -27.63382
 -26.69655 -26.72066 -26.80519 -26.85278 -26.86332
 -26.22723 -26.24694 -26.30234 -26.32942 -26.33667
 -25.86847 -25.89125 -25.94869 -25.97239 -25.97766
 -25.61005 -25.63842 -25.70412 -25.72919 -25.73497
 -25.42905 -25.46256 -25.53614 -25.56359 -25.56934
 -25.30805 -25.34418 -25.42188 -25.44965 -25.45504
 -25.22604 -25.26181 -25.33799 -25.36517 -25.36913
 -25.16463 -25.19679 -25.26617 -25.29113 -25.29483
 -25.11326 -25.13989 -25.19938 -25.22140 -25.22463
 -25.06772 -25.08852 -25.13734 -25.15616 -25.15856
 -25.03042 -25.04615 -25.08473 -25.10031 -25.10234
 -25.00485 -25.01642 -25.04556 -25.05815 -25.05979
 -24.99163 -24.99981 -25.02122 -25.03057 -25.03185
 -24.98684 -24.99248 -25.00807 -25.01553 -25.01594
 -24.99442 -24.99819 -25.00917 -25.01465 -25.01480
 -25.01187 -25.01431 -25.02174 -25.02516 -25.02566
 -25.03349 -25.03511 -25.04014 -25.04251 -25.04305
 -25.06043 -25.06152 -25.06475 -25.06674 -25.06683
 -25.09151 -25.09215 -25.09411 -25.09552 -25.09561
 -25.12555 -25.12593 -25.12719 -25.12822 -25.12838
 -25.16208 -25.16227 -25.16315 -25.16414 -25.16414
 -25.20081 -25.20116 -25.20172 -25.20243 -25.20260
 -25.24153 -25.24248 -25.24278 -25.24296 -25.24368
 -25.28426 -25.28513 -25.28535 -25.28561 -25.28625
 -25.32820 -25.32836 -25.32860 -25.32935 -25.32953
 -25.37235 -25.37222 -25.37239 -25.37295 -25.37335
 -25.41640 -25.41665 -25.41661 -25.41613 -25.41758
 -25.46043 -25.46116 -25.46088 -25.45925 -25.46185
 -25.50446 -25.50566 -25.50515 -25.50237 -25.50612
 -25.54850 -25.55017 -25.54942 -25.54549 -25.55040
---------------------/ IGRD= 1  / IPRT= 0  /--------/ Z1= 8   / DATE= 20/12/00  
 -29.30429 -29.30454 -29.30544 -29.31141 -29.33988
 -28.66051 -28.66071 -28.66138 -28.66608 -28.69137
 -28.01865 -28.01878 -28.01925 -28.02268 -28.04482
 -27.36753 -27.36759 -27.36780 -27.36990 -27.38877
 -26.75872 -26.75875 -26.75886 -26.75997 -26.77608
 -26.26728 -26.26732 -26.26747 -26.26850 -26.28244
 -25.93785 -25.93784 -25.93783 -25.93985 -25.95143
 -25.71642 -25.71637 -25.71621 -25.71914 -25.72823
 -25.56811 -25.56808 -25.56798 -25.56999 -25.57795
 -25.47667 -25.47668 -25.47669 -25.47699 -25.48486
 -25.42156 -25.42157 -25.42158 -25.42144 -25.42865
 -25.38924 -25.38924 -25.38925 -25.38951 -25.39534
 -25.36646 -25.36646 -25.36647 -25.36684 -25.37116
 -25.34475 -25.34477 -25.34478 -25.34502 -25.34732
 -25.32096 -25.32095 -25.32095 -25.32103 -25.32143
 -25.29784 -25.29786 -25.29785 -25.29779 -25.29724
 -25.27926 -25.27951 -25.27948 -25.27941 -25.27805
 -25.26785 -25.26806 -25.26799 -25.26834 -25.26596
 -25.26411 -25.26450 -25.26430 -25.26497 -25.26227
 -25.26837 -25.26863 -25.26911 -25.26916 -25.26695
 -25.28004 -25.27990 -25.28098 -25.28076 -25.27867
 -25.29773 -25.29754 -25.29797 -25.29887 -25.29593
 -25.31997 -25.32050 -25.32060 -25.32117 -25.31868
 -25.34749 -25.34854 -25.34854 -25.34865 -25.34666
 -25.38000 -25.38067 -25.38126 -25.38113 -25.37918
 -25.41609 -25.41594 -25.41730 -25.41728 -25.41513
 -25.45418 -25.45379 -25.45488 -25.45548 -25.45322
 -25.49319 -25.49318 -25.49324 -25.49433 -25.49238
 -25.53263 -25.53268 -25.53263 -25.53303 -25.53177
 -25.57248 -25.57245 -25.57253 -25.57242 -25.57182
 -25.61261 -25.61261 -25.61257 -25.61258 -25.61231
 -25.65276 -25.65279 -25.65280 -25.65278 -25.65259
 -25.69291 -25.69296 -25.69305 -25.69298 -25.69283
 -25.73306 -25.73313 -25.73330 -25.73318 -25.73308
 -25.77321 -25.77331 -25.77355 -25.77339 -25.77332
---------------------/ IGRD= 1  / IPRT= 0  /--------/ Z1= 9   / DATE= 20/12/00  
 -74.00000 -74.00000 -74.00000 -74.00000 -74.00000
 -74.00000 -74.00000 -74.00000 -74.00000 -74.00000
 -73.99283 -73.99071 -73.99200 -73.99195 -73.99196
 -74.00000 -74.00000 -74.00000 -74.00000 -74.00000
 -73.85292 -73.81030 -73.83616 -73.83526 -73.83541
 -73.86874 -73.83071 -73.85378 -73.85298 -73.85311
 -74.00000 -74.00000 -74.00000 -74.00000 -74.00000
 -69.32916 -68.38401 -68.99270 -68.97167 -68.97518
 -58.13200 -58.03811 -58.46806 -58.45492 -58.45695
 -48.17037 -49.18497 -49.00650 -49.01478 -49.01320
 -42.74538 -42.70280 -42.73027 -42.72913 -42.72960
 -38.23978 -37.97899 -38.01410 -38.01215 -38.01307
 -34.70632 -34.61173 -34.62037 -34.61969 -34.61979
 -32.15576 -32.16865 -32.16784 -32.16777 -32.16785
 -30.36401 -30.36062 -30.36087 -30.36078 -30.36115
 -29.04919 -29.05133 -29.05106 -29.05109 -29.05094
 -28.10009 -28.09940 -28.09877 -28.09893 -28.09878
 -27.41305 -27.41176 -27.41113 -27.41120 -27.41135
 -26.92019 -26.91866 -26.91802 -26.91801 -26.91881
 -26.56369 -26.56260 -26.56274 -26.56285 -26.56378
 -26.30877 -26.30866 -26.30954 -26.30983 -26.31039
 -26.13297 -26.13321 -26.13365 -26.13405 -26.13451
 -26.01029 -26.01078 -26.01111 -26.01147 -26.01240
 -25.92654 -25.92665 -25.92677 -25.92672 -25.92705
 -25.86883 -25.86852 -25.86849 -25.86991 -25.87046
 -25.83009 -25.83064 -25.83109 -25.83244 -25.83300
 -25.80897 -25.80900 -25.80905 -25.80941 -25.80964
 -25.80142 -25.79822 -25.79668 -25.79845 -25.79927
 -25.79982 -25.79619 -25.79563 -25.79642 -25.79638
 -25.80340 -25.80018 -25.80059 -25.80016 -25.80204
 -25.81541 -25.81156 -25.81175 -25.81156 -25.81447
 -25.83387 -25.82957 -25.82995 -25.82997 -25.82865
 -25.85315 -25.84842 -25.84907 -25.84930 -25.84302
 -25.87243 -25.86728 -25.86819 -25.86862 -25.85739
 -25.89171 -25.88613 -25.88730 -25.88795 -25.87176
---------------------/ IGRD= 1  / IPRT= 0  /--------/ Z1=10   / DATE= 20/12/00  
 -74.00000 -74.00000 -74.00000 -74.00000 -74.00000
 -73.99972 -73.99777 -73.99777 -73.99777 -73.99777
 -73.99979 -74.00000 -74.00000 -74.00000 -74.00000
 -74.00000 -73.96435 -73.96438 -73.96437 -73.96437
 -73.99426 -74.00000 -74.00000 -74.00000 -74.00000
 -73.99487 -74.00000 -74.00000 -74.00000 -74.00000
 -74.00000 -73.64577 -73.64600 -73.64596 -73.64596
 -73.91374 -74.00000 -74.00000 -74.00000 -74.00000
 -73.50739 -65.45095 -65.45607 -65.45503 -65.45503
 -58.31178 -51.15426 -51.15880 -51.15788 -51.15788
 -39.70665 -45.54458 -45.54087 -45.54162 -45.54162
 -41.60076 -39.60580 -39.60707 -39.60682 -39.60681
 -37.33671 -35.81447 -35.81544 -35.81524 -35.81524
 -32.76069 -33.24719 -33.24687 -33.24693 -33.24694
 -31.36222 -31.17737 -31.17749 -31.17747 -31.17746
 -29.67572 -29.73508 -29.73505 -29.73505 -29.73506
 -28.66406 -28.66682 -28.66683 -28.66681 -28.66689
 -27.89538 -27.89670 -27.89669 -27.89673 -27.89651
 -27.33556 -27.33854 -27.33857 -27.33842 -27.33904
 -26.93353 -26.93283 -26.93276 -26.93277 -26.93448
 -26.64110 -26.64364 -26.64356 -26.64432 -26.64577
 -26.44154 -26.44220 -26.44259 -26.44403 -26.44405
 -26.30030 -26.30035 -26.30131 -26.30218 -26.30325
 -26.20169 -26.20228 -26.20305 -26.20369 -26.20530
 -26.13480 -26.13543 -26.13600 -26.13661 -26.13834
 -26.09054 -26.09103 -26.09159 -26.09211 -26.09385
 -26.06305 -26.06357 -26.06407 -26.06457 -26.06606
 -26.04818 -26.04864 -26.04913 -26.04962 -26.05095
 -26.04323 -26.04376 -26.04423 -26.04471 -26.04572
 -26.04581 -26.04622 -26.04674 -26.04722 -26.04814
 -26.05429 -26.05450 -26.05498 -26.05548 -26.05650
 -26.06623 -26.06647 -26.06666 -26.06718 -26.06820
 -26.07860 -26.07890 -26.07878 -26.07931 -26.08032
 -26.09097 -26.09134 -26.09089 -26.09144 -26.09244
 -26.10334 -26.10377 -26.10300 -26.10357 -26.10455
