    6    5   30    1    6     /CARBON             /DICKSON ET AL 1992          
================================================================================
    4    2    2    1    2    1    1                                             
================================================================================
  11.00000  12.00000  13.00000  14.00000  15.00000
   0.00000   0.13793   0.27586   0.41379   0.55172   0.68966   0.82759   0.96552
   1.10345   1.24138   1.37931   1.51724   1.65517   1.79310   1.93103   2.06897
   2.20690   2.34483   2.48276   2.62069   2.75862   2.89655   3.03448   3.17241
   3.31034   3.44828   3.58621   3.72414   3.86207   4.00000
---------------------/ IGRD= 1  / IPRT= 0  /--------/ Z1= 1   / DATE= 16/11/93  
 -28.59789 -28.50770 -28.29129 -28.27065 -28.84977
 -27.65474 -27.57786 -27.39660 -27.40820 -27.98453
 -27.00414 -26.94046 -26.79394 -26.83583 -27.40433
 -26.46390 -26.41101 -26.29291 -26.35818 -26.91580
 -26.02083 -25.97542 -25.87694 -25.95698 -26.50271
 -25.68215 -25.64022 -25.55049 -25.63535 -26.17024
 -25.43911 -25.39716 -25.30658 -25.38770 -25.91358
 -25.26322 -25.21977 -25.12404 -25.19765 -25.71552
 -25.13083 -25.08583 -24.98461 -25.05050 -25.56088
 -25.03059 -24.98401 -24.87760 -24.93632 -25.43991
 -24.95553 -24.90728 -24.79610 -24.84844 -25.34617
 -24.90718 -24.85723 -24.74190 -24.78877 -25.28132
 -24.88949 -24.83801 -24.71930 -24.76165 -25.24944
 -24.89149 -24.83865 -24.71720 -24.75548 -25.23809
 -24.86741 -24.81319 -24.68847 -24.72137 -25.19644
 -24.80809 -24.75246 -24.62348 -24.64914 -25.11400
 -24.83611 -24.77957 -24.64758 -24.66803 -25.12560
 -25.02662 -24.96999 -24.83772 -24.85769 -25.31459
 -25.24916 -25.19262 -25.06062 -25.08104 -25.53859
 -25.45020 -25.39363 -25.26152 -25.28177 -25.73909
 -25.65724 -25.60066 -25.46856 -25.48881 -25.94613
 -25.86506 -25.80848 -25.67639 -25.69668 -26.15403
 -26.07153 -26.01495 -25.88286 -25.90313 -26.36046
 -26.27846 -26.22189 -26.08980 -26.11007 -26.56741
 -26.48541 -26.42884 -26.29675 -26.31702 -26.77436
 -26.69228 -26.63571 -26.50361 -26.52390 -26.98123
 -26.89918 -26.84261 -26.71051 -26.73079 -27.18813
 -27.10608 -27.04950 -26.91741 -26.93769 -27.39502
 -27.31298 -27.25640 -27.12431 -27.14458 -27.60192
 -27.51988 -27.46330 -27.33121 -27.35149 -27.80882
---------------------/ IGRD= 2  / IPRT= 0  /--------/ Z1= 1   / DATE= 16/11/93  
 -27.85049 -27.79774 -27.59653 -27.57186 -28.14153
 -27.08240 -27.03756 -26.86758 -26.87239 -27.43596
 -26.57192 -26.51855 -26.36996 -26.39527 -26.93360
 -26.14885 -26.10225 -25.98977 -26.04428 -26.55593
 -25.80063 -25.76715 -25.68950 -25.76859 -26.25332
 -25.53373 -25.50602 -25.44109 -25.52313 -25.98000
 -25.34083 -25.30746 -25.22957 -25.29120 -25.72033
 -25.19752 -25.15504 -25.05632 -25.09138 -25.49617
 -25.08441 -25.03513 -24.92031 -24.93463 -25.32036
 -24.99412 -24.94009 -24.81348 -24.81209 -25.18271
 -24.92333 -24.86565 -24.72959 -24.71540 -25.07342
 -24.87578 -24.81536 -24.67211 -24.64792 -24.99547
 -24.85735 -24.79513 -24.64732 -24.61628 -24.95543
 -24.85820 -24.79494 -24.64500 -24.60994 -24.94233
 -24.83185 -24.76778 -24.61650 -24.57829 -24.90419
 -24.76891 -24.70389 -24.55081 -24.50893 -24.82815
 -24.79420 -24.72850 -24.57403 -24.52957 -24.84449
 -24.98446 -24.91869 -24.76409 -24.71940 -25.03393
 -25.20725 -25.14154 -24.98706 -24.94261 -25.25751
 -25.40819 -25.34247 -25.18795 -25.14339 -25.45815
 -25.61522 -25.54950 -25.39498 -25.35043 -25.66519
 -25.82305 -25.75733 -25.60282 -25.55828 -25.87308
 -26.02952 -25.96380 -25.80928 -25.76474 -26.07952
 -26.23646 -26.17074 -26.01622 -25.97168 -26.28646
 -26.44341 -26.37769 -26.22317 -26.17864 -26.49342
 -26.65028 -26.58455 -26.43003 -26.38551 -26.70028
 -26.85718 -26.79146 -26.63694 -26.59240 -26.90718
 -27.06407 -26.99835 -26.84383 -26.79929 -27.11407
 -27.27097 -27.20524 -27.05073 -27.00619 -27.32097
 -27.47787 -27.41215 -27.25763 -27.21310 -27.52787
---------------------/ IGRD= 3  / IPRT= 0  /--------/ Z1= 1   / DATE= 16/11/93  
 -27.54733 -27.34869 -27.12057 -27.16742 -27.83618
 -26.86017 -26.69736 -26.52302 -26.61100 -27.27755
 -26.33114 -26.25188 -26.14293 -26.25386 -26.88132
 -25.91842 -25.88870 -25.83726 -25.97933 -26.57473
 -25.60378 -25.59492 -25.58357 -25.75142 -26.31922
 -25.37199 -25.37100 -25.37410 -25.54415 -26.08061
 -25.20568 -25.20813 -25.20140 -25.34746 -25.84755
 -25.08471 -25.08599 -25.05847 -25.17122 -25.63698
 -24.99277 -24.98879 -24.93992 -25.02262 -25.46079
 -24.92142 -24.91120 -24.84338 -24.90088 -25.31693
 -24.86605 -24.85124 -24.76829 -24.80524 -25.20290
 -24.83077 -24.81285 -24.71846 -24.73938 -25.12188
 -24.82221 -24.80178 -24.69919 -24.70835 -25.07880
 -24.83110 -24.80818 -24.69985 -24.70076 -25.06155
 -24.81115 -24.78581 -24.67274 -24.66656 -25.01810
 -24.75281 -24.72546 -24.60782 -24.59446 -24.93634
 -24.78038 -24.75193 -24.63140 -24.61340 -24.94905
 -24.97082 -24.94227 -24.82149 -24.80308 -25.13815
 -25.19343 -25.16497 -25.04444 -25.02642 -25.36204
 -25.39444 -25.36596 -25.24533 -25.22716 -25.56257
 -25.60147 -25.57299 -25.45237 -25.43419 -25.76962
 -25.80929 -25.78081 -25.66021 -25.64205 -25.97752
 -26.01577 -25.98728 -25.86667 -25.84850 -26.18395
 -26.22270 -26.19422 -26.07360 -26.05545 -26.39090
 -26.42965 -26.40117 -26.28055 -26.26241 -26.59785
 -26.63653 -26.60804 -26.48742 -26.46927 -26.80471
 -26.84342 -26.81494 -26.69432 -26.67617 -27.01161
 -27.05031 -27.02184 -26.90122 -26.88307 -27.21851
 -27.25721 -27.22873 -27.10812 -27.08996 -27.42541
 -27.46412 -27.43563 -27.31502 -27.29685 -27.63231
---------------------/ IGRD= 4  / IPRT= 0  /--------/ Z1= 1   / DATE= 16/11/93  
 -26.75682 -26.87075 -26.68276 -26.59227 -27.09282
 -26.48661 -26.50223 -26.28745 -26.21555 -26.73759
 -26.28607 -26.24397 -26.02271 -25.97264 -26.50909
 -26.11188 -26.03343 -25.82116 -25.80110 -26.35335
 -25.95877 -25.85907 -25.66540 -25.67960 -26.24833
 -25.82614 -25.71556 -25.54413 -25.59190 -26.17598
 -25.71432 -25.59952 -25.45015 -25.52808 -26.12595
 -25.62497 -25.51002 -25.38132 -25.48608 -26.09747
 -25.55735 -25.44446 -25.33449 -25.46333 -26.08910
 -25.50597 -25.39645 -25.30375 -25.45505 -26.09684
 -25.46703 -25.36154 -25.28504 -25.45798 -26.11773
 -25.44473 -25.34348 -25.28173 -25.47502 -26.15391
 -25.44559 -25.34840 -25.29942 -25.51100 -26.20903
 -25.46080 -25.36685 -25.32745 -25.55400 -26.27066
 -25.44577 -25.35304 -25.31722 -25.55309 -26.28865
 -25.39212 -25.29808 -25.25882 -25.49714 -26.25088
 -25.42263 -25.32691 -25.28313 -25.52065 -26.28549
 -25.61334 -25.51743 -25.47319 -25.71056 -26.47640
 -25.83569 -25.73995 -25.69615 -25.93364 -26.69852
 -26.03680 -25.94099 -25.89704 -26.13448 -26.89971
 -26.24383 -26.14803 -26.10407 -26.34151 -27.10674
 -26.45163 -26.35585 -26.31190 -26.54936 -27.31454
 -26.65811 -26.56232 -26.51837 -26.75582 -27.52102
 -26.86505 -26.76926 -26.72531 -26.96276 -27.72795
 -27.07201 -26.97621 -26.93226 -27.16971 -27.93490
 -27.27887 -27.18307 -27.13913 -27.37658 -28.14177
 -27.48577 -27.38997 -27.34603 -27.58348 -28.34867
 -27.69267 -27.59687 -27.55292 -27.79038 -28.55557
 -27.89956 -27.80377 -27.75982 -27.99726 -28.76246
 -28.10646 -28.01066 -27.96672 -28.20417 -28.96937
---------------------/ IGRD= 1  / IPRT= 0  /--------/ Z1= 2   / DATE= 16/11/93  
 -28.40419 -28.39975 -28.40041 -28.41694 -28.49135
 -27.61327 -27.61951 -27.62608 -27.62718 -27.65322
 -27.12523 -27.14201 -27.15445 -27.14051 -27.11925
 -26.53448 -26.56042 -26.57802 -26.55106 -26.48877
 -25.98249 -26.01532 -26.03691 -26.00051 -25.90799
 -25.60753 -25.64454 -25.66868 -25.62707 -25.51723
 -25.36534 -25.40442 -25.42984 -25.38566 -25.26720
 -25.18305 -25.22293 -25.24861 -25.20271 -25.07955
 -25.03982 -25.07988 -25.10543 -25.05848 -24.93290
 -24.93290 -24.97317 -24.99888 -24.95182 -24.82570
 -24.85815 -24.89898 -24.92552 -24.87935 -24.75403
 -24.80906 -24.85022 -24.87741 -24.83227 -24.70837
 -24.77839 -24.81906 -24.84584 -24.80094 -24.67836
 -24.75897 -24.79877 -24.82458 -24.77927 -24.65739
 -24.74423 -24.78370 -24.80899 -24.76319 -24.64092
 -24.73499 -24.77477 -24.80025 -24.75400 -24.63033
 -24.74065 -24.78108 -24.80709 -24.76042 -24.63481
 -24.76358 -24.80473 -24.83130 -24.78413 -24.65632
 -24.75965 -24.80158 -24.82861 -24.78041 -24.64926
 -24.71947 -24.76222 -24.78956 -24.73971 -24.60390
 -24.70328 -24.74671 -24.77420 -24.72260 -24.58221
 -24.84097 -24.88460 -24.91212 -24.85995 -24.71811
 -25.06878 -25.11235 -25.13986 -25.08787 -24.94646
 -25.27318 -25.31677 -25.34428 -25.29227 -25.15080
 -25.47749 -25.52108 -25.54859 -25.49656 -25.35505
 -25.68596 -25.72954 -25.75705 -25.70503 -25.56354
 -25.89256 -25.93615 -25.96365 -25.91164 -25.77014
 -26.09933 -26.14292 -26.17042 -26.11841 -25.97691
 -26.30633 -26.34991 -26.37743 -26.32541 -26.18391
 -26.51320 -26.55679 -26.58430 -26.53227 -26.39079
---------------------/ IGRD= 2  / IPRT= 0  /--------/ Z1= 2   / DATE= 16/11/93  
 -26.90038 -27.08055 -26.98620 -26.83557 -26.84533
 -26.54757 -26.70440 -26.64398 -26.52724 -26.52420
 -26.24429 -26.40730 -26.40886 -26.34348 -26.32776
 -26.02772 -26.17380 -26.18665 -26.12210 -26.06634
 -25.84355 -25.96246 -25.96693 -25.88856 -25.79463
 -25.64933 -25.74588 -25.75312 -25.67938 -25.57296
 -25.46266 -25.54165 -25.55829 -25.50034 -25.39881
 -25.30934 -25.37283 -25.39533 -25.35077 -25.25816
 -25.19268 -25.24293 -25.26722 -25.23140 -25.14738
 -25.10819 -25.14870 -25.17340 -25.14348 -25.06644
 -25.05135 -25.08617 -25.11188 -25.08622 -25.01366
 -25.01675 -25.04866 -25.07548 -25.05262 -24.98244
 -24.99866 -25.02885 -25.05603 -25.03438 -24.96516
 -24.99090 -25.02032 -25.04733 -25.02565 -24.95606
 -24.98777 -25.01757 -25.04459 -25.02213 -24.95068
 -24.99042 -25.02156 -25.04884 -25.02509 -24.95051
 -25.00809 -25.04102 -25.06852 -25.04306 -24.96464
 -25.04330 -25.07811 -25.10555 -25.07797 -24.99536
 -25.05442 -25.09176 -25.11896 -25.08833 -25.00013
 -25.03199 -25.07268 -25.09957 -25.06508 -24.96980
 -25.03156 -25.07548 -25.10216 -25.06413 -24.96227
 -25.17410 -25.21905 -25.24567 -25.20653 -25.10262
 -25.40045 -25.44509 -25.47173 -25.43292 -25.32963
 -25.60504 -25.64971 -25.67635 -25.63750 -25.53414
 -25.80952 -25.85424 -25.88087 -25.84198 -25.73855
 -26.01787 -26.06256 -26.08920 -26.05033 -25.94695
 -26.22450 -26.26918 -26.29583 -26.25696 -26.15356
 -26.43128 -26.47597 -26.50261 -26.46374 -26.36034
 -26.63827 -26.68296 -26.70960 -26.67073 -26.56733
 -26.84515 -26.88984 -26.91648 -26.87761 -26.77420
---------------------/ IGRD= 1  / IPRT= 0  /--------/ Z1= 3   / DATE= 16/11/93  
 -30.58834 -30.58043 -30.54244 -30.52191 -30.60568
 -28.60602 -28.59813 -28.56004 -28.53703 -28.61229
 -26.99166 -26.98387 -26.94605 -26.92108 -26.98815
 -26.25039 -26.24286 -26.20630 -26.18101 -26.24170
 -25.95004 -25.94313 -25.90957 -25.88589 -25.94002
 -25.68224 -25.67641 -25.64806 -25.62807 -25.67366
 -25.37577 -25.37113 -25.34861 -25.33265 -25.36869
 -25.14219 -25.13833 -25.11948 -25.10545 -25.13326
 -25.00795 -25.00435 -24.98662 -24.97227 -24.99423
 -24.92219 -24.91861 -24.90114 -24.88612 -24.90455
 -24.85381 -24.85024 -24.83313 -24.81810 -24.83482
 -24.80324 -24.79974 -24.78297 -24.76808 -24.78394
 -24.77291 -24.76967 -24.75299 -24.73781 -24.75266
 -24.76199 -24.75915 -24.74246 -24.72666 -24.74015
 -24.76609 -24.76364 -24.74732 -24.73144 -24.74375
 -24.78006 -24.77789 -24.76251 -24.74745 -24.75903
 -24.79816 -24.79612 -24.78192 -24.76812 -24.77901
 -24.81737 -24.81526 -24.80225 -24.78974 -24.79971
 -24.84207 -24.83989 -24.82817 -24.81703 -24.82588
 -24.88243 -24.88033 -24.87010 -24.86050 -24.86824
 -24.92938 -24.92763 -24.91926 -24.91146 -24.91796
 -24.92661 -24.92543 -24.91957 -24.91401 -24.91835
 -24.91881 -24.91821 -24.91483 -24.91137 -24.91317
 -24.99206 -24.99181 -24.98989 -24.98764 -24.98776
 -25.17412 -25.17393 -25.17228 -25.17024 -25.17005
 -25.39565 -25.39544 -25.39362 -25.39145 -25.39145
 -25.59984 -25.59962 -25.59784 -25.59569 -25.59566
 -25.80558 -25.80536 -25.80360 -25.80146 -25.80141
 -26.01344 -26.01323 -26.01145 -26.00931 -26.00928
 -26.22010 -26.21989 -26.21811 -26.21597 -26.21593
---------------------/ IGRD= 2  / IPRT= 0  /--------/ Z1= 3   / DATE= 16/11/93  
 -27.37462 -28.01793 -28.31802 -28.37001 -28.40084
 -26.88595 -27.22935 -27.35063 -27.34883 -27.38375
 -26.42647 -26.52477 -26.50679 -26.47129 -26.51710
 -26.12986 -26.11530 -26.04350 -26.00729 -26.06772
 -25.92026 -25.86762 -25.78792 -25.76483 -25.83595
 -25.72584 -25.65469 -25.57517 -25.56124 -25.63243
 -25.53961 -25.45292 -25.37105 -25.35933 -25.42319
 -25.38934 -25.29473 -25.21225 -25.20107 -25.25850
 -25.28150 -25.18628 -25.10578 -25.09558 -25.15036
 -25.20323 -25.10972 -25.03146 -25.02205 -25.07602
 -25.14551 -25.05309 -24.97612 -24.96698 -25.02061
 -25.10564 -25.01385 -24.93759 -24.92856 -24.98215
 -25.08134 -24.99005 -24.91445 -24.90571 -24.95944
 -25.07071 -24.97979 -24.90490 -24.89679 -24.95074
 -25.07221 -24.98109 -24.90671 -24.89945 -24.95359
 -25.08287 -24.99099 -24.91687 -24.91048 -24.96459
 -25.09771 -25.00515 -24.93134 -24.92576 -24.97925
 -25.11409 -25.02141 -24.94817 -24.94325 -24.99533
 -25.13601 -25.04357 -24.97112 -24.96681 -25.01707
 -25.17319 -25.08097 -25.00937 -25.00580 -25.05432
 -25.21626 -25.12410 -25.05344 -25.05087 -25.09782
 -25.20886 -25.11691 -25.04766 -25.04649 -25.09121
 -25.19691 -25.10535 -25.03761 -25.03784 -25.08010
 -25.26786 -25.17661 -25.10984 -25.11091 -25.15157
 -25.44953 -25.35834 -25.29175 -25.29297 -25.33332
 -25.67130 -25.58007 -25.51338 -25.51451 -25.55504
 -25.87544 -25.78422 -25.71755 -25.71869 -25.75919
 -26.08116 -25.98994 -25.92328 -25.92443 -25.96491
 -26.28904 -26.19782 -26.13115 -26.13230 -26.17279
 -26.49570 -26.40446 -26.33781 -26.33896 -26.37944
---------------------/ IGRD= 1  / IPRT= 0  /--------/ Z1= 4   / DATE= 16/11/93  
 -26.81284 -26.79168 -26.82262 -26.94895 -27.20223
 -26.87859 -26.85744 -26.88835 -27.01457 -27.26772
 -26.56927 -26.54997 -26.57824 -26.69431 -26.93343
 -25.89289 -25.87680 -25.90041 -25.99852 -26.21109
 -25.42987 -25.41498 -25.43660 -25.52680 -25.72259
 -25.25310 -25.23800 -25.25954 -25.34891 -25.53425
 -25.20099 -25.18672 -25.20681 -25.28985 -25.45572
 -25.14386 -25.13329 -25.14812 -25.20980 -25.33602
 -25.07498 -25.07033 -25.07700 -25.10614 -25.17963
 -25.02808 -25.03000 -25.02768 -25.02138 -25.04213
 -25.00503 -25.01303 -25.00250 -24.96401 -24.93964
 -24.99131 -25.00389 -24.98725 -24.92475 -24.86748
 -24.98143 -24.99692 -24.97648 -24.89897 -24.82115
 -24.97750 -24.99466 -24.97202 -24.88581 -24.79604
 -24.98164 -24.99970 -24.97572 -24.88445 -24.78763
 -24.99429 -25.01291 -24.98818 -24.89395 -24.79279
 -25.01441 -25.03351 -25.00857 -24.91284 -24.80899
 -25.03958 -25.05916 -25.03441 -24.93818 -24.83268
 -25.06527 -25.08506 -25.06064 -24.96476 -24.85864
 -25.09095 -25.11058 -25.08650 -24.99166 -24.88588
 -25.12285 -25.14207 -25.11832 -25.02496 -24.92010
 -25.17180 -25.19056 -25.16713 -25.07537 -24.97161
 -25.21164 -25.22988 -25.20696 -25.11728 -25.01508
 -25.21516 -25.23277 -25.21068 -25.12403 -25.02421
 -25.20804 -25.22501 -25.20390 -25.12078 -25.02376
 -25.29907 -25.31569 -25.29515 -25.21400 -25.11857
 -25.51405 -25.53068 -25.51011 -25.42882 -25.33328
 -25.72644 -25.74309 -25.72248 -25.64111 -25.54549
 -25.92871 -25.94535 -25.92477 -25.84347 -25.74791
 -26.13680 -26.15344 -26.13285 -26.05153 -25.95595
---------------------/ IGRD= 1  / IPRT= 0  /--------/ Z1= 5   / DATE= 16/11/93  
 -40.00000 -40.00000 -40.00000 -40.00000 -40.00000
 -40.00000 -40.00000 -40.00000 -40.00000 -40.00000
 -40.00000 -40.00000 -40.00000 -40.00000 -40.00000
 -40.00000 -40.00000 -40.00000 -40.00000 -40.00000
 -40.00000 -40.00000 -40.00000 -40.00000 -40.00000
 -40.00000 -40.00000 -40.00000 -40.00000 -40.00000
 -40.00000 -40.00000 -40.00000 -40.00000 -40.00000
 -39.08121 -39.06450 -39.06296 -39.10438 -39.18718
 -36.03598 -36.01876 -36.01517 -36.05173 -36.12692
 -33.14191 -33.12419 -33.11992 -33.15577 -33.23027
 -30.85696 -30.83916 -30.83492 -30.87107 -30.94608
 -29.36628 -29.34884 -29.34478 -29.38041 -29.45419
 -28.37671 -28.35949 -28.35531 -28.39009 -28.46243
 -27.62972 -27.61223 -27.60748 -27.64162 -27.71364
 -27.06181 -27.04390 -27.03855 -27.07237 -27.14473
 -26.64666 -26.62867 -26.62326 -26.65710 -26.72968
 -26.35353 -26.33586 -26.33092 -26.36501 -26.43740
 -26.14786 -26.13048 -26.12589 -26.16010 -26.23224
 -26.00024 -25.98282 -25.97805 -26.01209 -26.08415
 -25.89051 -25.87296 -25.86785 -25.90165 -25.97366
 -25.80770 -25.79027 -25.78531 -25.81912 -25.89084
 -25.74919 -25.73198 -25.72742 -25.76141 -25.83274
 -25.72316 -25.70590 -25.70145 -25.73555 -25.80675
 -25.71782 -25.70009 -25.69522 -25.72921 -25.80068
 -25.67999 -25.66175 -25.65635 -25.69020 -25.76196
 -25.61613 -25.59768 -25.59205 -25.62582 -25.69762
 -25.61140 -25.59303 -25.58749 -25.62127 -25.69292
 -25.78076 -25.76241 -25.75690 -25.79070 -25.86230
 -26.00880 -25.99044 -25.98491 -26.01871 -26.09033
 -26.21015 -26.19180 -26.18627 -26.22007 -26.29169
---------------------/ IGRD= 2  / IPRT= 0  /--------/ Z1= 5   / DATE= 16/11/93  
 -24.76446 -24.92365 -24.88502 -24.87698 -25.03748
 -24.83311 -24.99227 -24.95362 -24.94558 -25.10607
 -24.90311 -25.06239 -25.02379 -25.01577 -25.17631
 -24.91197 -25.06495 -25.02446 -25.01528 -25.17261
 -24.69984 -24.82433 -24.77559 -24.76111 -24.90295
 -24.49020 -24.58966 -24.53463 -24.51503 -24.64005
 -24.40100 -24.49176 -24.43615 -24.41377 -24.52672
 -24.38400 -24.47542 -24.42210 -24.39795 -24.50177
 -24.37916 -24.47237 -24.42083 -24.39434 -24.48963
 -24.36476 -24.45796 -24.40669 -24.37695 -24.46364
 -24.35537 -24.44890 -24.39760 -24.36445 -24.44343
 -24.35815 -24.45340 -24.40239 -24.36620 -24.43895
 -24.36748 -24.46493 -24.41421 -24.37539 -24.44351
 -24.37859 -24.47804 -24.42735 -24.38629 -24.45135
 -24.39180 -24.49319 -24.44235 -24.39946 -24.46280
 -24.40840 -24.51190 -24.46094 -24.41662 -24.47934
 -24.42964 -24.53566 -24.48460 -24.43912 -24.50202
 -24.45654 -24.56549 -24.51422 -24.46752 -24.53104
 -24.48843 -24.60073 -24.54905 -24.50089 -24.56505
 -24.52132 -24.63746 -24.58542 -24.53558 -24.59997
 -24.55146 -24.67195 -24.61992 -24.56831 -24.63221
 -24.58228 -24.70746 -24.65576 -24.60233 -24.66512
 -24.62564 -24.75537 -24.70410 -24.64889 -24.71024
 -24.67587 -24.81006 -24.75928 -24.70231 -24.76203
 -24.69163 -24.83135 -24.78143 -24.72260 -24.78025
 -24.68029 -24.82632 -24.77765 -24.71701 -24.77234
 -24.71414 -24.86518 -24.81761 -24.75572 -24.80924
 -24.89022 -25.04215 -24.99477 -24.93267 -24.98587
 -25.11448 -25.26590 -25.21841 -25.15643 -25.20981
 -25.31682 -25.46838 -25.42092 -25.35890 -25.41224
---------------------/ IGRD= 1  / IPRT= 0  /--------/ Z1= 6   / DATE= 16/11/93  
 -40.00000 -40.00000 -40.00000 -40.00000 -40.00000
 -40.00000 -40.00000 -40.00000 -40.00000 -40.00000
 -40.00000 -40.00000 -40.00000 -40.00000 -40.00000
 -40.00000 -40.00000 -40.00000 -40.00000 -40.00000
 -40.00000 -40.00000 -40.00000 -40.00000 -40.00000
 -40.00000 -40.00000 -40.00000 -40.00000 -40.00000
 -40.00000 -40.00000 -40.00000 -40.00000 -40.00000
 -40.00000 -40.00000 -39.99473 -40.00000 -40.00000
 -36.74859 -36.73328 -36.71770 -36.73133 -36.80042
 -34.69949 -34.68472 -34.66928 -34.68106 -34.74472
 -32.27314 -32.25845 -32.24255 -32.25212 -32.31077
 -30.14562 -30.13073 -30.11410 -30.12171 -30.17658
 -28.81664 -28.80154 -28.78431 -28.79065 -28.84329
 -28.00420 -27.98918 -27.97189 -27.97763 -28.02890
 -27.38454 -27.37016 -27.35356 -27.35933 -27.40941
 -26.89325 -26.87983 -26.86438 -26.87062 -26.91965
 -26.53080 -26.51825 -26.50402 -26.51091 -26.55926
 -26.28893 -26.27695 -26.26363 -26.27115 -26.31927
 -26.12944 -26.11765 -26.10484 -26.11277 -26.16084
 -26.01960 -26.00772 -25.99503 -26.00312 -26.05119
 -25.94058 -25.92855 -25.91582 -25.92394 -25.97211
 -25.88597 -25.87395 -25.86128 -25.86960 -25.91821
 -25.85382 -25.84198 -25.82950 -25.83821 -25.88751
 -25.84690 -25.83519 -25.82292 -25.83206 -25.88213
 -25.86655 -25.85478 -25.84261 -25.85211 -25.90287
 -25.85983 -25.84789 -25.83548 -25.84496 -25.89617
 -25.82152 -25.80944 -25.79642 -25.80542 -25.85680
 -25.84603 -25.83388 -25.82028 -25.82874 -25.88011
 -25.98642 -25.97426 -25.96042 -25.96863 -26.01998
 -26.20735 -26.19519 -26.18141 -26.18967 -26.24103
