   18    5   30    1   18           /Ar  standard Behringer data set (R.Dux)   
================================================================================
  11.00000  12.00000  13.00000  14.00000  15.00000
   0.00000   0.16203   0.32407   0.48610   0.64813   0.81017   0.97220   1.13423
   1.29627   1.45830   1.62033   1.78237   1.94440   2.10643   2.26847   2.43050
   2.59254   2.75457   2.91660   3.07864   3.24067   3.40270   3.56474   3.72677
   3.88880   4.05084   4.21287   4.37490   4.53694   4.69897
 == 1 ================== Behringer data =========================================
 -30.61731 -30.68171 -30.79100 -31.02846 -31.02866
 -30.69691 -30.76979 -30.87946 -31.09855 -31.10776
 -30.44341 -30.59057 -30.75378 -30.97170 -31.05984
 -29.88449 -30.06800 -30.26430 -30.47399 -30.64682
 -29.39541 -29.57010 -29.75351 -29.93937 -30.11365
 -29.06206 -29.22541 -29.39461 -29.56416 -29.72801
 -28.87721 -29.03300 -29.19349 -29.35410 -29.51114
 -28.81110 -28.96231 -29.11767 -29.27324 -29.42622
 -28.83312 -28.98136 -29.13344 -29.28581 -29.43603
 -28.91804 -29.06401 -29.21368 -29.36357 -29.51136
 -29.04668 -29.19059 -29.33793 -29.48505 -29.63011
 -29.20468 -29.34615 -29.49047 -29.63411 -29.77472
 -29.38074 -29.51864 -29.65842 -29.79626 -29.92941
 -29.56484 -29.69685 -29.82899 -29.95700 -30.07773
 -29.74615 -29.86826 -29.98768 -30.09990 -30.20173
 -29.91124 -30.01759 -30.11778 -30.20773 -30.28517
 -30.04404 -30.12845 -30.20405 -30.26822 -30.32037
 -30.13010 -30.18957 -30.24000 -30.28054 -30.31187
 -30.16426 -30.20134 -30.23135 -30.25449 -30.27176
 -30.15360 -30.17451 -30.19092 -30.20324 -30.21225
 -30.11167 -30.12269 -30.13119 -30.13749 -30.14204
 -30.05103 -30.05661 -30.06088 -30.06402 -30.06628
 -29.98023 -29.98300 -29.98511 -29.98666 -29.98777
 -29.90422 -29.90558 -29.90661 -29.90737 -29.90792
 -29.82562 -29.82628 -29.82678 -29.82715 -29.82742
 -29.74575 -29.74607 -29.74632 -29.74650 -29.74663
 -29.66527 -29.66542 -29.66554 -29.66563 -29.66570
 -29.58450 -29.58457 -29.58463 -29.58467 -29.58471
 -29.50359 -29.50363 -29.50365 -29.50368 -29.50369
 -29.42262 -29.42264 -29.42265 -29.42266 -29.42267
 == 2 ================== Behringer data =========================================
 -29.51905 -29.58621 -29.63931 -29.84927 -29.84961
 -29.56265 -29.64801 -29.70726 -29.79109 -29.92303
 -29.27203 -29.34828 -29.46416 -29.59868 -29.76926
 -28.75725 -28.84470 -28.97346 -29.13947 -29.34073
 -28.37121 -28.46197 -28.59122 -28.75947 -28.96136
 -28.12622 -28.22106 -28.34903 -28.51213 -28.70464
 -27.99206 -28.09163 -28.21859 -28.37566 -28.55761
 -27.94935 -28.05282 -28.17891 -28.33110 -28.50447
 -27.98072 -28.08683 -28.21233 -28.36057 -28.52757
 -28.06917 -28.17688 -28.30153 -28.44659 -28.60870
 -28.19962 -28.30802 -28.43152 -28.57364 -28.73151
 -28.35977 -28.46801 -28.58984 -28.72858 -28.88211
 -28.53966 -28.64681 -28.76606 -28.90058 -29.04824
 -28.73077 -28.83545 -28.95055 -29.07873 -29.21730
 -28.92452 -29.02458 -29.13267 -29.25084 -29.37566
 -29.11055 -29.20244 -29.29924 -29.40194 -29.50655
 -29.27509 -29.35399 -29.43413 -29.51561 -29.59461
 -29.40192 -29.46318 -29.52258 -29.58000 -29.63278
 -29.47809 -29.52007 -29.55890 -29.59466 -29.62609
 -29.50166 -29.52713 -29.54977 -29.56987 -29.58704
 -29.48254 -29.49659 -29.50874 -29.51929 -29.52815
 -29.43509 -29.44237 -29.44857 -29.45388 -29.45831
 -29.37128 -29.37493 -29.37799 -29.38061 -29.38279
 -29.29880 -29.30059 -29.30209 -29.30336 -29.30442
 -29.22193 -29.22280 -29.22353 -29.22414 -29.22466
 -29.14291 -29.14333 -29.14368 -29.14397 -29.14422
 -29.06283 -29.06304 -29.06321 -29.06335 -29.06347
 -28.98226 -28.98236 -28.98244 -28.98251 -28.98256
 -28.90144 -28.90149 -28.90153 -28.90156 -28.90159
 -28.82052 -28.82054 -28.82056 -28.82057 -28.82059
 == 3 ================== Behringer data =========================================
 -28.86668 -28.90478 -29.00505 -29.06267 -29.14659
 -28.92676 -28.97466 -29.02998 -29.12552 -29.21117
 -28.67822 -28.71726 -28.77384 -28.86781 -28.98228
 -28.15134 -28.18715 -28.24496 -28.33789 -28.46901
 -27.74841 -27.78761 -27.84709 -27.93901 -28.07092
 -27.50365 -27.54988 -27.61353 -27.70577 -27.83566
 -27.37998 -27.43519 -27.50413 -27.59741 -27.72547
 -27.34979 -27.41314 -27.48713 -27.58221 -27.70827
 -27.39207 -27.46176 -27.53991 -27.63626 -27.76052
 -27.48918 -27.56337 -27.64450 -27.74154 -27.86401
 -27.62649 -27.70375 -27.78676 -27.88388 -28.00416
 -27.79239 -27.87156 -27.95554 -28.05210 -28.17006
 -27.97776 -28.05786 -28.14190 -28.23719 -28.35209
 -28.17514 -28.25513 -28.33823 -28.43104 -28.54161
 -28.37751 -28.45603 -28.53667 -28.62529 -28.72909
 -28.57681 -28.65173 -28.72750 -28.80903 -28.90228
 -28.76213 -28.83020 -28.89752 -28.96790 -29.04573
 -28.91875 -28.97585 -29.03059 -29.08572 -29.14411
 -29.03077 -29.07357 -29.11308 -29.15123 -29.18984
 -29.08862 -29.11681 -29.14189 -29.16517 -29.18784
 -29.09551 -29.11203 -29.12631 -29.13918 -29.15137
 -29.06446 -29.07335 -29.08089 -29.08755 -29.09375
 -29.00978 -29.01432 -29.01813 -29.02145 -29.02451
 -28.94203 -28.94428 -28.94616 -28.94779 -28.94927
 -28.86752 -28.86863 -28.86954 -28.87033 -28.87104
 -28.78965 -28.79018 -28.79063 -28.79101 -28.79135
 -28.71013 -28.71039 -28.71061 -28.71079 -28.71095
 -28.62983 -28.62995 -28.63005 -28.63014 -28.63022
 -28.54914 -28.54920 -28.54925 -28.54929 -28.54933
 -28.46828 -28.46831 -28.46833 -28.46835 -28.46837
 == 4 ================== Behringer data =========================================
 -28.37137 -28.41288 -28.48182 -28.56052 -28.70549
 -28.47445 -28.51296 -28.57781 -28.65301 -28.71071
 -28.50561 -28.54566 -28.60113 -28.66863 -28.72814
 -28.16756 -28.19232 -28.22246 -28.28192 -28.35269
 -27.66206 -27.68410 -27.71569 -27.76365 -27.84032
 -27.31532 -27.34176 -27.37551 -27.42427 -27.49934
 -27.13440 -27.16528 -27.20187 -27.25176 -27.32587
 -27.07757 -27.11241 -27.15159 -27.20247 -27.27570
 -27.10959 -27.14750 -27.18871 -27.24036 -27.31261
 -27.20421 -27.24449 -27.28722 -27.33919 -27.41005
 -27.34250 -27.38451 -27.42827 -27.48011 -27.54975
 -27.51087 -27.55403 -27.59841 -27.64993 -27.71798
 -27.69931 -27.74317 -27.78769 -27.83858 -27.90472
 -27.90003 -27.94405 -27.98827 -28.03801 -28.10169
 -28.10592 -28.14937 -28.19259 -28.24043 -28.30068
 -28.30894 -28.35071 -28.39178 -28.43636 -28.49160
 -28.49823 -28.53657 -28.57365 -28.61314 -28.66075
 -28.65897 -28.69153 -28.72243 -28.75448 -28.79201
 -28.77484 -28.79957 -28.82250 -28.84560 -28.87179
 -28.83567 -28.85215 -28.86706 -28.88168 -28.89774
 -28.84439 -28.85410 -28.86273 -28.87099 -28.87987
 -28.81421 -28.81946 -28.82405 -28.82837 -28.83293
 -28.75987 -28.76255 -28.76488 -28.76704 -28.76928
 -28.69221 -28.69354 -28.69469 -28.69574 -28.69682
 -28.61771 -28.61836 -28.61892 -28.61942 -28.61994
 -28.53982 -28.54013 -28.54041 -28.54065 -28.54089
 -28.46029 -28.46044 -28.46057 -28.46069 -28.46080
 -28.37997 -28.38004 -28.38010 -28.38016 -28.38021
 -28.29927 -28.29931 -28.29934 -28.29937 -28.29939
 -28.21841 -28.21842 -28.21844 -28.21845 -28.21846
 == 5 ================== Behringer data =========================================
 -28.01944 -28.06220 -28.13733 -28.20143 -28.30689
 -28.11500 -28.15421 -28.20214 -28.28514 -28.38658
 -28.07655 -28.10437 -28.13968 -28.20098 -28.24388
 -27.65064 -27.66480 -27.68374 -27.71158 -27.75918
 -27.20719 -27.21708 -27.23289 -27.25764 -27.30021
 -26.93504 -26.94632 -26.96183 -26.98653 -27.02743
 -26.81194 -26.82540 -26.84229 -26.86726 -26.90732
 -26.79720 -26.81296 -26.83146 -26.85698 -26.89646
 -26.85921 -26.87712 -26.89702 -26.92294 -26.96201
 -26.97515 -26.99481 -27.01581 -27.04218 -27.08041
 -27.12866 -27.14965 -27.17154 -27.19810 -27.23562
 -27.30798 -27.32996 -27.35243 -27.37899 -27.41566
 -27.50439 -27.52704 -27.54983 -27.57617 -27.61180
 -27.71096 -27.73390 -27.75669 -27.78250 -27.81693
 -27.92109 -27.94391 -27.96632 -27.99125 -28.02391
 -28.12696 -28.14900 -28.17043 -28.19383 -28.22377
 -28.31764 -28.33792 -28.35736 -28.37829 -28.40445
 -28.47808 -28.49531 -28.51160 -28.52872 -28.54976
 -28.59196 -28.60501 -28.61716 -28.62966 -28.64464
 -28.64980 -28.65845 -28.66638 -28.67438 -28.68373
 -28.65561 -28.66069 -28.66529 -28.66984 -28.67505
 -28.62329 -28.62601 -28.62846 -28.63084 -28.63352
 -28.56761 -28.56900 -28.57024 -28.57143 -28.57275
 -28.49920 -28.49989 -28.50050 -28.50108 -28.50171
 -28.42430 -28.42464 -28.42493 -28.42521 -28.42551
 -28.34621 -28.34637 -28.34651 -28.34665 -28.34679
 -28.26657 -28.26665 -28.26672 -28.26678 -28.26685
 -28.18620 -28.18624 -28.18627 -28.18630 -28.18633
 -28.10548 -28.10550 -28.10551 -28.10553 -28.10555
 -28.02460 -28.02461 -28.02461 -28.02462 -28.02463
 == 6 ================== Behringer data =========================================
 -27.74018 -27.78808 -27.83439 -27.90850 -27.99004
 -27.83891 -27.87245 -27.92732 -27.99848 -28.07786
 -27.91983 -27.95945 -28.01287 -28.05568 -28.15989
 -27.85545 -27.91831 -27.97811 -28.05029 -28.12426
 -27.54197 -27.63882 -27.73837 -27.84059 -27.94300
 -27.24921 -27.36053 -27.47546 -27.59317 -27.71198
 -27.08453 -27.19938 -27.31807 -27.43962 -27.56268
 -27.02672 -27.13902 -27.25440 -27.37142 -27.49062
 -27.03904 -27.14420 -27.25059 -27.35669 -27.46292
 -27.09857 -27.19355 -27.28788 -27.37994 -27.46983
 -27.19529 -27.28023 -27.36280 -27.44227 -27.51906
 -27.32390 -27.40042 -27.47371 -27.54337 -27.61041
 -27.47853 -27.54848 -27.61483 -27.67709 -27.73728
 -27.65215 -27.71694 -27.77780 -27.83466 -27.88937
 -27.83667 -27.89684 -27.95297 -28.00500 -28.05477
 -28.02242 -28.07758 -28.12855 -28.17534 -28.21937
 -28.19687 -28.24548 -28.28982 -28.32992 -28.36724
 -28.34405 -28.38391 -28.41960 -28.45127 -28.48015
 -28.44760 -28.47693 -28.50264 -28.52494 -28.54482
 -28.49839 -28.51744 -28.53378 -28.54766 -28.55982
 -28.50019 -28.51124 -28.52058 -28.52839 -28.53509
 -28.46598 -28.47189 -28.47684 -28.48094 -28.48442
 -28.40955 -28.41255 -28.41506 -28.41713 -28.41887
 -28.34088 -28.34237 -28.34361 -28.34463 -28.34548
 -28.26591 -28.26664 -28.26724 -28.26774 -28.26815
 -28.18781 -28.18816 -28.18846 -28.18870 -28.18890
 -28.10818 -28.10835 -28.10849 -28.10861 -28.10871
 -28.02782 -28.02790 -28.02797 -28.02803 -28.02807
 -27.94711 -27.94715 -27.94718 -27.94721 -27.94723
 -27.86623 -27.86625 -27.86626 -27.86628 -27.86629
 == 7 ================== Behringer data =========================================
 -27.43879 -27.47962 -27.53239 -27.59607 -27.66171
 -27.52878 -27.57266 -27.62277 -27.68414 -27.74817
 -27.59824 -27.63585 -27.68175 -27.73509 -27.82156
 -27.51145 -27.57726 -27.64421 -27.71474 -27.80891
 -27.27877 -27.37006 -27.46682 -27.56320 -27.65805
 -27.08657 -27.19159 -27.29908 -27.41161 -27.52205
 -26.99879 -27.10792 -27.22044 -27.33724 -27.45351
 -26.99620 -27.10432 -27.21615 -27.32931 -27.44496
 -27.04729 -27.14951 -27.25327 -27.35768 -27.46179
 -27.12973 -27.22174 -27.31344 -27.40322 -27.49065
 -27.23641 -27.31732 -27.39605 -27.47134 -27.54212
 -27.36675 -27.43776 -27.50555 -27.56910 -27.62893
 -27.51866 -27.58194 -27.64149 -27.69665 -27.74827
 -27.68696 -27.74403 -27.79718 -27.84596 -27.89139
 -27.86349 -27.91497 -27.96242 -28.00552 -28.04583
 -28.03722 -28.08279 -28.12433 -28.16167 -28.19578
 -28.19359 -28.23188 -28.26639 -28.29694 -28.32447
 -28.31563 -28.34513 -28.37124 -28.39408 -28.41424
 -28.38963 -28.40990 -28.42751 -28.44254 -28.45578
 -28.41266 -28.42501 -28.43557 -28.44450 -28.45212
 -28.39368 -28.40052 -28.40631 -28.41117 -28.41527
 -28.34649 -28.35004 -28.35304 -28.35553 -28.35764
 -28.28289 -28.28467 -28.28616 -28.28741 -28.28845
 -28.21053 -28.21140 -28.21214 -28.21275 -28.21325
 -28.13373 -28.13415 -28.13451 -28.13481 -28.13505
 -28.05474 -28.05494 -28.05512 -28.05526 -28.05538
 -27.97468 -27.97478 -27.97486 -27.97493 -27.97499
 -27.89412 -27.89416 -27.89420 -27.89424 -27.89426
 -27.81330 -27.81333 -27.81335 -27.81336 -27.81338
 -27.73238 -27.73239 -27.73240 -27.73241 -27.73241
 == 8 ================== Behringer data =========================================
 -27.23858 -27.27398 -27.33128 -27.38680 -27.44124
 -27.32898 -27.36700 -27.40779 -27.47475 -27.52777
 -27.42820 -27.46321 -27.50136 -27.54548 -27.61633
 -27.52702 -27.55621 -27.59824 -27.63970 -27.70735
 -27.63043 -27.66003 -27.68896 -27.73724 -27.80119
 -27.74084 -27.76241 -27.79367 -27.83818 -27.89806
 -27.85205 -27.87349 -27.90164 -27.92971 -27.97552
 -27.96834 -27.98361 -28.00591 -28.03759 -28.07947
 -28.08032 -28.09499 -28.11438 -28.14235 -28.17982
 -28.08834 -28.09741 -28.11259 -28.13217 -28.15898
 -27.72696 -27.73011 -27.73466 -27.74177 -27.75258
 -27.29619 -27.29754 -27.30000 -27.30415 -27.31143
 -27.02853 -27.02955 -27.03137 -27.03485 -27.04115
 -26.91161 -26.91248 -26.91413 -26.91720 -26.92308
 -26.90417 -26.90497 -26.90649 -26.90936 -26.91485
 -26.97268 -26.97342 -26.97484 -26.97754 -26.98265
 -27.09247 -27.09317 -27.09449 -27.09700 -27.10181
 -27.24504 -27.24568 -27.24691 -27.24925 -27.25372
 -27.41512 -27.41570 -27.41682 -27.41896 -27.42304
 -27.58779 -27.58830 -27.58929 -27.59117 -27.59476
 -27.74616 -27.74659 -27.74741 -27.74897 -27.75195
 -27.87146 -27.87178 -27.87240 -27.87358 -27.87583
 -27.94833 -27.94854 -27.94895 -27.94974 -27.95123
 -27.97296 -27.97309 -27.97333 -27.97379 -27.97467
 -27.95445 -27.95452 -27.95465 -27.95489 -27.95535
 -27.90715 -27.90719 -27.90725 -27.90737 -27.90760
 -27.84329 -27.84331 -27.84334 -27.84340 -27.84350
 -27.77072 -27.77073 -27.77074 -27.77077 -27.77081
 -27.69378 -27.69378 -27.69379 -27.69380 -27.69382
 -27.61471 -27.61471 -27.61471 -27.61472 -27.61473
 == 9 ================== Behringer data =========================================
 -26.63427 -26.67244 -26.71140 -26.77163 -26.84513
 -26.72386 -26.75670 -26.80083 -26.85879 -26.93055
 -26.81760 -26.85162 -26.89292 -26.93147 -26.99037
 -26.91886 -26.94425 -26.97877 -27.02443 -27.08068
 -27.02081 -27.04661 -27.07825 -27.12074 -27.17395
 -27.12942 -27.14837 -27.18141 -27.22069 -27.27060
 -27.23539 -27.25523 -27.27939 -27.31145 -27.36925
 -27.32154 -27.34346 -27.37273 -27.40561 -27.44498
 -27.36442 -27.39840 -27.43668 -27.47663 -27.52085
 -27.37021 -27.41729 -27.46534 -27.51738 -27.56833
 -27.28339 -27.32726 -27.36954 -27.40924 -27.45219
 -26.98881 -27.00916 -27.02782 -27.04553 -27.06248
 -26.68011 -26.68848 -26.69624 -26.70403 -26.71260
 -26.49692 -26.50117 -26.50534 -26.50994 -26.51593
 -26.43559 -26.43829 -26.44111 -26.44453 -26.44941
 -26.46562 -26.46762 -26.46983 -26.47267 -26.47691
 -26.56004 -26.56167 -26.56354 -26.56604 -26.56993
 -26.69847 -26.69989 -26.70155 -26.70383 -26.70743
 -26.86564 -26.86691 -26.86842 -26.87051 -26.87385
 -27.04916 -27.05032 -27.05171 -27.05363 -27.05671
 -27.23723 -27.23829 -27.23954 -27.24129 -27.24407
 -27.41625 -27.41717 -27.41827 -27.41978 -27.42221
 -27.56940 -27.57015 -27.57105 -27.57228 -27.57422
 -27.67915 -27.67971 -27.68037 -27.68126 -27.68266
 -27.73502 -27.73538 -27.73580 -27.73637 -27.73726
 -27.74006 -27.74026 -27.74051 -27.74083 -27.74133
 -27.70750 -27.70761 -27.70773 -27.70790 -27.70816
 -27.65178 -27.65183 -27.65190 -27.65198 -27.65210
 -27.58339 -27.58341 -27.58344 -27.58348 -27.58354
 -27.50852 -27.50853 -27.50854 -27.50856 -27.50859
 ==10 ================== Behringer data =========================================
 -26.46115 -26.49430 -26.53674 -26.58943 -26.65063
 -26.55003 -26.58491 -26.62513 -26.67589 -26.73561
 -26.64268 -26.67250 -26.71590 -26.76431 -26.82214
 -26.74218 -26.76931 -26.80107 -26.84154 -26.88917
 -26.84233 -26.86504 -26.89853 -26.93618 -26.98119
 -26.94506 -26.96780 -26.99207 -27.03340 -27.07569
 -27.03687 -27.05741 -27.08538 -27.11604 -27.16647
 -27.07414 -27.10747 -27.14413 -27.18183 -27.22248
 -27.05496 -27.10565 -27.15688 -27.21160 -27.26387
 -27.03614 -27.10113 -27.16631 -27.22939 -27.29680
 -27.04284 -27.11231 -27.18143 -27.25006 -27.31922
 -27.01550 -27.07209 -27.12703 -27.17901 -27.22631
 -26.90429 -26.93761 -26.96800 -26.99548 -27.02073
 -26.79179 -26.80982 -26.82602 -26.84051 -26.85414
 -26.74748 -26.75836 -26.76808 -26.77707 -26.78586
 -26.77776 -26.78524 -26.79203 -26.79836 -26.80488
 -26.86714 -26.87287 -26.87812 -26.88316 -26.88853
 -26.99790 -27.00263 -27.00699 -27.01126 -27.01591
 -27.15401 -27.15807 -27.16183 -27.16553 -27.16962
 -27.32022 -27.32373 -27.32702 -27.33027 -27.33387
 -27.48002 -27.48301 -27.48579 -27.48854 -27.49163
 -27.61478 -27.61715 -27.61937 -27.62155 -27.62400
 -27.70697 -27.70867 -27.71026 -27.71182 -27.71354
 -27.74796 -27.74903 -27.75005 -27.75103 -27.75212
 -27.74245 -27.74307 -27.74364 -27.74421 -27.74482
 -27.70357 -27.70390 -27.70420 -27.70449 -27.70481
 -27.64448 -27.64465 -27.64480 -27.64495 -27.64510
 -27.57442 -27.57450 -27.57457 -27.57464 -27.57472
 -27.49874 -27.49878 -27.49882 -27.49885 -27.49889
 -27.42030 -27.42031 -27.42033 -27.42035 -27.42037
 ==11 ================== Behringer data =========================================
 -26.30231 -26.33756 -26.37634 -26.42293 -26.47490
 -26.39062 -26.42135 -26.46392 -26.50883 -26.55954
 -26.48241 -26.51376 -26.54545 -26.59652 -26.64560
 -26.58045 -26.60446 -26.63832 -26.67451 -26.73349
 -26.67889 -26.70293 -26.73397 -26.76768 -26.80643
 -26.77462 -26.79591 -26.82273 -26.86048 -26.89741
 -26.83578 -26.86445 -26.89566 -26.92780 -26.97469
 -26.82905 -26.87212 -26.91621 -26.96423 -27.01912
 -26.79114 -26.85097 -26.91272 -26.97510 -27.03378
 -26.78371 -26.85447 -26.92529 -26.99629 -27.06801
 -26.81942 -26.89310 -26.96782 -27.04181 -27.11548
 -26.83932 -26.90210 -26.96336 -27.02323 -27.07993
 -26.75706 -26.79440 -26.82911 -26.86045 -26.88881
 -26.63434 -26.65332 -26.67040 -26.68569 -26.69950
 -26.56814 -26.57875 -26.58825 -26.59686 -26.60496
 -26.57941 -26.58628 -26.59247 -26.59819 -26.60382
 -26.65525 -26.66029 -26.66489 -26.66923 -26.67368
 -26.77768 -26.78172 -26.78543 -26.78899 -26.79280
 -26.93047 -26.93389 -26.93707 -26.94014 -26.94349
 -27.09898 -27.10195 -27.10472 -27.10742 -27.11037
 -27.26825 -27.27082 -27.27322 -27.27557 -27.27815
 -27.42110 -27.42322 -27.42521 -27.42716 -27.42926
 -27.53892 -27.54054 -27.54205 -27.54353 -27.54513
 -27.60767 -27.60876 -27.60979 -27.61079 -27.61186
 -27.62539 -27.62605 -27.62666 -27.62725 -27.62789
 -27.60217 -27.60253 -27.60286 -27.60319 -27.60353
 -27.55217 -27.55235 -27.55252 -27.55269 -27.55286
 -27.48691 -27.48700 -27.48709 -27.48717 -27.48726
 -27.41366 -27.41371 -27.41375 -27.41379 -27.41383
 -27.33641 -27.33643 -27.33645 -27.33647 -27.33649
 ==12 ================== Behringer data =========================================
 -26.14481 -26.17600 -26.21728 -26.25884 -26.32276
 -26.23266 -26.26499 -26.30420 -26.34430 -26.40677
 -26.32372 -26.35165 -26.38562 -26.43139 -26.47370
 -26.42056 -26.44596 -26.47739 -26.51000 -26.56108
 -26.51797 -26.53942 -26.56594 -26.60218 -26.65054
 -26.61431 -26.63610 -26.66087 -26.69480 -26.74052
 -26.68027 -26.70546 -26.73216 -26.76504 -26.80601
 -26.67281 -26.71285 -26.75603 -26.80072 -26.85040
 -26.62114 -26.68053 -26.74124 -26.80202 -26.86499
 -26.59636 -26.66690 -26.73874 -26.81002 -26.88111
 -26.62325 -26.69840 -26.77587 -26.85257 -26.92859
 -26.67417 -26.74555 -26.81742 -26.88882 -26.95754
 -26.67953 -26.73280 -26.78417 -26.83259 -26.87803
 -26.62888 -26.66103 -26.69081 -26.71765 -26.74133
 -26.59239 -26.61158 -26.62886 -26.64419 -26.65796
 -26.61154 -26.62412 -26.63543 -26.64544 -26.65459
 -26.68723 -26.69642 -26.70467 -26.71207 -26.71879
 -26.80660 -26.81388 -26.82046 -26.82635 -26.83188
 -26.95472 -26.96082 -26.96631 -26.97131 -26.97604
 -27.11666 -27.12187 -27.12660 -27.13087 -27.13493
 -27.27640 -27.28079 -27.28479 -27.28843 -27.29189
 -27.41571 -27.41923 -27.42244 -27.42535 -27.42811
 -27.51644 -27.51902 -27.52137 -27.52350 -27.52552
 -27.56749 -27.56916 -27.57069 -27.57207 -27.57339
 -27.57068 -27.57166 -27.57254 -27.57335 -27.57411
 -27.53778 -27.53830 -27.53878 -27.53921 -27.53961
 -27.48223 -27.48250 -27.48274 -27.48296 -27.48316
 -27.41408 -27.41421 -27.41433 -27.41444 -27.41454
 -27.33940 -27.33946 -27.33952 -27.33957 -27.33962
 -27.26145 -27.26148 -27.26151 -27.26153 -27.26156
 ==13 ================== Behringer data =========================================
 -26.00929 -26.04214 -26.08024 -26.12930 -26.17309
 -26.09676 -26.12568 -26.16663 -26.20269 -26.25691
 -26.18722 -26.21639 -26.24798 -26.28929 -26.34184
 -26.28303 -26.30583 -26.33884 -26.37779 -26.41320
 -26.37942 -26.40192 -26.42674 -26.45969 -26.50207
 -26.47433 -26.49409 -26.52018 -26.55112 -26.59125
 -26.53876 -26.56232 -26.59006 -26.62708 -26.66815
 -26.53164 -26.57210 -26.61378 -26.65630 -26.70228
 -26.48470 -26.54210 -26.59989 -26.65996 -26.71937
 -26.46495 -26.53277 -26.60276 -26.67146 -26.74358
 -26.49738 -26.57046 -26.64498 -26.72033 -26.79382
 -26.57079 -26.64342 -26.71786 -26.79234 -26.86457
 -26.64234 -26.70582 -26.76937 -26.83107 -26.89057
 -26.67201 -26.71811 -26.76266 -26.80405 -26.84132
 -26.68202 -26.71240 -26.74067 -26.76613 -26.78893
 -26.71698 -26.73749 -26.75623 -26.77301 -26.78788
 -26.79387 -26.80878 -26.82236 -26.83434 -26.84499
 -26.90815 -26.91978 -26.93034 -26.93973 -26.94809
 -27.04739 -27.05688 -27.06553 -27.07315 -27.08011
 -27.19626 -27.20412 -27.21126 -27.21762 -27.22331
 -27.33715 -27.34351 -27.34926 -27.35439 -27.35905
 -27.45110 -27.45589 -27.46025 -27.46413 -27.46759
 -27.52242 -27.52569 -27.52866 -27.53130 -27.53368
 -27.54588 -27.54787 -27.54968 -27.55130 -27.55276
 -27.52835 -27.52945 -27.53045 -27.53135 -27.53215
 -27.48249 -27.48306 -27.48358 -27.48405 -27.48447
 -27.41979 -27.42008 -27.42034 -27.42057 -27.42078
 -27.34799 -27.34813 -27.34826 -27.34837 -27.34847
 -27.27151 -27.27158 -27.27164 -27.27169 -27.27174
 -27.19270 -27.19273 -27.19276 -27.19279 -27.19281
 ==14 ================== Behringer data =========================================
 -25.88421 -25.91838 -25.95367 -25.99790 -26.05212
 -25.97135 -26.00158 -26.03297 -26.07227 -26.11988
 -26.06363 -26.08762 -26.12094 -26.15845 -26.20459
 -26.15622 -26.18016 -26.21102 -26.24641 -26.29070
 -26.25146 -26.27186 -26.29820 -26.32837 -26.36592
 -26.34098 -26.35983 -26.38758 -26.41653 -26.45258
 -26.38577 -26.41363 -26.44359 -26.48083 -26.52018
 -26.35383 -26.39899 -26.44675 -26.49317 -26.54824
 -26.29923 -26.36034 -26.42324 -26.48706 -26.54933
 -26.28481 -26.35531 -26.42699 -26.49959 -26.57351
 -26.32640 -26.40040 -26.47679 -26.55386 -26.63177
 -26.41030 -26.48358 -26.55897 -26.63552 -26.70940
 -26.49761 -26.56281 -26.62896 -26.69358 -26.75605
 -26.54619 -26.59509 -26.64264 -26.68772 -26.72927
 -26.56860 -26.60134 -26.63223 -26.66022 -26.68525
 -26.60830 -26.63046 -26.65094 -26.66932 -26.68552
 -26.68617 -26.70222 -26.71692 -26.73001 -26.74149
 -26.80042 -26.81289 -26.82430 -26.83443 -26.84336
 -26.94003 -26.95017 -26.95946 -26.96769 -26.97507
 -27.09059 -27.09901 -27.10668 -27.11355 -27.11960
 -27.23532 -27.24216 -27.24841 -27.25397 -27.25895
 -27.35559 -27.36083 -27.36561 -27.36989 -27.37371
 -27.43502 -27.43865 -27.44197 -27.44493 -27.44756
 -27.46646 -27.46872 -27.47077 -27.47262 -27.47425
 -27.45514 -27.45640 -27.45756 -27.45859 -27.45951
 -27.41330 -27.41396 -27.41456 -27.41510 -27.41559
 -27.35291 -27.35324 -27.35355 -27.35382 -27.35406
 -27.28234 -27.28251 -27.28265 -27.28279 -27.28291
 -27.20650 -27.20658 -27.20665 -27.20671 -27.20677
 -27.12801 -27.12805 -27.12808 -27.12812 -27.12815
 ==15 ================== Behringer data =========================================
 -25.75251 -25.78333 -25.82053 -25.86066 -25.90835
 -25.84184 -25.87065 -25.89996 -25.94493 -25.99163
 -25.93101 -25.95621 -25.98740 -26.02165 -26.06257
 -26.02252 -26.04433 -26.07144 -26.10888 -26.14818
 -26.11076 -26.13320 -26.15900 -26.19468 -26.23266
 -26.17620 -26.20090 -26.22781 -26.26206 -26.29753
 -26.20625 -26.23940 -26.27610 -26.31640 -26.35704
 -26.22523 -26.26797 -26.31262 -26.35875 -26.40987
 -26.26563 -26.31548 -26.36639 -26.41804 -26.47317
 -26.33978 -26.39195 -26.44475 -26.49737 -26.55146
 -26.44452 -26.49614 -26.54898 -26.60085 -26.65361
 -26.56695 -26.61543 -26.66444 -26.71353 -26.76214
 -26.67432 -26.71568 -26.75609 -26.79588 -26.83415
 -26.72829 -26.75777 -26.78622 -26.81341 -26.83905
 -26.74610 -26.76487 -26.78259 -26.79913 -26.81440
 -26.77730 -26.78943 -26.80074 -26.81149 -26.82129
 -26.84536 -26.85379 -26.86172 -26.86902 -26.87615
 -26.94818 -26.95447 -26.96038 -26.96596 -26.97111
 -27.07308 -27.07800 -27.08261 -27.08696 -27.09119
 -27.20348 -27.20737 -27.21101 -27.21447 -27.21768
 -27.32074 -27.32369 -27.32646 -27.32908 -27.33163
 -27.40700 -27.40907 -27.41103 -27.41287 -27.41474
 -27.45089 -27.45222 -27.45346 -27.45466 -27.45581
 -27.45230 -27.45306 -27.45379 -27.45447 -27.45516
 -27.42022 -27.42063 -27.42102 -27.42139 -27.42175
 -27.36613 -27.36634 -27.36654 -27.36673 -27.36691
 -27.29923 -27.29933 -27.29943 -27.29952 -27.29961
 -27.22540 -27.22545 -27.22549 -27.22554 -27.22559
 -27.14798 -27.14800 -27.14803 -27.14805 -27.14807
 -27.06874 -27.06875 -27.06877 -27.06878 -27.06879
 ==16 ================== Behringer data =========================================
 -25.65155 -25.68089 -25.71559 -25.75220 -25.79456
 -25.73787 -25.76402 -25.79516 -25.83628 -25.87775
 -25.82668 -25.85289 -25.88216 -25.91358 -25.96181
 -25.91818 -25.94085 -25.96632 -26.00069 -26.03579
 -26.01248 -26.03183 -26.05770 -26.08973 -26.12300
 -26.10966 -26.12597 -26.14787 -26.17500 -26.21222
 -26.20977 -26.22516 -26.24473 -26.26938 -26.29534
 -26.31282 -26.32548 -26.34166 -26.36202 -26.39029
 -26.41881 -26.42911 -26.44455 -26.46266 -26.48822
 -26.52770 -26.53598 -26.54844 -26.56306 -26.58359
 -26.63938 -26.64680 -26.65591 -26.67021 -26.68838
 -26.75360 -26.75947 -26.76790 -26.78022 -26.79615
 -26.86991 -26.87452 -26.88112 -26.89073 -26.90307
 -26.98746 -26.99106 -26.99619 -27.00511 -27.01567
 -27.10468 -27.10746 -27.11202 -27.11820 -27.12839
 -27.21626 -27.21849 -27.22192 -27.22746 -27.23401
 -27.28741 -27.28894 -27.29129 -27.29502 -27.30060
 -27.23530 -27.23611 -27.23750 -27.23927 -27.24215
 -27.09432 -27.09468 -27.09531 -27.09626 -27.09771
 -26.98625 -26.98645 -26.98676 -26.98726 -26.98817
 -26.95144 -26.95157 -26.95176 -26.95212 -26.95267
 -26.97735 -26.97744 -26.97758 -26.97783 -26.97828
 -27.03841 -27.03847 -27.03858 -27.03878 -27.03911
 -27.10765 -27.10770 -27.10778 -27.10793 -27.10819
 -27.16117 -27.16120 -27.16125 -27.16135 -27.16153
 -27.18346 -27.18348 -27.18352 -27.18358 -27.18369
 -27.17134 -27.17135 -27.17137 -27.17140 -27.17146
 -27.13123 -27.13123 -27.13124 -27.13126 -27.13129
 -27.07255 -27.07256 -27.07256 -27.07257 -27.07259
 -27.00310 -27.00310 -27.00311 -27.00311 -27.00312
 ==17 ================== Behringer data =========================================
 -24.87540 -24.90207 -24.93025 -24.96618 -25.00128
 -24.96093 -24.98475 -25.01015 -25.04259 -25.07409
 -25.04852 -25.06944 -25.09600 -25.12702 -25.15758
 -25.13834 -25.15644 -25.17959 -25.20681 -25.24203
 -25.23048 -25.24793 -25.26904 -25.29433 -25.32770
 -25.32502 -25.33969 -25.35756 -25.37904 -25.40740
 -25.42196 -25.43414 -25.45153 -25.47095 -25.49706
 -25.52133 -25.53131 -25.54564 -25.56521 -25.58319
 -25.62313 -25.63220 -25.64286 -25.65881 -25.67813
 -25.72738 -25.73463 -25.74462 -25.75855 -25.77573
 -25.83408 -25.83981 -25.84773 -25.85880 -25.87242
 -25.94322 -25.94772 -25.95394 -25.96437 -25.97620
 -26.05482 -26.05833 -26.06392 -26.07127 -26.08294
 -26.16885 -26.17157 -26.17590 -26.18270 -26.19049
 -26.28507 -26.28730 -26.29064 -26.29584 -26.30338
 -26.40321 -26.40512 -26.40786 -26.41145 -26.41712
 -26.51807 -26.51953 -26.52160 -26.52482 -26.52949
 -26.60924 -26.61029 -26.61176 -26.61404 -26.61808
 -26.65551 -26.65622 -26.65718 -26.65890 -26.66120
 -26.67640 -26.67684 -26.67751 -26.67848 -26.68020
 -26.70951 -26.70979 -26.71022 -26.71095 -26.71194
 -26.77037 -26.77056 -26.77087 -26.77136 -26.77217
 -26.85292 -26.85305 -26.85327 -26.85362 -26.85419
 -26.94101 -26.94110 -26.94126 -26.94154 -26.94198
 -27.01581 -27.01588 -27.01600 -27.01618 -27.01647
 -27.06178 -27.06182 -27.06190 -27.06201 -27.06223
 -27.07207 -27.07210 -27.07214 -27.07221 -27.07233
 -27.04967 -27.04968 -27.04970 -27.04974 -27.04981
 -27.00307 -27.00307 -27.00308 -27.00311 -27.00314
 -26.94105 -26.94106 -26.94106 -26.94107 -26.94109
 ==18 ================== Behringer data =========================================
 -24.73380 -24.75566 -24.78195 -24.81115 -24.83878
 -24.81873 -24.84076 -24.86205 -24.88854 -24.92114
 -24.90541 -24.92480 -24.94708 -24.97240 -25.00404
 -24.99399 -25.01078 -25.03026 -25.05256 -25.08050
 -25.08456 -25.09888 -25.11833 -25.13902 -25.16544
 -25.17713 -25.19061 -25.20564 -25.22703 -25.25170
 -25.27171 -25.28289 -25.29543 -25.31336 -25.33406
 -25.36829 -25.37742 -25.38944 -25.40540 -25.42416
 -25.46685 -25.47421 -25.48396 -25.49696 -25.51223
 -25.56737 -25.57322 -25.58220 -25.59348 -25.60698
 -25.66982 -25.67442 -25.68151 -25.69045 -25.70399
 -25.77419 -25.77777 -25.78330 -25.79165 -25.80086
 -25.88046 -25.88355 -25.88811 -25.89395 -25.90295
 -25.98850 -25.99100 -25.99450 -25.99985 -26.00582
 -26.09858 -26.10049 -26.10315 -26.10721 -26.11292
 -26.21042 -26.21188 -26.21390 -26.21696 -26.22223
 -26.32384 -26.32495 -26.32669 -26.32917 -26.33268
 -26.43834 -26.43922 -26.44053 -26.44239 -26.44558
 -26.55316 -26.55383 -26.55482 -26.55643 -26.55853
 -26.66666 -26.66718 -26.66792 -26.66911 -26.67098
 -26.77617 -26.77656 -26.77710 -26.77796 -26.77930
 -26.87734 -26.87760 -26.87806 -26.87873 -26.87976
 -26.96411 -26.96430 -26.96462 -26.96508 -26.96577
 -27.02950 -27.02963 -27.02984 -27.03013 -27.03067
 -27.06764 -27.06772 -27.06785 -27.06806 -27.06835
 -27.07625 -27.07630 -27.07638 -27.07649 -27.07669
 -27.05755 -27.05758 -27.05762 -27.05768 -27.05778
 -27.01692 -27.01694 -27.01696 -27.01700 -27.01705
 -26.96064 -26.96064 -26.96066 -26.96067 -26.96070
 -26.89411 -26.89411 -26.89412 -26.89413 -26.89414
