    7    5   35    1    7     /NITROGEN           /GCR PROJECT                 
================================================================================
  11.00000  12.00000  13.00000  14.00000  15.00000
   0.00000   0.13535   0.27071   0.40606   0.54142   0.67677   0.81213   0.94748
   1.08284   1.21819   1.35355   1.48890   1.62426   1.75961   1.89497   2.03032
   2.16568   2.30103   2.43638   2.57174   2.70709   2.84245   2.97780   3.11316
   3.24851   3.38387   3.51922   3.65458   3.78993   3.92529   4.06064   4.19600
   4.33135   4.46671   4.60206
---------------------/ IGRD= 1  / IPRT= 1  /--------/ Z1= 1   / DATE= 04/11/99  
 -29.88974 -29.80065 -29.66359 -29.44681 -29.25039
 -29.95732 -29.90796 -29.82509 -29.68676 -29.56916
 -29.79763 -29.78887 -29.76172 -29.70487 -29.65739
 -29.46162 -29.47535 -29.47992 -29.47482 -29.46800
 -29.14346 -29.16446 -29.17726 -29.18825 -29.19352
 -28.93894 -28.96251 -28.97537 -28.98435 -28.98925
 -28.82546 -28.85047 -28.86447 -28.87109 -28.87511
 -28.78242 -28.80754 -28.82245 -28.82920 -28.82998
 -28.79167 -28.81736 -28.83205 -28.83819 -28.83546
 -28.83983 -28.86577 -28.88109 -28.88564 -28.88063
 -28.91700 -28.94253 -28.95861 -28.96235 -28.95526
 -29.01636 -29.04248 -29.05777 -29.06238 -29.05485
 -29.13551 -29.16071 -29.17613 -29.18296 -29.17711
 -29.26902 -29.29341 -29.30933 -29.31714 -29.31375
 -29.41370 -29.43763 -29.45344 -29.46160 -29.46007
 -29.56886 -29.59195 -29.60686 -29.61635 -29.61570
 -29.72597 -29.74831 -29.76228 -29.77190 -29.77193
 -29.86639 -29.88698 -29.90052 -29.90878 -29.90956
 -29.99160 -30.01115 -30.02325 -30.03186 -30.03045
 -30.11419 -30.13293 -30.14331 -30.15269 -30.14825
 -30.23768 -30.25542 -30.26420 -30.27402 -30.26682
 -30.35991 -30.37659 -30.38376 -30.39395 -30.38389
 -30.48047 -30.49599 -30.50157 -30.51196 -30.49904
 -30.59858 -30.61272 -30.61684 -30.62722 -30.61139
 -30.71329 -30.72580 -30.72866 -30.73871 -30.71992
 -30.82351 -30.83405 -30.83594 -30.84526 -30.82336
 -30.92788 -30.93601 -30.93737 -30.94545 -30.92020
 -31.02486 -31.03006 -31.03143 -31.03767 -31.00875
 -31.11270 -31.11439 -31.11647 -31.12020 -31.08713
 -31.19031 -31.18792 -31.19149 -31.19204 -31.15425
 -31.25490 -31.24792 -31.25385 -31.25062 -31.20742
 -31.30947 -31.29757 -31.30649 -31.29912 -31.24996
 -31.36276 -31.34589 -31.35790 -31.34634 -31.29114
 -31.41604 -31.39422 -31.40930 -31.39355 -31.33233
 -31.46933 -31.44255 -31.46071 -31.44077 -31.37351
---------------------/ IGRD= 1  / IPRT= 1  /--------/ Z1= 2   / DATE= 04/11/99  
 -28.90406 -28.77957 -28.58282 -28.26899 -27.79888
 -29.03066 -28.94381 -28.79867 -28.56041 -28.19324
 -29.03115 -28.99007 -28.90819 -28.76101 -28.51207
 -28.84447 -28.84997 -28.83153 -28.77620 -28.65682
 -28.57906 -28.61526 -28.63422 -28.63427 -28.60571
 -28.35140 -28.40028 -28.42963 -28.44596 -28.45170
 -28.20615 -28.26118 -28.29374 -28.31567 -28.33009
 -28.13786 -28.19537 -28.22988 -28.25329 -28.27140
 -28.12792 -28.18534 -28.22079 -28.24431 -28.26395
 -28.16338 -28.21993 -28.25583 -28.27963 -28.29900
 -28.23412 -28.28943 -28.32512 -28.34933 -28.36861
 -28.33215 -28.38517 -28.42070 -28.44551 -28.46466
 -28.45146 -28.50150 -28.53866 -28.56250 -28.58126
 -28.58851 -28.63602 -28.67253 -28.69695 -28.71470
 -28.73610 -28.78251 -28.81799 -28.84194 -28.85986
 -28.88783 -28.93287 -28.96920 -28.99029 -29.00915
 -29.04075 -29.08192 -29.11593 -29.13731 -29.15416
 -29.18388 -29.22094 -29.25130 -29.27151 -29.28571
 -29.30795 -29.33950 -29.36543 -29.38356 -29.39445
 -29.40443 -29.42983 -29.45083 -29.46541 -29.47409
 -29.46927 -29.48822 -29.50389 -29.51448 -29.52104
 -29.50077 -29.51329 -29.52366 -29.53127 -29.53464
 -29.50114 -29.50919 -29.51591 -29.51998 -29.52290
 -29.49211 -29.49651 -29.50023 -29.50033 -29.50409
 -29.48277 -29.48356 -29.48431 -29.48040 -29.48508
 -29.47357 -29.47073 -29.46851 -29.46061 -29.46619
 -29.46435 -29.45788 -29.45268 -29.44080 -29.44729
 -29.45515 -29.44505 -29.43688 -29.42100 -29.42842
 -29.44595 -29.43222 -29.42109 -29.40121 -29.40957
 -29.43676 -29.41939 -29.40530 -29.38142 -29.39073
 -29.42757 -29.40656 -29.38951 -29.36164 -29.37191
 -29.41839 -29.39374 -29.37373 -29.34186 -29.35310
 -29.40922 -29.38092 -29.35795 -29.32208 -29.33430
 -29.40005 -29.36810 -29.34218 -29.30231 -29.31549
 -29.39087 -29.35528 -29.32640 -29.28253 -29.29669
---------------------/ IGRD= 1  / IPRT= 1  /--------/ Z1= 3   / DATE= 04/11/99  
 -28.29876 -28.15553 -27.91742 -27.53894 -26.98306
 -28.44433 -28.33806 -28.15631 -27.86416 -27.41472
 -28.57478 -28.49965 -28.36698 -28.14835 -27.79678
 -28.64389 -28.59037 -28.51222 -28.37104 -28.11899
 -28.56368 -28.52580 -28.50288 -28.44308 -28.30231
 -28.36220 -28.33658 -28.35400 -28.35742 -28.31562
 -28.18525 -28.16503 -28.19658 -28.22264 -28.22424
 -28.07098 -28.05186 -28.08355 -28.11365 -28.12510
 -28.02186 -28.00113 -28.03051 -28.05944 -28.07035
 -28.04158 -28.01623 -28.04257 -28.06863 -28.07705
 -28.11838 -28.08714 -28.10985 -28.13474 -28.14314
 -28.23152 -28.19541 -28.21622 -28.24039 -28.25036
 -28.37545 -28.33481 -28.35596 -28.37930 -28.39139
 -28.54972 -28.50649 -28.52703 -28.54974 -28.56394
 -28.75430 -28.71078 -28.72905 -28.75087 -28.76521
 -28.97089 -28.93008 -28.94551 -28.96496 -28.97720
 -29.15674 -29.12399 -29.13566 -29.15069 -29.16075
 -29.27599 -29.25517 -29.26300 -29.27237 -29.27855
 -29.32553 -29.31462 -29.31867 -29.32389 -29.32671
 -29.32486 -29.31998 -29.32164 -29.32386 -29.32563
 -29.29428 -29.29231 -29.29296 -29.29364 -29.29521
 -29.25027 -29.24951 -29.24970 -29.25065 -29.25102
 -29.20087 -29.20058 -29.20080 -29.20169 -29.20160
 -29.14865 -29.14855 -29.14867 -29.14897 -29.14907
 -29.09425 -29.09421 -29.09420 -29.09417 -29.09433
 -29.03869 -29.03867 -29.03868 -29.03869 -29.03867
 -28.98288 -28.98289 -28.98300 -28.98311 -28.98287
 -28.92706 -28.92708 -28.92729 -28.92750 -28.92705
 -28.87123 -28.87125 -28.87155 -28.87186 -28.87121
 -28.81537 -28.81540 -28.81580 -28.81621 -28.81535
 -28.75952 -28.75955 -28.76004 -28.76056 -28.75948
 -28.70366 -28.70370 -28.70428 -28.70490 -28.70362
 -28.64780 -28.64784 -28.64852 -28.64924 -28.64775
 -28.59194 -28.59199 -28.59277 -28.59358 -28.59188
 -28.53608 -28.53614 -28.53701 -28.53792 -28.53602
---------------------/ IGRD= 1  / IPRT= 1  /--------/ Z1= 4   / DATE= 04/11/99  
 -27.73707 -27.60593 -27.38156 -26.98613 -26.37751
 -27.80413 -27.72301 -27.57697 -27.29423 -26.82032
 -27.75533 -27.72207 -27.64878 -27.48805 -27.17069
 -27.61320 -27.61104 -27.58824 -27.52307 -27.36380
 -27.47285 -27.48399 -27.48557 -27.46942 -27.41311
 -27.39285 -27.40920 -27.41918 -27.41918 -27.40078
 -27.37663 -27.39521 -27.40830 -27.41397 -27.40864
 -27.41376 -27.43300 -27.44728 -27.45580 -27.45653
 -27.49037 -27.51053 -27.52565 -27.53510 -27.53845
 -27.59650 -27.61669 -27.63205 -27.64171 -27.64692
 -27.72288 -27.74238 -27.75775 -27.76772 -27.77498
 -27.86184 -27.88215 -27.89838 -27.90889 -27.91707
 -28.01102 -28.03064 -28.04640 -28.05813 -28.06721
 -28.16511 -28.18371 -28.19894 -28.21127 -28.22131
 -28.31762 -28.33535 -28.35020 -28.36244 -28.37294
 -28.46015 -28.47655 -28.49017 -28.50262 -28.51335
 -28.58445 -28.59946 -28.61123 -28.62301 -28.63500
 -28.68660 -28.70024 -28.71002 -28.71905 -28.73168
 -28.76546 -28.77579 -28.78480 -28.79453 -28.80259
 -28.82270 -28.82978 -28.83682 -28.84493 -28.85191
 -28.85741 -28.86235 -28.86662 -28.87104 -28.87987
 -28.86852 -28.87160 -28.87485 -28.87770 -28.88492
 -28.85975 -28.86069 -28.86464 -28.86634 -28.86961
 -28.83321 -28.83614 -28.83688 -28.83848 -28.83940
 -28.79725 -28.79902 -28.79964 -28.80105 -28.80128
 -28.75514 -28.75469 -28.75573 -28.75616 -28.75624
 -28.70609 -28.70613 -28.70555 -28.70534 -28.70538
 -28.65267 -28.65272 -28.65284 -28.65291 -28.65288
 -28.59868 -28.59868 -28.59981 -28.60025 -28.60018
 -28.54494 -28.54496 -28.54689 -28.54765 -28.54753
 -28.49112 -28.49114 -28.49392 -28.49503 -28.49486
 -28.43732 -28.43735 -28.44098 -28.44242 -28.44219
 -28.38352 -28.38357 -28.38805 -28.38981 -28.38953
 -28.32973 -28.32978 -28.33511 -28.33719 -28.33686
 -28.27594 -28.27600 -28.28218 -28.28458 -28.28419
---------------------/ IGRD= 1  / IPRT= 1  /--------/ Z1= 5   / DATE= 04/11/99  
 -27.53026 -27.36264 -27.07062 -26.62824 -25.95350
 -27.67725 -27.55015 -27.32432 -26.97315 -26.41481
 -27.81205 -27.71873 -27.54988 -27.27699 -26.82966
 -27.93635 -27.86703 -27.74237 -27.53533 -27.18651
 -28.05338 -28.00252 -27.91107 -27.75627 -27.49110
 -28.16364 -28.12798 -28.06145 -27.94587 -27.74939
 -28.26863 -28.24316 -28.19581 -28.11326 -27.97021
 -28.36831 -28.35042 -28.31781 -28.25969 -28.15678
 -28.46357 -28.45195 -28.42932 -28.38866 -28.31718
 -28.55387 -28.54717 -28.53102 -28.50461 -28.45596
 -28.63627 -28.63285 -28.62230 -28.60610 -28.57410
 -28.71083 -28.70854 -28.70288 -28.69231 -28.67459
 -28.75981 -28.75738 -28.75439 -28.74930 -28.73881
 -28.69542 -28.69436 -28.69351 -28.69261 -28.68798
 -28.48078 -28.48165 -28.48250 -28.48361 -28.48434
 -28.21296 -28.21350 -28.21500 -28.21650 -28.21958
 -28.02105 -28.02168 -28.02325 -28.02491 -28.02937
 -27.91686 -27.92067 -27.92048 -27.92411 -27.92846
 -27.88906 -27.89003 -27.89031 -27.89315 -27.89778
 -27.91363 -27.91460 -27.91498 -27.91814 -27.92243
 -27.97465 -27.97748 -27.97783 -27.98149 -27.98519
 -28.06039 -28.06103 -28.06273 -28.06427 -28.06811
 -28.15301 -28.15374 -28.15519 -28.15647 -28.15986
 -28.24042 -28.24089 -28.24238 -28.24348 -28.24649
 -28.31151 -28.31140 -28.31273 -28.31374 -28.31576
 -28.35751 -28.35754 -28.35859 -28.35935 -28.36049
 -28.37657 -28.37675 -28.37750 -28.37773 -28.37868
 -28.37122 -28.37119 -28.37117 -28.37143 -28.37212
 -28.34628 -28.34625 -28.34614 -28.34706 -28.34709
 -28.31500 -28.31511 -28.31531 -28.31712 -28.31632
 -28.28441 -28.28463 -28.28510 -28.28775 -28.28615
 -28.25354 -28.25389 -28.25465 -28.25814 -28.25575
 -28.22263 -28.22310 -28.22416 -28.22850 -28.22530
 -28.19171 -28.19232 -28.19367 -28.19886 -28.19486
 -28.16080 -28.16153 -28.16318 -28.16922 -28.16441
---------------------/ IGRD= 1  / IPRT= 1  /--------/ Z1= 6   / DATE= 04/11/99  
 -26.85336 -26.69113 -26.40128 -25.95133 -25.27989
 -26.98638 -26.85614 -26.61814 -26.24471 -25.67746
 -27.11922 -27.02083 -26.83447 -26.53730 -26.07394
 -27.24544 -27.17275 -27.03177 -26.80414 -26.43345
 -27.36332 -27.30952 -27.20418 -27.03169 -26.74032
 -27.47500 -27.43574 -27.35729 -27.22577 -27.00206
 -27.58204 -27.55375 -27.49572 -27.39749 -27.22778
 -27.68613 -27.66494 -27.62253 -27.55073 -27.42311
 -27.78686 -27.77050 -27.74083 -27.68855 -27.59414
 -27.88486 -27.87364 -27.85265 -27.81343 -27.74549
 -27.97967 -27.97288 -27.95724 -27.92825 -27.88015
 -28.07198 -28.06689 -28.05659 -28.03764 -28.00317
 -28.16081 -28.15738 -28.15077 -28.13786 -28.11426
 -28.21605 -28.21414 -28.21046 -28.20296 -28.18943
 -28.17864 -28.17845 -28.17881 -28.17849 -28.17602
 -28.02773 -28.03011 -28.03431 -28.04132 -28.05016
 -27.84350 -27.84819 -27.85374 -27.86542 -27.88263
 -27.71588 -27.72069 -27.72927 -27.74261 -27.76417
 -27.66077 -27.66510 -27.67380 -27.68975 -27.71031
 -27.66354 -27.66788 -27.67656 -27.69344 -27.71429
 -27.70989 -27.71442 -27.72314 -27.73938 -27.76067
 -27.78615 -27.79081 -27.79808 -27.81381 -27.83220
 -27.87724 -27.88277 -27.88953 -27.90302 -27.92098
 -27.97029 -27.97491 -27.98078 -27.99217 -28.00856
 -28.05337 -28.05632 -28.06142 -28.07062 -28.08425
 -28.11559 -28.11793 -28.12187 -28.12861 -28.13900
 -28.15205 -28.15408 -28.15637 -28.16117 -28.16833
 -28.16298 -28.16417 -28.16555 -28.16897 -28.17375
 -28.15080 -28.15157 -28.15273 -28.15479 -28.15743
 -28.12162 -28.12192 -28.12270 -28.12395 -28.12531
 -28.08622 -28.08575 -28.08579 -28.08675 -28.08749
 -28.05123 -28.05003 -28.04940 -28.04999 -28.05004
 -28.01634 -28.01441 -28.01312 -28.01334 -28.01268
 -27.98145 -27.97880 -27.97684 -27.97669 -27.97532
 -27.94656 -27.94318 -27.94056 -27.94004 -27.93796
---------------------/ IGRD= 1  / IPRT= 1  /--------/ Z1= 7   / DATE= 04/11/99  
 -26.22579 -26.08179 -25.82494 -25.37693 -24.72737
 -26.34533 -26.22405 -26.00923 -25.63112 -25.07496
 -26.46482 -26.36623 -26.19341 -25.88513 -25.42233
 -26.58404 -26.50824 -26.37681 -26.13779 -25.76771
 -26.69754 -26.64190 -26.54538 -26.36553 -26.07839
 -26.80328 -26.76284 -26.69210 -26.55701 -26.33715
 -26.90534 -26.87544 -26.82424 -26.72508 -26.55886
 -27.00496 -26.98392 -26.94541 -26.87360 -26.74877
 -27.10147 -27.08660 -27.05848 -27.00587 -26.91432
 -27.19585 -27.18491 -27.16548 -27.12688 -27.06080
 -27.28930 -27.28149 -27.26768 -27.24030 -27.19194
 -27.38130 -27.37553 -27.36635 -27.34702 -27.31256
 -27.47177 -27.46800 -27.46175 -27.44733 -27.42360
 -27.56066 -27.55758 -27.55341 -27.54346 -27.52768
 -27.64645 -27.64481 -27.64120 -27.63590 -27.62503
 -27.72867 -27.72939 -27.72559 -27.72278 -27.71518
 -27.80795 -27.80794 -27.80611 -27.80310 -27.79962
 -27.88066 -27.88065 -27.88059 -27.87703 -27.87655
 -27.94714 -27.94717 -27.94735 -27.94288 -27.94330
 -28.00308 -28.00306 -28.00308 -28.00061 -28.00056
 -28.04771 -28.04772 -28.04772 -28.04796 -28.04731
 -28.08222 -28.08223 -28.08223 -28.08220 -28.08178
 -28.10427 -28.10427 -28.10428 -28.10429 -28.10450
 -28.11378 -28.11378 -28.11380 -28.11389 -28.11435
 -28.11165 -28.11165 -28.11165 -28.11168 -28.11187
 -28.09881 -28.09881 -28.09881 -28.09880 -28.09876
 -28.07689 -28.07689 -28.07689 -28.07690 -28.07700
 -28.04778 -28.04778 -28.04778 -28.04783 -28.04814
 -28.01274 -28.01274 -28.01274 -28.01276 -28.01284
 -27.97140 -27.97140 -27.97140 -27.97140 -27.97135
 -27.92715 -27.92715 -27.92715 -27.92716 -27.92719
 -27.88356 -27.88356 -27.88356 -27.88356 -27.88353
 -27.84007 -27.84007 -27.84007 -27.84007 -27.83994
 -27.79659 -27.79659 -27.79659 -27.79657 -27.79636
 -27.75310 -27.75310 -27.75310 -27.75308 -27.75278
