   10    5   35    1   10     /NEON               /GCR PROJECT                 
================================================================================
  11.00000  12.00000  13.00000  14.00000  15.00000
   0.00000   0.13535   0.27071   0.40606   0.54142   0.67677   0.81213   0.94748
   1.08284   1.21819   1.35355   1.48890   1.62426   1.75961   1.89497   2.03032
   2.16568   2.30103   2.43638   2.57174   2.70709   2.84245   2.97780   3.11316
   3.24851   3.38387   3.51922   3.65458   3.78993   3.92529   4.06064   4.19600
   4.33135   4.46671   4.60206
---------------------/ IGRD= 1  / IPRT= 1  /--------/ Z1= 1   / DATE= 20/12/00  
 -30.15674 -30.04256 -29.87061 -29.59230 -29.18669
 -30.29323 -30.20542 -30.07223 -29.85255 -29.54571
 -30.43947 -30.37361 -30.27202 -30.10106 -29.86933
 -30.50173 -30.46013 -30.39289 -30.27568 -30.11683
 -30.30488 -30.29074 -30.26262 -30.20728 -30.12941
 -29.87962 -29.88697 -29.88922 -29.88265 -29.86965
 -29.46705 -29.47861 -29.48592 -29.48960 -29.49165
 -29.19992 -29.21143 -29.21853 -29.22317 -29.22522
 -29.05871 -29.07086 -29.07892 -29.08460 -29.08806
 -29.00431 -29.01628 -29.02436 -29.02926 -29.03261
 -29.01927 -29.03102 -29.03939 -29.04457 -29.04759
 -29.08268 -29.09448 -29.10289 -29.10790 -29.11119
 -29.18116 -29.19320 -29.20173 -29.20648 -29.21001
 -29.30439 -29.31669 -29.32511 -29.33011 -29.33313
 -29.44315 -29.45522 -29.46374 -29.46904 -29.47180
 -29.59058 -29.60187 -29.61051 -29.61551 -29.61927
 -29.73878 -29.74978 -29.75703 -29.76210 -29.76609
 -29.87453 -29.88541 -29.89132 -29.89718 -29.89909
 -29.99601 -30.00377 -30.01269 -30.01668 -30.01624
 -30.11455 -30.11842 -30.13143 -30.13283 -30.13012
 -30.23416 -30.23447 -30.25110 -30.25023 -30.24520
 -30.35341 -30.35006 -30.37048 -30.36723 -30.35989
 -30.47267 -30.46566 -30.48985 -30.48423 -30.47458
 -30.59195 -30.58128 -30.60925 -30.60126 -30.58928
 -30.71122 -30.69689 -30.72863 -30.71827 -30.70398
 -30.83048 -30.81250 -30.84801 -30.83528 -30.81869
 -30.94975 -30.92811 -30.96740 -30.95229 -30.93339
 -31.06903 -31.04372 -31.08678 -31.06930 -31.04808
 -31.18829 -31.15933 -31.20616 -31.18631 -31.16278
 -31.30756 -31.27494 -31.32554 -31.30333 -31.27748
 -31.42683 -31.39055 -31.44493 -31.42034 -31.39219
 -31.54610 -31.50616 -31.56431 -31.53736 -31.50689
 -31.66538 -31.62177 -31.68369 -31.65437 -31.62159
 -31.78466 -31.73737 -31.80307 -31.77139 -31.73629
 -31.90393 -31.85297 -31.92245 -31.88840 -31.85098
---------------------/ IGRD= 1  / IPRT= 1  /--------/ Z1= 2   / DATE= 20/12/00  
 -29.06648 -28.93351 -28.72418 -28.40098 -27.92262
 -29.19552 -29.09424 -28.93254 -28.68024 -28.29837
 -29.30961 -29.23214 -29.10852 -28.91207 -28.61267
 -29.39860 -29.34515 -29.25689 -29.11222 -28.88657
 -29.34559 -29.32069 -29.27499 -29.19175 -29.05052
 -29.11983 -29.12220 -29.11698 -29.09260 -29.03617
 -28.83952 -28.85722 -28.86836 -28.86965 -28.85949
 -28.62864 -28.64996 -28.66615 -28.67561 -28.67979
 -28.51162 -28.53377 -28.55186 -28.56438 -28.57172
 -28.46708 -28.49019 -28.50847 -28.52155 -28.52991
 -28.47748 -28.50056 -28.51937 -28.53308 -28.54185
 -28.52427 -28.54774 -28.56664 -28.58112 -28.58949
 -28.59400 -28.61798 -28.63676 -28.65164 -28.65873
 -28.68559 -28.70948 -28.72933 -28.74264 -28.75104
 -28.79833 -28.82186 -28.84142 -28.85446 -28.86396
 -28.92583 -28.94922 -28.96659 -28.98166 -28.98937
 -29.05861 -29.08099 -29.09902 -29.11287 -29.12051
 -29.18985 -29.20989 -29.22793 -29.24028 -29.24755
 -29.30856 -29.32616 -29.34210 -29.35287 -29.35943
 -29.40349 -29.41886 -29.43080 -29.44013 -29.44550
 -29.46902 -29.48094 -29.48936 -29.49670 -29.50077
 -29.50195 -29.50889 -29.51598 -29.52031 -29.52358
 -29.50247 -29.50725 -29.51190 -29.51421 -29.51702
 -29.49315 -29.49696 -29.49850 -29.49930 -29.50171
 -29.48355 -29.48644 -29.48484 -29.48417 -29.48615
 -29.47414 -29.47609 -29.47135 -29.46919 -29.47076
 -29.46473 -29.46573 -29.45785 -29.45420 -29.45537
 -29.45536 -29.45540 -29.44438 -29.43925 -29.44000
 -29.44599 -29.44509 -29.43094 -29.42431 -29.42465
 -29.43663 -29.43480 -29.41750 -29.40938 -29.40931
 -29.42729 -29.42451 -29.40406 -29.39446 -29.39398
 -29.41795 -29.41422 -29.39064 -29.37954 -29.37865
 -29.40861 -29.40394 -29.37721 -29.36462 -29.36332
 -29.39928 -29.39366 -29.36378 -29.34970 -29.34800
 -29.38994 -29.38338 -29.35036 -29.33478 -29.33267
---------------------/ IGRD= 1  / IPRT= 1  /--------/ Z1= 3   / DATE= 20/12/00  
 -28.39023 -28.25205 -28.01881 -27.64861 -27.09531
 -28.52841 -28.42952 -28.25833 -27.97817 -27.53668
 -28.65434 -28.58724 -28.46846 -28.26712 -27.93082
 -28.74625 -28.70653 -28.63385 -28.50480 -28.26889
 -28.76836 -28.75114 -28.71566 -28.64721 -28.50598
 -28.71692 -28.71635 -28.70603 -28.68003 -28.61513
 -28.62710 -28.63786 -28.64161 -28.63953 -28.61978
 -28.54916 -28.56505 -28.57549 -28.58302 -28.58332
 -28.50143 -28.51928 -28.53272 -28.54314 -28.55222
 -28.48361 -28.50225 -28.51653 -28.52836 -28.54139
 -28.49175 -28.51040 -28.52488 -28.53748 -28.55172
 -28.51639 -28.53576 -28.55127 -28.56395 -28.57872
 -28.55161 -28.57299 -28.58970 -28.60365 -28.61803
 -28.59648 -28.62085 -28.63939 -28.65467 -28.66911
 -28.65475 -28.68103 -28.70195 -28.71949 -28.73314
 -28.73057 -28.75821 -28.78069 -28.80033 -28.81292
 -28.82149 -28.85161 -28.87432 -28.89215 -28.90657
 -28.92063 -28.94803 -28.97110 -28.98697 -29.00075
 -29.01351 -29.03596 -29.05645 -29.07100 -29.08213
 -29.08635 -29.10424 -29.11999 -29.13233 -29.14104
 -29.13190 -29.14546 -29.15641 -29.16567 -29.17226
 -29.14837 -29.15737 -29.16487 -29.17116 -29.17532
 -29.14083 -29.14635 -29.15145 -29.15536 -29.15766
 -29.11516 -29.11844 -29.12157 -29.12375 -29.12540
 -29.07577 -29.07784 -29.07952 -29.08077 -29.08199
 -29.02922 -29.03064 -29.03140 -29.03232 -29.03263
 -28.98118 -28.98203 -28.98208 -28.98280 -28.98200
 -28.93344 -28.93371 -28.93300 -28.93349 -28.93163
 -28.88571 -28.88540 -28.88393 -28.88419 -28.88126
 -28.83795 -28.83704 -28.83483 -28.83486 -28.83086
 -28.79020 -28.78871 -28.78574 -28.78555 -28.78048
 -28.74245 -28.74037 -28.73665 -28.73623 -28.73008
 -28.69470 -28.69204 -28.68756 -28.68691 -28.67968
 -28.64695 -28.64370 -28.63848 -28.63759 -28.62928
 -28.59920 -28.59537 -28.58939 -28.58827 -28.57888
---------------------/ IGRD= 1  / IPRT= 1  /--------/ Z1= 4   / DATE= 20/12/00  
 -27.60337 -27.45436 -27.21164 -26.80305 -26.18550
 -27.71823 -27.61619 -27.44258 -27.13340 -26.63970
 -27.84436 -27.77130 -27.64765 -27.42008 -27.03871
 -27.96320 -27.91336 -27.82927 -27.66694 -27.38518
 -28.01892 -27.99653 -27.95119 -27.84935 -27.66080
 -27.98136 -27.99035 -27.98469 -27.94161 -27.84226
 -27.86125 -27.89976 -27.92948 -27.93407 -27.90993
 -27.73661 -27.79461 -27.84675 -27.87924 -27.89859
 -27.65434 -27.72135 -27.78603 -27.83195 -27.87092
 -27.61819 -27.68873 -27.75943 -27.81298 -27.86053
 -27.62067 -27.69220 -27.76485 -27.82155 -27.87219
 -27.65451 -27.72432 -27.79847 -27.85406 -27.90649
 -27.71555 -27.78223 -27.85542 -27.91120 -27.96489
 -27.79799 -27.86178 -27.93329 -27.98889 -28.04123
 -27.89623 -27.95811 -28.02670 -28.08133 -28.13106
 -28.00664 -28.06604 -28.13050 -28.18377 -28.23182
 -28.12676 -28.18199 -28.24353 -28.29393 -28.33946
 -28.25294 -28.30467 -28.36140 -28.40890 -28.45135
 -28.38062 -28.42882 -28.47915 -28.52323 -28.56154
 -28.50209 -28.54489 -28.58831 -28.62720 -28.65973
 -28.60814 -28.64305 -28.67895 -28.71112 -28.73742
 -28.68921 -28.71511 -28.74257 -28.76704 -28.78797
 -28.73823 -28.75754 -28.77691 -28.79262 -28.80772
 -28.75764 -28.76959 -28.78375 -28.79323 -28.80235
 -28.75174 -28.75834 -28.76833 -28.77441 -28.78051
 -28.72640 -28.73122 -28.73735 -28.74056 -28.74425
 -28.68819 -28.69185 -28.69526 -28.69682 -28.69796
 -28.64317 -28.64459 -28.64607 -28.64855 -28.64935
 -28.59727 -28.59632 -28.59598 -28.59972 -28.60047
 -28.55179 -28.54855 -28.54635 -28.55117 -28.55169
 -28.50620 -28.50064 -28.49659 -28.50256 -28.50291
 -28.46066 -28.45280 -28.44689 -28.45399 -28.45415
 -28.41513 -28.40497 -28.39719 -28.40543 -28.40540
 -28.36960 -28.35714 -28.34750 -28.35687 -28.35664
 -28.32407 -28.30931 -28.29781 -28.30831 -28.30788
---------------------/ IGRD= 1  / IPRT= 1  /--------/ Z1= 5   / DATE= 20/12/00  
 -27.31867 -27.14955 -26.85613 -26.41248 -25.73378
 -27.44375 -27.32025 -27.09834 -26.75070 -26.19272
 -27.53784 -27.45377 -27.29711 -27.03843 -26.59960
 -27.62024 -27.56430 -27.45859 -27.27409 -26.94399
 -27.66655 -27.63750 -27.57674 -27.45740 -27.22654
 -27.63445 -27.63859 -27.62742 -27.57049 -27.43308
 -27.51607 -27.55537 -27.59932 -27.59981 -27.54660
 -27.37566 -27.44189 -27.53070 -27.57274 -27.57808
 -27.27637 -27.35776 -27.47352 -27.53985 -27.57590
 -27.23036 -27.31793 -27.44423 -27.52146 -27.56971
 -27.22043 -27.30722 -27.43247 -27.51070 -27.56127
 -27.23412 -27.31477 -27.43368 -27.50799 -27.55662
 -27.27148 -27.34487 -27.45530 -27.52506 -27.57126
 -27.33523 -27.40156 -27.50312 -27.56900 -27.61202
 -27.42486 -27.48525 -27.57682 -27.63900 -27.67929
 -27.53636 -27.59089 -27.67179 -27.72863 -27.76865
 -27.66489 -27.71326 -27.78459 -27.83481 -27.87491
 -27.80338 -27.84979 -27.90914 -27.95483 -27.99158
 -27.94778 -27.99017 -28.04066 -28.08219 -28.11642
 -28.09056 -28.12847 -28.17158 -28.20811 -28.23946
 -28.22295 -28.25656 -28.29230 -28.32289 -28.35022
 -28.33601 -28.36393 -28.39263 -28.41682 -28.43920
 -28.42103 -28.44200 -28.46377 -28.48209 -28.49819
 -28.47261 -28.48818 -28.50275 -28.51603 -28.52669
 -28.49178 -28.50288 -28.51174 -28.52129 -28.52795
 -28.48596 -28.49250 -28.49830 -28.50382 -28.50883
 -28.46170 -28.46502 -28.46897 -28.47140 -28.47523
 -28.42332 -28.42548 -28.42768 -28.42972 -28.43101
 -28.37722 -28.37837 -28.37950 -28.38076 -28.38141
 -28.32920 -28.32912 -28.32951 -28.32940 -28.33055
 -28.28132 -28.28007 -28.27968 -28.27830 -28.27978
 -28.23338 -28.23092 -28.22980 -28.22709 -28.22897
 -28.18542 -28.18177 -28.17990 -28.17587 -28.17816
 -28.13746 -28.13261 -28.13000 -28.12464 -28.12736
 -28.08950 -28.08346 -28.08011 -28.07342 -28.07655
---------------------/ IGRD= 1  / IPRT= 1  /--------/ Z1= 6   / DATE= 20/12/00  
 -27.08828 -26.92916 -26.62379 -26.16060 -25.47445
 -27.20939 -27.08288 -26.83835 -26.46046 -25.88155
 -27.32960 -27.23578 -27.05247 -26.76012 -26.28855
 -27.43201 -27.36763 -27.24169 -27.02847 -26.66283
 -27.48692 -27.45239 -27.38521 -27.25008 -26.99004
 -27.47166 -27.47355 -27.47451 -27.41792 -27.25893
 -27.38367 -27.42992 -27.50874 -27.52020 -27.44586
 -27.28597 -27.37071 -27.51545 -27.57824 -27.56290
 -27.22751 -27.33919 -27.52680 -27.61973 -27.63979
 -27.21749 -27.34439 -27.55042 -27.65526 -27.69258
 -27.24639 -27.37613 -27.57801 -27.68053 -27.72251
 -27.29966 -27.42244 -27.60506 -27.69434 -27.73454
 -27.36848 -27.47910 -27.63492 -27.71027 -27.74579
 -27.45259 -27.54950 -27.67937 -27.74271 -27.77481
 -27.55273 -27.63630 -27.74481 -27.79968 -27.83003
 -27.66653 -27.73870 -27.82968 -27.87882 -27.90867
 -27.79025 -27.85329 -27.92964 -27.97329 -28.00480
 -27.92174 -27.97418 -28.03622 -28.07583 -28.10677
 -28.04885 -28.09393 -28.14291 -28.17749 -28.20740
 -28.16584 -28.20369 -28.24136 -28.27033 -28.29748
 -28.26518 -28.29461 -28.32234 -28.34573 -28.36817
 -28.33791 -28.35919 -28.37831 -28.39605 -28.41298
 -28.38018 -28.39462 -28.40755 -28.41939 -28.43094
 -28.39266 -28.40195 -28.40993 -28.41726 -28.42521
 -28.38046 -28.38638 -28.39083 -28.39513 -28.40073
 -28.35106 -28.35438 -28.35703 -28.35963 -28.36293
 -28.31116 -28.31279 -28.31448 -28.31613 -28.31770
 -28.26486 -28.26609 -28.26699 -28.26789 -28.26877
 -28.21413 -28.21454 -28.21511 -28.21585 -28.21599
 -28.15993 -28.16035 -28.16052 -28.16081 -28.16112
 -28.10422 -28.10566 -28.10519 -28.10455 -28.10592
 -28.04864 -28.05096 -28.04989 -28.04839 -28.05070
 -27.99309 -27.99625 -27.99460 -27.99224 -27.99547
 -27.93754 -27.94155 -27.93932 -27.93609 -27.94025
 -27.88198 -27.88685 -27.88403 -27.87994 -27.88502
---------------------/ IGRD= 1  / IPRT= 1  /--------/ Z1= 7   / DATE= 20/12/00  
 -26.86991 -26.71328 -26.44100 -25.97783 -25.28319
 -26.95116 -26.82597 -26.60472 -26.22147 -25.63619
 -27.03209 -26.93831 -26.76803 -26.46465 -25.98869
 -27.11113 -27.04864 -26.92932 -26.70591 -26.33924
 -27.15039 -27.11631 -27.04350 -26.89661 -26.63720
 -27.13996 -27.12831 -27.09192 -27.00963 -26.84684
 -27.11951 -27.12282 -27.10937 -27.06986 -26.97949
 -27.12203 -27.13376 -27.13281 -27.11653 -27.06937
 -27.15914 -27.17531 -27.18085 -27.17659 -27.15241
 -27.22738 -27.24577 -27.25511 -27.25728 -27.24552
 -27.31739 -27.33717 -27.34852 -27.35420 -27.34988
 -27.41650 -27.43691 -27.44824 -27.45632 -27.45764
 -27.51323 -27.53198 -27.54336 -27.55368 -27.55976
 -27.60465 -27.62147 -27.63317 -27.64500 -27.65615
 -27.69433 -27.71054 -27.72185 -27.73444 -27.75117
 -27.78816 -27.80408 -27.81392 -27.82690 -27.84756
 -27.88457 -27.89807 -27.90724 -27.91975 -27.94097
 -27.97406 -27.98324 -27.99305 -28.00402 -28.02433
 -28.04408 -28.05295 -28.06022 -28.06942 -28.08756
 -28.09573 -28.10360 -28.10896 -28.11645 -28.13163
 -28.13489 -28.14031 -28.14504 -28.15104 -28.16321
 -28.16661 -28.17066 -28.17408 -28.17881 -28.18830
 -28.19046 -28.19320 -28.19558 -28.19890 -28.20571
 -28.20171 -28.20319 -28.20515 -28.20785 -28.21228
 -28.19788 -28.19872 -28.20029 -28.20234 -28.20509
 -28.17928 -28.17996 -28.18095 -28.18209 -28.18377
 -28.14822 -28.14865 -28.14921 -28.14979 -28.15083
 -28.10795 -28.10803 -28.10837 -28.10877 -28.10947
 -28.06222 -28.06219 -28.06224 -28.06244 -28.06289
 -28.01154 -28.01153 -28.01149 -28.01185 -28.01189
 -27.95687 -27.95687 -27.95689 -27.95719 -27.95709
 -27.90066 -27.90066 -27.90065 -27.90014 -27.90039
 -27.84427 -27.84426 -27.84423 -27.84280 -27.84347
 -27.78787 -27.78787 -27.78780 -27.78546 -27.78655
 -27.73148 -27.73147 -27.73137 -27.72812 -27.72962
---------------------/ IGRD= 1  / IPRT= 1  /--------/ Z1= 8   / DATE= 20/12/00  
 -26.67554 -26.52163 -26.28424 -25.82912 -25.16831
 -26.79214 -26.66120 -26.45757 -26.06733 -25.49326
 -26.90867 -26.80066 -26.63071 -26.30519 -25.81776
 -27.02550 -26.94066 -26.80473 -26.54478 -26.14444
 -27.14097 -27.07817 -26.97473 -26.77646 -26.46102
 -27.25277 -27.20836 -27.13273 -26.98619 -26.74687
 -27.35971 -27.32794 -27.27301 -27.16540 -26.98620
 -27.46351 -27.44061 -27.40084 -27.32242 -27.19010
 -27.56439 -27.54804 -27.51986 -27.46366 -27.36762
 -27.66238 -27.65058 -27.63087 -27.59121 -27.52273
 -27.75733 -27.74897 -27.73475 -27.70730 -27.65962
 -27.84844 -27.84309 -27.83295 -27.81429 -27.78189
 -27.93574 -27.93244 -27.92640 -27.91368 -27.89288
 -28.01706 -28.01499 -28.01166 -28.00325 -27.99053
 -28.09073 -28.08947 -28.08732 -28.08244 -28.07464
 -28.12030 -28.11981 -28.11864 -28.11645 -28.11163
 -28.04574 -28.04570 -28.04552 -28.04491 -28.04257
 -27.87671 -27.87652 -27.87656 -27.87706 -27.87724
 -27.69446 -27.69471 -27.69484 -27.69550 -27.69736
 -27.57442 -27.57499 -27.57516 -27.57610 -27.57797
 -27.52765 -27.52792 -27.52797 -27.52939 -27.53117
 -27.53281 -27.53253 -27.53237 -27.53408 -27.53664
 -27.57596 -27.57589 -27.57576 -27.57798 -27.57888
 -27.64196 -27.64196 -27.64189 -27.64302 -27.64419
 -27.71502 -27.71502 -27.71501 -27.71472 -27.71723
 -27.78122 -27.78125 -27.78126 -27.78096 -27.78275
 -27.82949 -27.82948 -27.82948 -27.82965 -27.82976
 -27.85380 -27.85380 -27.85380 -27.85382 -27.85343
 -27.85510 -27.85510 -27.85511 -27.85507 -27.85492
 -27.83740 -27.83740 -27.83740 -27.83741 -27.83745
 -27.80442 -27.80442 -27.80442 -27.80442 -27.80444
 -27.76231 -27.76231 -27.76231 -27.76231 -27.76230
 -27.71906 -27.71906 -27.71906 -27.71907 -27.71903
 -27.67581 -27.67581 -27.67580 -27.67582 -27.67575
 -27.63255 -27.63255 -27.63255 -27.63258 -27.63248
---------------------/ IGRD= 1  / IPRT= 1  /--------/ Z1= 9   / DATE= 20/12/00  
 -26.16032 -26.00749 -25.79519 -25.38199 -24.73700
 -26.27176 -26.13925 -25.95311 -25.59221 -25.02545
 -26.38322 -26.27106 -26.11109 -25.80250 -25.31404
 -26.49459 -26.40268 -26.26881 -26.01237 -25.60195
 -26.60625 -26.53491 -26.42738 -26.22371 -25.89214
 -26.71652 -26.66429 -26.58203 -26.42827 -26.17188
 -26.82186 -26.78356 -26.72278 -26.60840 -26.41371
 -26.92380 -26.89538 -26.85247 -26.76690 -26.62073
 -27.02434 -27.00399 -26.97308 -26.90939 -26.80094
 -27.12326 -27.10903 -27.08593 -27.03959 -26.95945
 -27.22019 -27.21006 -27.19339 -27.16064 -27.10148
 -27.31567 -27.30877 -27.29654 -27.27375 -27.23084
 -27.40950 -27.40474 -27.39630 -27.38041 -27.35040
 -27.50101 -27.49835 -27.49274 -27.48112 -27.46053
 -27.59034 -27.58873 -27.58483 -27.57633 -27.56275
 -27.66776 -27.66584 -27.66306 -27.65819 -27.64969
 -27.69953 -27.69852 -27.69687 -27.69528 -27.69034
 -27.64644 -27.64638 -27.64614 -27.64578 -27.64713
 -27.53732 -27.53741 -27.53860 -27.54026 -27.54512
 -27.43804 -27.43817 -27.44019 -27.44362 -27.44962
 -27.38312 -27.38376 -27.38604 -27.38998 -27.39688
 -27.37982 -27.38131 -27.38339 -27.38720 -27.39510
 -27.41617 -27.41763 -27.41896 -27.42354 -27.43045
 -27.47689 -27.47781 -27.48045 -27.48348 -27.49084
 -27.54879 -27.55025 -27.55233 -27.55481 -27.56207
 -27.61767 -27.62011 -27.62017 -27.62298 -27.62880
 -27.67271 -27.67466 -27.67412 -27.67654 -27.68030
 -27.70731 -27.70770 -27.70733 -27.70988 -27.71138
 -27.71662 -27.71668 -27.71634 -27.71930 -27.72066
 -27.70685 -27.70680 -27.70666 -27.70808 -27.70884
 -27.68076 -27.68049 -27.68057 -27.68034 -27.68003
 -27.64211 -27.64224 -27.64219 -27.64234 -27.64231
 -27.60186 -27.60247 -27.60225 -27.60305 -27.60349
 -27.56161 -27.56271 -27.56230 -27.56375 -27.56468
 -27.52135 -27.52294 -27.52236 -27.52446 -27.52586
---------------------/ IGRD= 1  / IPRT= 1  /--------/ Z1=10   / DATE= 20/12/00  
 -25.62715 -25.49720 -25.27902 -24.95273 -24.30602
 -25.72911 -25.61504 -25.42398 -25.13434 -24.56466
 -25.83108 -25.73290 -25.56899 -25.31600 -24.82340
 -25.93302 -25.85067 -25.71375 -25.49740 -25.08156
 -26.03507 -25.96880 -25.85943 -25.67973 -25.34196
 -26.13700 -26.08652 -26.00411 -25.86101 -25.59987
 -26.23791 -26.20122 -26.14157 -26.03411 -25.83925
 -26.33660 -26.30957 -26.26587 -26.18809 -26.04185
 -26.43204 -26.41262 -26.38054 -26.32441 -26.21551
 -26.52519 -26.51247 -26.48901 -26.44857 -26.36905
 -26.61846 -26.60986 -26.59215 -26.56316 -26.50505
 -26.71178 -26.70472 -26.69192 -26.67105 -26.62987
 -26.80281 -26.79715 -26.78915 -26.77511 -26.74612
 -26.89272 -26.88891 -26.88460 -26.87415 -26.85352
 -26.98238 -26.98024 -26.97721 -26.96839 -26.95394
 -27.07102 -27.06970 -27.06680 -27.06079 -27.05108
 -27.15759 -27.15668 -27.15515 -27.15187 -27.14510
 -27.24167 -27.24095 -27.23978 -27.23736 -27.23305
 -27.32179 -27.32095 -27.31991 -27.31839 -27.31611
 -27.39599 -27.39575 -27.39478 -27.39431 -27.39286
 -27.46318 -27.46339 -27.46277 -27.46286 -27.46153
 -27.52236 -27.52163 -27.52176 -27.52173 -27.52087
 -27.57116 -27.56989 -27.56989 -27.56989 -27.56996
 -27.60800 -27.60771 -27.60767 -27.60768 -27.60786
 -27.63447 -27.63455 -27.63457 -27.63456 -27.63442
 -27.64846 -27.64837 -27.64836 -27.64836 -27.64849
 -27.64883 -27.64888 -27.64888 -27.64888 -27.64984
 -27.63849 -27.63849 -27.63849 -27.63849 -27.63986
 -27.61977 -27.61977 -27.61977 -27.61977 -27.61998
 -27.59268 -27.59268 -27.59268 -27.59268 -27.59246
 -27.55862 -27.55862 -27.55862 -27.55862 -27.55879
 -27.52135 -27.52135 -27.52135 -27.52135 -27.52129
 -27.48368 -27.48369 -27.48369 -27.48369 -27.48332
 -27.44602 -27.44603 -27.44603 -27.44603 -27.44534
 -27.40836 -27.40837 -27.40837 -27.40837 -27.40737
