    2    5   35    1    2     /HELIUM             /HORTON ET AL 1996           
================================================================================
  11.00000  12.00000  13.00000  14.00000  15.00000
   0.00000   0.13535   0.27071   0.40606   0.54142   0.67677   0.81213   0.94748
   1.08284   1.21819   1.35355   1.48890   1.62426   1.75961   1.89497   2.03032
   2.16568   2.30103   2.43638   2.57174   2.70709   2.84245   2.97780   3.11316
   3.24851   3.38387   3.51922   3.65458   3.78993   3.92529   4.06064   4.19600
   4.33135   4.46671   4.60206
---------------------/ IGRD= 1  / IPRT= 1  /--------/ Z1= 1   / DATE= 20/11/97  
 -28.06174 -28.06217 -28.06164 -28.05693 -28.04031
 -28.20312 -28.20350 -28.20329 -28.20020 -28.19079
 -28.36708 -28.36690 -28.36466 -28.36201 -28.35325
 -28.53381 -28.53406 -28.53280 -28.53154 -28.52574
 -28.71362 -28.71328 -28.71247 -28.70983 -28.70567
 -28.89016 -28.89035 -28.89037 -28.88794 -28.88519
 -29.04833 -29.05047 -29.05143 -29.05099 -29.04896
 -29.13419 -29.14068 -29.14526 -29.14788 -29.14849
 -29.12590 -29.13845 -29.14803 -29.15444 -29.15847
 -29.07291 -29.09089 -29.10447 -29.11406 -29.11978
 -29.04360 -29.06468 -29.08059 -29.09162 -29.09799
 -29.06342 -29.08585 -29.10278 -29.11444 -29.12206
 -29.12910 -29.15226 -29.16953 -29.18184 -29.19006
 -29.22371 -29.24693 -29.26476 -29.27755 -29.28609
 -29.34055 -29.36409 -29.38214 -29.39488 -29.40340
 -29.48562 -29.50976 -29.52685 -29.53883 -29.54677
 -29.64854 -29.67096 -29.68680 -29.69767 -29.70490
 -29.79583 -29.81406 -29.82877 -29.83865 -29.84504
 -29.92942 -29.94539 -29.95839 -29.96688 -29.97252
 -30.05903 -30.07343 -30.08462 -30.09183 -30.09673
 -30.18725 -30.19991 -30.20945 -30.21573 -30.21983
 -30.31342 -30.32455 -30.33251 -30.33807 -30.34137
 -30.43779 -30.44751 -30.45396 -30.45904 -30.46152
 -30.56044 -30.56887 -30.57390 -30.57871 -30.58037
 -30.68147 -30.68871 -30.69241 -30.69715 -30.69797
 -30.80097 -30.80714 -30.80957 -30.81443 -30.81442
 -30.91905 -30.92424 -30.92550 -30.93062 -30.92977
 -31.03582 -31.04012 -31.04027 -31.04580 -31.04410
 -31.15137 -31.15488 -31.15397 -31.16002 -31.15749
 -31.26584 -31.26863 -31.26672 -31.27340 -31.27005
 -31.37922 -31.38136 -31.37851 -31.38592 -31.38175
 -31.49185 -31.49340 -31.48964 -31.49784 -31.49285
 -31.60439 -31.60535 -31.60068 -31.60968 -31.60388
 -31.71693 -31.71730 -31.71173 -31.72153 -31.71491
 -31.82946 -31.82924 -31.82277 -31.83337 -31.82594
---------------------/ IGRD= 1  / IPRT= 1  /--------/ Z1= 2   / DATE= 20/11/97  
 -28.60329 -28.48833 -28.29958 -28.00293 -27.55311
 -28.73317 -28.64725 -28.50545 -28.27651 -27.92418
 -28.85321 -28.78883 -28.68373 -28.51082 -28.24102
 -28.96562 -28.91815 -28.84174 -28.71299 -28.50936
 -29.07119 -29.03711 -28.98186 -28.88750 -28.73628
 -29.17073 -29.14663 -29.10644 -29.03895 -28.92902
 -29.26490 -29.24833 -29.22014 -29.17278 -29.09527
 -29.35351 -29.34246 -29.32351 -29.29126 -29.23771
 -29.43654 -29.42855 -29.41645 -29.39512 -29.35933
 -29.51226 -29.50641 -29.49922 -29.48551 -29.46272
 -29.57889 -29.57511 -29.57139 -29.56271 -29.54925
 -29.63584 -29.63335 -29.63168 -29.62659 -29.61972
 -29.68161 -29.68095 -29.67912 -29.67792 -29.67407
 -29.71591 -29.71618 -29.71343 -29.71380 -29.71251
 -29.73835 -29.73846 -29.73652 -29.73648 -29.73667
 -29.74741 -29.74740 -29.74752 -29.74753 -29.74769
 -29.74334 -29.74333 -29.74357 -29.74364 -29.74534
 -29.73071 -29.73071 -29.73065 -29.73068 -29.73189
 -29.70840 -29.70841 -29.70838 -29.70836 -29.70826
 -29.67864 -29.67863 -29.67871 -29.67869 -29.67831
 -29.64381 -29.64381 -29.64382 -29.64381 -29.64382
 -29.60433 -29.60433 -29.60434 -29.60435 -29.60435
 -29.55826 -29.55817 -29.55944 -29.55939 -29.55938
 -29.51011 -29.50986 -29.51289 -29.51277 -29.51277
 -29.46190 -29.46152 -29.46631 -29.46612 -29.46612
 -29.41371 -29.41319 -29.41974 -29.41948 -29.41948
 -29.36552 -29.36486 -29.37316 -29.37284 -29.37284
 -29.31733 -29.31652 -29.32659 -29.32620 -29.32620
 -29.26913 -29.26819 -29.28002 -29.27957 -29.27956
 -29.22094 -29.21986 -29.23345 -29.23293 -29.23292
 -29.17275 -29.17153 -29.18687 -29.18628 -29.18627
 -29.12456 -29.12319 -29.14030 -29.13964 -29.13963
 -29.07638 -29.07486 -29.09373 -29.09300 -29.09299
 -29.02819 -29.02652 -29.04715 -29.04636 -29.04635
 -28.98000 -28.97819 -29.00058 -28.99971 -28.99970
