    1    5   50    1    1 F: Be 20. Si3N4 0.055 Si 0.7 A:Si 3. 200. 380.       
================================================================================
  11.00000  12.00000  13.00000  14.00000  15.00000
   0.00000   0.09590   0.19179   0.28769   0.38359   0.47949   0.57538   0.67128
   0.76718   0.86308   0.95897   1.05487   1.15077   1.24667   1.34256   1.43846
   1.53436   1.63025   1.72615   1.82205   1.91795   2.01384   2.10974   2.20564
   2.30154   2.39743   2.49333   2.58923   2.68513   2.78102   2.87692   2.97282
   3.06872   3.16461   3.26051   3.35641   3.45230   3.54820   3.64410   3.74000
   3.83589   3.93179   4.02769   4.12359   4.21948   4.31538   4.41128   4.50718
   4.60307   4.69897
================================================================================
 -60.00000 -60.00000 -60.00000 -60.00000 -60.00000
 -60.00000 -60.00000 -60.00000 -60.00000 -60.00000
 -60.00000 -60.00000 -60.00000 -60.00000 -60.00000
 -60.00000 -60.00000 -60.00000 -60.00000 -60.00000
 -60.00000 -60.00000 -60.00000 -60.00000 -60.00000
 -60.00000 -60.00000 -60.00000 -60.00000 -60.00000
 -60.00000 -60.00000 -60.00000 -60.00000 -60.00000
 -60.00000 -60.00000 -60.00000 -60.00000 -60.00000
 -60.00000 -60.00000 -60.00000 -60.00000 -60.00000
 -60.00000 -60.00000 -60.00000 -60.00000 -60.00000
 -60.00000 -60.00000 -60.00000 -60.00000 -60.00000
 -57.59941 -57.59941 -57.59941 -57.59941 -57.59941
 -53.51680 -53.51683 -53.51685 -53.51690 -53.51690
 -50.00756 -50.00770 -50.00785 -50.00814 -50.00814
 -46.97685 -46.97700 -46.97764 -46.97845 -46.97845
 -44.38961 -44.38985 -44.39091 -44.39224 -44.39224
 -42.21376 -42.21406 -42.21538 -42.21703 -42.21703
 -40.39303 -40.39335 -40.39476 -40.39476 -40.39653
 -38.86664 -38.86695 -38.86745 -38.86832 -38.87004
 -37.57894 -37.57943 -37.57988 -37.58068 -37.58225
 -36.48880 -36.48922 -36.48962 -36.49032 -36.49169
 -35.56200 -35.56236 -35.56270 -35.56329 -35.56445
 -34.77206 -34.77236 -34.77264 -34.77313 -34.77408
 -34.09811 -34.09835 -34.09858 -34.09897 -34.09975
 -33.52330 -33.52349 -33.52368 -33.52399 -33.52461
 -33.03307 -33.03322 -33.03336 -33.03360 -33.03409
 -32.61423 -32.61435 -32.61446 -32.61465 -32.61502
 -32.25526 -32.25534 -32.25543 -32.25557 -32.25586
 -31.94570 -31.94572 -31.94583 -31.94594 -31.94615
 -31.67700 -31.67703 -31.67711 -31.67719 -31.67735
 -31.44153 -31.44156 -31.44161 -31.44167 -31.44179
 -31.23351 -31.23353 -31.23357 -31.23361 -31.23370
 -31.04910 -31.04912 -31.04915 -31.04918 -31.04925
 -30.88528 -30.88529 -30.88531 -30.88534 -30.88538
 -30.73960 -30.73961 -30.73962 -30.73964 -30.73967
 -30.61024 -30.61024 -30.61025 -30.61027 -30.61030
 -30.49613 -30.49613 -30.49614 -30.49615 -30.49617
 -30.39629 -30.39629 -30.39630 -30.39631 -30.39631
 -30.30964 -30.30964 -30.30964 -30.30965 -30.30965
 -30.23529 -30.23529 -30.23530 -30.23530 -30.23530
 -30.17251 -30.17251 -30.17251 -30.17252 -30.17252
 -30.12043 -30.12043 -30.12043 -30.12043 -30.12043
 -30.07815 -30.07815 -30.07815 -30.07815 -30.07815
 -30.04478 -30.04478 -30.04478 -30.04478 -30.04478
 -30.01943 -30.01943 -30.01943 -30.01944 -30.01944
 -30.00128 -30.00128 -30.00128 -30.00128 -30.00128
 -29.98950 -29.98950 -29.98950 -29.98950 -29.98950
 -29.98338 -29.98338 -29.98338 -29.98338 -29.98338
 -29.98222 -29.98222 -29.98222 -29.98222 -29.98222
 -29.98543 -29.98543 -29.98543 -29.98543 -29.98543
