   54    5   30    1   54     /                   /ABELS-VAN MAANEN 1985   ADF1
================================================================================
  11.00000  12.00000  13.00000  14.00000  15.00000
   0.00000   0.16203   0.32407   0.48610   0.64813   0.81017   0.97220   1.13423
   1.29627   1.45830   1.62033   1.78237   1.94440   2.10643   2.26847   2.43050
   2.59254   2.75457   2.91660   3.07864   3.24067   3.40270   3.56474   3.72677
   3.88880   4.05084   4.21287   4.37490   4.53694   4.69897
 --------------------/ IPRT= 1  / IGRD= 1  /PRB CALC/ Z1= 1   / DATE= 14.05.98  
 -40.00000 -40.00000 -40.00000 -40.00000 -40.00000
 -40.00000 -40.00000 -40.00000 -40.00000 -40.00000
 -40.00000 -40.00000 -40.00000 -40.00000 -40.00000
 -40.00000 -40.00000 -40.00000 -40.00000 -40.00000
 -40.00000 -40.00000 -40.00000 -40.00000 -40.00000
 -40.00000 -40.00000 -40.00000 -40.00000 -40.00000
 -40.00000 -40.00000 -40.00000 -40.00000 -40.00000
 -40.00000 -40.00000 -40.00000 -40.00000 -40.00000
 -40.00000 -40.00000 -40.00000 -40.00000 -40.00000
 -40.00000 -40.00000 -40.00000 -40.00000 -40.00000
 -40.00000 -40.00000 -40.00000 -40.00000 -40.00000
 -40.00000 -40.00000 -40.00000 -40.00000 -40.00000
 -38.23891 -38.23934 -38.23976 -38.23975 -38.23973
 -36.22121 -36.22152 -36.22181 -36.22182 -36.22182
 -34.70598 -34.70620 -34.70642 -34.70641 -34.70642
 -33.55767 -33.55783 -33.55798 -33.55798 -33.55798
 -32.67897 -32.67909 -32.67920 -32.67920 -32.67920
 -32.00152 -32.00156 -32.00168 -32.00168 -32.00169
 -31.47591 -31.47595 -31.47604 -31.47604 -31.47604
 -31.06689 -31.06691 -31.06697 -31.06697 -31.06697
 -30.74767 -30.74769 -30.74774 -30.74774 -30.74774
 -30.49841 -30.49841 -30.49842 -30.49845 -30.49845
 -30.30758 -30.30759 -30.30759 -30.30761 -30.30762
 -30.16769 -30.16769 -30.16769 -30.16771 -30.16771
 -30.07181 -30.07182 -30.07182 -30.07183 -30.07183
 -30.01391 -30.01391 -30.01391 -30.01392 -30.01392
 -29.98806 -29.98806 -29.98806 -29.98806 -29.98806
 -29.98883 -29.98883 -29.98883 -29.98883 -29.98883
 -30.01079 -30.01079 -30.01079 -30.01080 -30.01080
 -30.04922 -30.04922 -30.04922 -30.04922 -30.04922
 --------------------/ IPRT= 1  / IGRD= 1  /PRB CALC/ Z1= 2   / DATE= 14.05.98  
 -40.00000 -40.00000 -40.00000 -40.00000 -40.00000
 -40.00000 -40.00000 -40.00000 -40.00000 -40.00000
 -40.00000 -40.00000 -40.00000 -40.00000 -40.00000
 -40.00000 -40.00000 -40.00000 -40.00000 -40.00000
 -40.00000 -40.00000 -40.00000 -40.00000 -40.00000
 -40.00000 -40.00000 -40.00000 -40.00000 -40.00000
 -40.00000 -40.00000 -40.00000 -40.00000 -40.00000
 -40.00000 -40.00000 -40.00000 -40.00000 -40.00000
 -40.00000 -40.00000 -40.00000 -40.00000 -40.00000
 -40.00000 -40.00000 -40.00000 -40.00000 -40.00000
 -40.00000 -40.00000 -40.00000 -40.00000 -40.00000
 -40.00000 -40.00000 -40.00000 -40.00000 -40.00000
 -37.60667 -37.60749 -37.60860 -37.60960 -37.61124
 -35.59081 -35.59112 -35.59216 -35.59290 -35.59404
 -34.07232 -34.07264 -34.07300 -34.07387 -34.07467
 -32.92067 -32.92088 -32.92117 -32.92175 -32.92231
 -32.03953 -32.03968 -32.03988 -32.04029 -32.04068
 -31.36222 -31.36235 -31.36248 -31.36277 -31.36304
 -30.83890 -30.83895 -30.83909 -30.83929 -30.83948
 -30.43234 -30.43239 -30.43248 -30.43256 -30.43276
 -30.11548 -30.11551 -30.11554 -30.11561 -30.11577
 -29.86903 -29.86906 -29.86908 -29.86913 -29.86924
 -29.68049 -29.68051 -29.68053 -29.68056 -29.68065
 -29.54322 -29.54324 -29.54324 -29.54327 -29.54329
 -29.45045 -29.45045 -29.45047 -29.45048 -29.45051
 -29.39524 -29.39525 -29.39525 -29.39527 -29.39528
 -29.37204 -29.37205 -29.37205 -29.37206 -29.37207
 -29.37497 -29.37497 -29.37497 -29.37497 -29.37498
 -29.39832 -29.39832 -29.39832 -29.39832 -29.39833
 -29.43770 -29.43770 -29.43770 -29.43770 -29.43771
 --------------------/ IPRT= 1  / IGRD= 1  /PRB CALC/ Z1= 3   / DATE= 14.05.98  
 -40.00000 -40.00000 -40.00000 -40.00000 -40.00000
 -40.00000 -40.00000 -40.00000 -40.00000 -40.00000
 -40.00000 -40.00000 -40.00000 -40.00000 -40.00000
 -40.00000 -40.00000 -40.00000 -40.00000 -40.00000
 -40.00000 -40.00000 -40.00000 -40.00000 -40.00000
 -40.00000 -40.00000 -40.00000 -40.00000 -40.00000
 -40.00000 -40.00000 -40.00000 -40.00000 -40.00000
 -40.00000 -40.00000 -40.00000 -40.00000 -40.00000
 -40.00000 -40.00000 -40.00000 -40.00000 -40.00000
 -40.00000 -40.00000 -40.00000 -40.00000 -40.00000
 -40.00000 -40.00000 -40.00000 -40.00000 -40.00000
 -39.88911 -39.89044 -39.89270 -39.89603 -39.89904
 -37.22748 -37.22849 -37.22987 -37.23273 -37.23483
 -35.22018 -35.22065 -35.22162 -35.22281 -35.22547
 -33.70638 -33.70679 -33.70746 -33.70838 -33.71019
 -32.55651 -32.55679 -32.55726 -32.55790 -32.55919
 -31.67419 -31.67439 -31.67471 -31.67515 -31.67605
 -30.99298 -30.99309 -30.99333 -30.99368 -30.99430
 -30.46603 -30.46612 -30.46624 -30.46653 -30.46692
 -30.05823 -30.05829 -30.05837 -30.05850 -30.05868
 -29.74196 -29.74199 -29.74207 -29.74215 -29.74230
 -29.49630 -29.49632 -29.49636 -29.49643 -29.49653
 -29.30971 -29.30973 -29.30975 -29.30980 -29.30988
 -29.17410 -29.17411 -29.17413 -29.17417 -29.17422
 -29.08204 -29.08205 -29.08207 -29.08209 -29.08213
 -29.02846 -29.02847 -29.02847 -29.02849 -29.02851
 -29.00721 -29.00721 -29.00722 -29.00723 -29.00724
 -29.01144 -29.01145 -29.01145 -29.01146 -29.01146
 -29.03648 -29.03648 -29.03648 -29.03649 -29.03650
 -29.07767 -29.07767 -29.07767 -29.07767 -29.07768
 --------------------/ IPRT= 1  / IGRD= 1  /PRB CALC/ Z1= 4   / DATE= 14.05.98  
 -40.00000 -40.00000 -40.00000 -40.00000 -40.00000
 -40.00000 -40.00000 -40.00000 -40.00000 -40.00000
 -40.00000 -40.00000 -40.00000 -40.00000 -40.00000
 -40.00000 -40.00000 -40.00000 -40.00000 -40.00000
 -40.00000 -40.00000 -40.00000 -40.00000 -40.00000
 -40.00000 -40.00000 -40.00000 -40.00000 -40.00000
 -40.00000 -40.00000 -40.00000 -40.00000 -40.00000
 -40.00000 -40.00000 -40.00000 -40.00000 -40.00000
 -40.00000 -40.00000 -40.00000 -40.00000 -40.00000
 -40.00000 -40.00000 -40.00000 -40.00000 -40.00000
 -40.00000 -40.00000 -40.00000 -40.00000 -40.00000
 -39.58181 -39.58294 -39.58552 -39.58828 -39.59356
 -36.94720 -36.94817 -36.94995 -36.95240 -36.95657
 -34.95280 -34.95360 -34.95462 -34.95673 -34.95980
 -33.44477 -33.44517 -33.44606 -33.44757 -33.44978
 -32.29763 -32.29797 -32.29860 -32.29955 -32.30125
 -31.41690 -31.41714 -31.41744 -31.41800 -31.41881
 -30.73611 -30.73625 -30.73651 -30.73691 -30.73746
 -30.20737 -30.20747 -30.20765 -30.20792 -30.20830
 -29.79646 -29.79654 -29.79667 -29.79685 -29.79711
 -29.47700 -29.47704 -29.47712 -29.47726 -29.47746
 -29.23122 -29.23126 -29.23131 -29.23138 -29.23155
 -29.04480 -29.04482 -29.04486 -29.04491 -29.04500
 -28.90973 -28.90974 -28.90976 -28.90981 -28.90985
 -28.81939 -28.81939 -28.81941 -28.81944 -28.81948
 -28.76680 -28.76681 -28.76682 -28.76684 -28.76687
 -28.74574 -28.74574 -28.74575 -28.74576 -28.74578
 -28.75151 -28.75151 -28.75151 -28.75152 -28.75154
 -28.77785 -28.77785 -28.77785 -28.77785 -28.77787
 -28.81980 -28.81980 -28.81980 -28.81981 -28.81981
 --------------------/ IPRT= 1  / IGRD= 1  /PRB CALC/ Z1= 5   / DATE= 14.05.98  
 -40.00000 -40.00000 -40.00000 -40.00000 -40.00000
 -40.00000 -40.00000 -40.00000 -40.00000 -40.00000
 -40.00000 -40.00000 -40.00000 -40.00000 -40.00000
 -40.00000 -40.00000 -40.00000 -40.00000 -40.00000
 -40.00000 -40.00000 -40.00000 -40.00000 -40.00000
 -40.00000 -40.00000 -40.00000 -40.00000 -40.00000
 -40.00000 -40.00000 -40.00000 -40.00000 -40.00000
 -40.00000 -40.00000 -40.00000 -40.00000 -40.00000
 -40.00000 -40.00000 -40.00000 -40.00000 -40.00000
 -40.00000 -40.00000 -40.00000 -40.00000 -40.00000
 -40.00000 -40.00000 -40.00000 -40.00000 -40.00000
 -39.31081 -39.31207 -39.31428 -39.31794 -39.32294
 -36.71164 -36.71278 -36.71455 -36.71806 -36.72223
 -34.73692 -34.73767 -34.73890 -34.74074 -34.74509
 -33.23882 -33.23945 -33.24034 -33.24175 -33.24499
 -32.09557 -32.09589 -32.09666 -32.09764 -32.09875
 -31.21681 -31.21708 -31.21747 -31.21830 -31.21918
 -30.53687 -30.53703 -30.53732 -30.53781 -30.53852
 -30.00883 -30.00894 -30.00915 -30.00943 -30.00999
 -29.59674 -29.59681 -29.59694 -29.59716 -29.59755
 -29.27526 -29.27530 -29.27540 -29.27556 -29.27579
 -29.02634 -29.02637 -29.02643 -29.02651 -29.02665
 -28.83925 -28.83926 -28.83930 -28.83936 -28.83946
 -28.70422 -28.70423 -28.70426 -28.70430 -28.70438
 -28.61411 -28.61411 -28.61413 -28.61416 -28.61421
 -28.56252 -28.56252 -28.56253 -28.56255 -28.56259
 -28.54276 -28.54276 -28.54277 -28.54278 -28.54280
 -28.54853 -28.54853 -28.54854 -28.54855 -28.54856
 -28.57570 -28.57570 -28.57570 -28.57571 -28.57572
 -28.61896 -28.61896 -28.61896 -28.61896 -28.61897
 --------------------/ IPRT= 1  / IGRD= 1  /PRB CALC/ Z1= 6   / DATE= 14.05.98  
 -40.00000 -40.00000 -40.00000 -40.00000 -40.00000
 -40.00000 -40.00000 -40.00000 -40.00000 -40.00000
 -40.00000 -40.00000 -40.00000 -40.00000 -40.00000
 -40.00000 -40.00000 -40.00000 -40.00000 -40.00000
 -40.00000 -40.00000 -40.00000 -40.00000 -40.00000
 -40.00000 -40.00000 -40.00000 -40.00000 -40.00000
 -40.00000 -40.00000 -40.00000 -40.00000 -40.00000
 -40.00000 -40.00000 -40.00000 -40.00000 -40.00000
 -40.00000 -40.00000 -40.00000 -40.00000 -40.00000
 -40.00000 -40.00000 -40.00000 -40.00000 -40.00000
 -40.00000 -40.00000 -40.00000 -40.00000 -40.00000
 -39.06366 -39.06499 -39.06683 -39.06973 -39.07539
 -36.50293 -36.50397 -36.50603 -36.50854 -36.51392
 -34.55097 -34.55183 -34.55299 -34.55550 -34.55987
 -33.06577 -33.06632 -33.06731 -33.06918 -33.07258
 -31.92929 -31.92967 -31.93042 -31.93165 -31.93298
 -31.05283 -31.05303 -31.05349 -31.05426 -31.05554
 -30.37408 -30.37422 -30.37454 -30.37508 -30.37597
 -29.84640 -29.84649 -29.84672 -29.84711 -29.84772
 -29.43484 -29.43489 -29.43502 -29.43527 -29.43562
 -29.11241 -29.11243 -29.11254 -29.11269 -29.11292
 -28.86185 -28.86185 -28.86193 -28.86204 -28.86220
 -28.67205 -28.67206 -28.67211 -28.67218 -28.67231
 -28.53624 -28.53623 -28.53627 -28.53631 -28.53641
 -28.44622 -28.44621 -28.44623 -28.44627 -28.44631
 -28.39478 -28.39478 -28.39480 -28.39482 -28.39485
 -28.37572 -28.37572 -28.37573 -28.37574 -28.37577
 -28.38270 -28.38270 -28.38270 -28.38272 -28.38273
 -28.40987 -28.40986 -28.40988 -28.40987 -28.40988
 -28.45367 -28.45367 -28.45367 -28.45368 -28.45369
 --------------------/ IPRT= 1  / IGRD= 1  /PRB CALC/ Z1= 7   / DATE= 14.05.98  
 -40.00000 -40.00000 -40.00000 -40.00000 -40.00000
 -40.00000 -40.00000 -40.00000 -40.00000 -40.00000
 -40.00000 -40.00000 -40.00000 -40.00000 -40.00000
 -40.00000 -40.00000 -40.00000 -40.00000 -40.00000
 -40.00000 -40.00000 -40.00000 -40.00000 -40.00000
 -40.00000 -40.00000 -40.00000 -40.00000 -40.00000
 -40.00000 -40.00000 -40.00000 -40.00000 -40.00000
 -40.00000 -40.00000 -40.00000 -40.00000 -40.00000
 -40.00000 -40.00000 -40.00000 -40.00000 -40.00000
 -40.00000 -40.00000 -40.00000 -40.00000 -40.00000
 -40.00000 -40.00000 -40.00000 -40.00000 -40.00000
 -38.72938 -38.72995 -38.73128 -38.73349 -38.73736
 -36.25362 -36.25426 -36.25576 -36.25836 -36.26271
 -34.35269 -34.35326 -34.35464 -34.35705 -34.36100
 -32.89635 -32.89667 -32.89773 -32.89943 -32.90210
 -31.77577 -31.77600 -31.77674 -31.77794 -31.77981
 -30.90771 -30.90782 -30.90841 -30.90927 -30.91059
 -30.23247 -30.23252 -30.23285 -30.23346 -30.23449
 -29.70684 -29.70686 -29.70711 -29.70748 -29.70823
 -29.29625 -29.29625 -29.29641 -29.29668 -29.29704
 -28.97466 -28.97465 -28.97476 -28.97494 -28.97522
 -28.72337 -28.72337 -28.72345 -28.72356 -28.72377
 -28.53238 -28.53238 -28.53242 -28.53250 -28.53266
 -28.39440 -28.39440 -28.39443 -28.39449 -28.39455
 -28.30415 -28.30415 -28.30416 -28.30419 -28.30425
 -28.25267 -28.25267 -28.25269 -28.25272 -28.25275
 -28.23384 -28.23385 -28.23384 -28.23387 -28.23390
 -28.24154 -28.24154 -28.24155 -28.24156 -28.24157
 -28.26963 -28.26963 -28.26963 -28.26964 -28.26966
 -28.31342 -28.31342 -28.31342 -28.31342 -28.31343
 --------------------/ IPRT= 1  / IGRD= 1  /PRB CALC/ Z1= 8   / DATE= 14.05.98  
 -40.00000 -40.00000 -40.00000 -40.00000 -40.00000
 -40.00000 -40.00000 -40.00000 -40.00000 -40.00000
 -40.00000 -40.00000 -40.00000 -40.00000 -40.00000
 -40.00000 -40.00000 -40.00000 -40.00000 -40.00000
 -40.00000 -40.00000 -40.00000 -40.00000 -40.00000
 -40.00000 -40.00000 -40.00000 -40.00000 -40.00000
 -40.00000 -40.00000 -40.00000 -40.00000 -40.00000
 -40.00000 -40.00000 -40.00000 -40.00000 -40.00000
 -40.00000 -40.00000 -40.00000 -40.00000 -40.00000
 -40.00000 -40.00000 -40.00000 -40.00000 -40.00000
 -40.00000 -40.00000 -40.00000 -40.00000 -40.00000
 -38.48603 -38.48628 -38.48749 -38.48936 -38.49230
 -36.06016 -36.06047 -36.06188 -36.06449 -36.06815
 -34.19083 -34.19097 -34.19234 -34.19425 -34.19871
 -32.75446 -32.75460 -32.75577 -32.75739 -32.76018
 -31.64570 -31.64569 -31.64645 -31.64797 -31.64984
 -30.78429 -30.78429 -30.78487 -30.78565 -30.78729
 -30.11210 -30.11210 -30.11245 -30.11306 -30.11422
 -29.58746 -29.58745 -29.58768 -29.58814 -29.58892
 -29.17735 -29.17736 -29.17748 -29.17776 -29.17819
 -28.85596 -28.85596 -28.85604 -28.85623 -28.85656
 -28.60485 -28.60485 -28.60491 -28.60504 -28.60527
 -28.41278 -28.41278 -28.41280 -28.41290 -28.41304
 -28.27342 -28.27342 -28.27344 -28.27349 -28.27359
 -28.18109 -28.18109 -28.18110 -28.18114 -28.18120
 -28.12980 -28.12980 -28.12981 -28.12983 -28.12988
 -28.11089 -28.11089 -28.11089 -28.11090 -28.11094
 -28.11870 -28.11871 -28.11871 -28.11872 -28.11875
 -28.14766 -28.14766 -28.14766 -28.14767 -28.14769
 -28.19207 -28.19207 -28.19207 -28.19208 -28.19208
 --------------------/ IPRT= 1  / IGRD= 1  /PRB CALC/ Z1= 9   / DATE= 14.05.98  
 -40.00000 -40.00000 -40.00000 -40.00000 -40.00000
 -40.00000 -40.00000 -40.00000 -40.00000 -40.00000
 -40.00000 -40.00000 -40.00000 -40.00000 -40.00000
 -40.00000 -40.00000 -40.00000 -40.00000 -40.00000
 -40.00000 -40.00000 -40.00000 -40.00000 -40.00000
 -40.00000 -40.00000 -40.00000 -40.00000 -40.00000
 -40.00000 -40.00000 -40.00000 -40.00000 -40.00000
 -40.00000 -40.00000 -40.00000 -40.00000 -40.00000
 -40.00000 -40.00000 -40.00000 -40.00000 -40.00000
 -40.00000 -40.00000 -40.00000 -40.00000 -40.00000
 -40.00000 -40.00000 -40.00000 -40.00000 -40.00000
 -38.06374 -38.06372 -38.06424 -38.06528 -38.06671
 -35.77946 -35.77946 -35.78038 -35.78202 -35.78477
 -33.99264 -33.99264 -33.99343 -33.99538 -33.99896
 -32.60005 -32.60004 -32.60078 -32.60259 -32.60603
 -31.51486 -31.51486 -31.51543 -31.51684 -31.51862
 -30.66625 -30.66625 -30.66656 -30.66751 -30.66916
 -30.00115 -30.00115 -30.00133 -30.00208 -30.00325
 -29.47935 -29.47935 -29.47946 -29.47986 -29.48081
 -29.07084 -29.07084 -29.07091 -29.07120 -29.07168
 -28.75013 -28.75013 -28.75015 -28.75039 -28.75072
 -28.49968 -28.49968 -28.49971 -28.49982 -28.50010
 -28.30752 -28.30751 -28.30751 -28.30761 -28.30774
 -28.16730 -28.16730 -28.16730 -28.16736 -28.16745
 -28.07352 -28.07352 -28.07352 -28.07357 -28.07365
 -28.02106 -28.02106 -28.02106 -28.02108 -28.02112
 -28.00240 -28.00240 -28.00240 -28.00241 -28.00244
 -28.01028 -28.01027 -28.01027 -28.01028 -28.01031
 -28.03941 -28.03941 -28.03941 -28.03942 -28.03943
 -28.08470 -28.08470 -28.08470 -28.08471 -28.08472
 --------------------/ IPRT= 1  / IGRD= 1  /PRB CALC/ Z1=10   / DATE= 14.05.98  
 -40.00000 -40.00000 -40.00000 -40.00000 -40.00000
 -40.00000 -40.00000 -40.00000 -40.00000 -40.00000
 -40.00000 -40.00000 -40.00000 -40.00000 -40.00000
 -40.00000 -40.00000 -40.00000 -40.00000 -40.00000
 -40.00000 -40.00000 -40.00000 -40.00000 -40.00000
 -40.00000 -40.00000 -40.00000 -40.00000 -40.00000
 -40.00000 -40.00000 -40.00000 -40.00000 -40.00000
 -40.00000 -40.00000 -40.00000 -40.00000 -40.00000
 -40.00000 -40.00000 -40.00000 -40.00000 -40.00000
 -40.00000 -40.00000 -40.00000 -40.00000 -40.00000
 -40.00000 -40.00000 -40.00000 -40.00000 -40.00000
 -37.68726 -37.68724 -37.68747 -37.68808 -37.68882
 -35.50413 -35.50412 -35.50457 -35.50560 -35.50763
 -33.79247 -33.79247 -33.79301 -33.79461 -33.79743
 -32.44592 -32.44592 -32.44633 -32.44818 -32.45113
 -31.38785 -31.38785 -31.38816 -31.38934 -31.39135
 -30.55476 -30.55476 -30.55488 -30.55597 -30.55757
 -29.89840 -29.89840 -29.89849 -29.89919 -29.90045
 -29.38145 -29.38145 -29.38144 -29.38195 -29.38289
 -28.97469 -28.97469 -28.97469 -28.97505 -28.97552
 -28.65512 -28.65511 -28.65512 -28.65530 -28.65570
 -28.40512 -28.40512 -28.40512 -28.40524 -28.40552
 -28.21353 -28.21353 -28.21353 -28.21362 -28.21377
 -28.07279 -28.07279 -28.07279 -28.07284 -28.07296
 -27.97823 -27.97823 -27.97823 -27.97826 -27.97832
 -27.92415 -27.92414 -27.92414 -27.92417 -27.92421
 -27.90528 -27.90528 -27.90528 -27.90529 -27.90533
 -27.91314 -27.91314 -27.91314 -27.91314 -27.91316
 -27.94246 -27.94246 -27.94246 -27.94246 -27.94248
 -27.98820 -27.98820 -27.98820 -27.98820 -27.98821
 --------------------/ IPRT= 1  / IGRD= 1  /PRB CALC/ Z1=11   / DATE= 14.05.98  
 -40.00000 -40.00000 -40.00000 -40.00000 -40.00000
 -40.00000 -40.00000 -40.00000 -40.00000 -40.00000
 -40.00000 -40.00000 -40.00000 -40.00000 -40.00000
 -40.00000 -40.00000 -40.00000 -40.00000 -40.00000
 -40.00000 -40.00000 -40.00000 -40.00000 -40.00000
 -40.00000 -40.00000 -40.00000 -40.00000 -40.00000
 -40.00000 -40.00000 -40.00000 -40.00000 -40.00000
 -40.00000 -40.00000 -40.00000 -40.00000 -40.00000
 -40.00000 -40.00000 -40.00000 -40.00000 -40.00000
 -40.00000 -40.00000 -40.00000 -40.00000 -40.00000
 -40.00000 -40.00000 -40.00000 -40.00000 -40.00000
 -37.31560 -37.31559 -37.31564 -37.31600 -37.31658
 -35.22608 -35.22607 -35.22626 -35.22700 -35.22825
 -33.58809 -33.58809 -33.58823 -33.58967 -33.59179
 -32.29172 -32.29172 -32.29190 -32.29326 -32.29599
 -31.26371 -31.26371 -31.26369 -31.26505 -31.26747
 -30.44832 -30.44832 -30.44832 -30.44942 -30.45093
 -29.80221 -29.80221 -29.80221 -29.80282 -29.80417
 -29.29115 -29.29115 -29.29116 -29.29161 -29.29255
 -28.88706 -28.88706 -28.88706 -28.88732 -28.88787
 -28.56878 -28.56878 -28.56878 -28.56895 -28.56936
 -28.31941 -28.31941 -28.31941 -28.31953 -28.31982
 -28.12831 -28.12831 -28.12831 -28.12836 -28.12853
 -27.98769 -27.98769 -27.98769 -27.98773 -27.98785
 -27.89243 -27.89243 -27.89243 -27.89245 -27.89252
 -27.83735 -27.83735 -27.83735 -27.83736 -27.83741
 -27.81721 -27.81721 -27.81721 -27.81722 -27.81726
 -27.82538 -27.82537 -27.82537 -27.82538 -27.82541
 -27.85464 -27.85464 -27.85464 -27.85464 -27.85466
 -27.90051 -27.90051 -27.90051 -27.90051 -27.90052
 --------------------/ IPRT= 1  / IGRD= 1  /PRB CALC/ Z1=12   / DATE= 14.05.98  
 -40.00000 -40.00000 -40.00000 -40.00000 -40.00000
 -40.00000 -40.00000 -40.00000 -40.00000 -40.00000
 -40.00000 -40.00000 -40.00000 -40.00000 -40.00000
 -40.00000 -40.00000 -40.00000 -40.00000 -40.00000
 -40.00000 -40.00000 -40.00000 -40.00000 -40.00000
 -40.00000 -40.00000 -40.00000 -40.00000 -40.00000
 -40.00000 -40.00000 -40.00000 -40.00000 -40.00000
 -40.00000 -40.00000 -40.00000 -40.00000 -40.00000
 -40.00000 -40.00000 -40.00000 -40.00000 -40.00000
 -40.00000 -40.00000 -40.00000 -40.00000 -40.00000
 -39.53612 -39.53619 -39.53627 -39.53635 -39.53645
 -36.95166 -36.95165 -36.95166 -36.95186 -36.95213
 -34.94912 -34.94912 -34.94915 -34.94967 -34.95062
 -33.38145 -33.38145 -33.38144 -33.38254 -33.38411
 -32.13732 -32.13732 -32.13732 -32.13852 -32.14078
 -31.14109 -31.14109 -31.14108 -31.14220 -31.14436
 -30.34551 -30.34550 -30.34551 -30.34621 -30.34788
 -29.71105 -29.71105 -29.71105 -29.71159 -29.71289
 -29.20668 -29.20668 -29.20668 -29.20706 -29.20800
 -28.80632 -28.80632 -28.80632 -28.80651 -28.80709
 -28.48947 -28.48947 -28.48947 -28.48959 -28.49002
 -28.24103 -28.24102 -28.24102 -28.24109 -28.24133
 -28.05029 -28.05029 -28.05029 -28.05032 -28.05050
 -27.91009 -27.91009 -27.91009 -27.91011 -27.91024
 -27.81440 -27.81440 -27.81440 -27.81441 -27.81448
 -27.75864 -27.75864 -27.75864 -27.75864 -27.75870
 -27.73727 -27.73726 -27.73726 -27.73726 -27.73730
 -27.74519 -27.74519 -27.74519 -27.74519 -27.74520
 -27.77443 -27.77443 -27.77443 -27.77443 -27.77445
 -27.82043 -27.82043 -27.82043 -27.82043 -27.82044
 --------------------/ IPRT= 1  / IGRD= 1  /PRB CALC/ Z1=13   / DATE= 14.05.98  
 -40.00000 -40.00000 -40.00000 -40.00000 -40.00000
 -40.00000 -40.00000 -40.00000 -40.00000 -40.00000
 -40.00000 -40.00000 -40.00000 -40.00000 -40.00000
 -40.00000 -40.00000 -40.00000 -40.00000 -40.00000
 -40.00000 -40.00000 -40.00000 -40.00000 -40.00000
 -40.00000 -40.00000 -40.00000 -40.00000 -40.00000
 -40.00000 -40.00000 -40.00000 -40.00000 -40.00000
 -40.00000 -40.00000 -40.00000 -40.00000 -40.00000
 -40.00000 -40.00000 -40.00000 -40.00000 -40.00000
 -40.00000 -40.00000 -40.00000 -40.00000 -40.00000
 -39.07532 -39.07533 -39.07532 -39.07533 -39.07534
 -36.59631 -36.59631 -36.59631 -36.59639 -36.59656
 -34.67565 -34.67565 -34.67566 -34.67596 -34.67669
 -33.17443 -33.17443 -33.17442 -33.17514 -33.17627
 -31.98154 -31.98154 -31.98155 -31.98233 -31.98428
 -31.02016 -31.02016 -31.02015 -31.02102 -31.02313
 -30.24529 -30.24529 -30.24529 -30.24582 -30.24742
 -29.62365 -29.62365 -29.62365 -29.62409 -29.62534
 -29.12692 -29.12692 -29.12692 -29.12710 -29.12815
 -28.73107 -28.73106 -28.73106 -28.73122 -28.73179
 -28.41603 -28.41603 -28.41603 -28.41611 -28.41654
 -28.16861 -28.16861 -28.16861 -28.16864 -28.16897
 -27.97834 -27.97834 -27.97834 -27.97834 -27.97853
 -27.83863 -27.83863 -27.83863 -27.83863 -27.83877
 -27.74295 -27.74295 -27.74295 -27.74296 -27.74303
 -27.68658 -27.68658 -27.68658 -27.68658 -27.68663
 -27.66421 -27.66421 -27.66421 -27.66421 -27.66424
 -27.67117 -27.67117 -27.67117 -27.67117 -27.67119
 -27.70077 -27.70077 -27.70077 -27.70077 -27.70078
 -27.74676 -27.74676 -27.74676 -27.74676 -27.74677
 --------------------/ IPRT= 1  / IGRD= 1  /PRB CALC/ Z1=14   / DATE= 14.05.98  
 -40.00000 -40.00000 -40.00000 -40.00000 -40.00000
 -40.00000 -40.00000 -40.00000 -40.00000 -40.00000
 -40.00000 -40.00000 -40.00000 -40.00000 -40.00000
 -40.00000 -40.00000 -40.00000 -40.00000 -40.00000
 -40.00000 -40.00000 -40.00000 -40.00000 -40.00000
 -40.00000 -40.00000 -40.00000 -40.00000 -40.00000
 -40.00000 -40.00000 -40.00000 -40.00000 -40.00000
 -40.00000 -40.00000 -40.00000 -40.00000 -40.00000
 -40.00000 -40.00000 -40.00000 -40.00000 -40.00000
 -40.00000 -40.00000 -40.00000 -40.00000 -40.00000
 -38.62446 -38.62443 -38.62439 -38.62436 -38.62433
 -36.24939 -36.24939 -36.24939 -36.24943 -36.24952
 -34.40691 -34.40691 -34.40691 -34.40708 -34.40750
 -32.96848 -32.96849 -32.96849 -32.96893 -32.97002
 -31.82527 -31.82526 -31.82526 -31.82577 -31.82733
 -30.89976 -30.89976 -30.89976 -30.90030 -30.90221
 -30.14697 -30.14697 -30.14697 -30.14732 -30.14881
 -29.53922 -29.53922 -29.53922 -29.53952 -29.54073
 -29.05093 -29.05093 -29.05093 -29.05101 -29.05206
 -28.66001 -28.66001 -28.66001 -28.66009 -28.66070
 -28.34774 -28.34774 -28.34774 -28.34774 -28.34821
 -28.10129 -28.10129 -28.10129 -28.10129 -28.10162
 -27.91167 -27.91167 -27.91167 -27.91167 -27.91184
 -27.77219 -27.77219 -27.77219 -27.77219 -27.77230
 -27.67688 -27.67688 -27.67688 -27.67688 -27.67695
 -27.62006 -27.62006 -27.62006 -27.62006 -27.62010
 -27.59713 -27.59713 -27.59713 -27.59713 -27.59716
 -27.60291 -27.60291 -27.60291 -27.60291 -27.60293
 -27.63250 -27.63250 -27.63250 -27.63250 -27.63250
 -27.67841 -27.67841 -27.67841 -27.67841 -27.67841
 --------------------/ IPRT= 1  / IGRD= 1  /PRB CALC/ Z1=15   / DATE= 14.05.98  
 -40.00000 -40.00000 -40.00000 -40.00000 -40.00000
 -40.00000 -40.00000 -40.00000 -40.00000 -40.00000
 -40.00000 -40.00000 -40.00000 -40.00000 -40.00000
 -40.00000 -40.00000 -40.00000 -40.00000 -40.00000
 -40.00000 -40.00000 -40.00000 -40.00000 -40.00000
 -40.00000 -40.00000 -40.00000 -40.00000 -40.00000
 -40.00000 -40.00000 -40.00000 -40.00000 -40.00000
 -40.00000 -40.00000 -40.00000 -40.00000 -40.00000
 -40.00000 -40.00000 -40.00000 -40.00000 -40.00000
 -40.00000 -40.00000 -40.00000 -40.00000 -40.00000
 -38.15807 -38.15804 -38.15800 -38.15796 -38.15794
 -35.89297 -35.89297 -35.89297 -35.89300 -35.89304
 -34.13134 -34.13134 -34.13134 -34.13142 -34.13168
 -32.75673 -32.75673 -32.75673 -32.75697 -32.75776
 -31.66446 -31.66446 -31.66446 -31.66473 -31.66606
 -30.77702 -30.77702 -30.77702 -30.77735 -30.77896
 -30.04865 -30.04865 -30.04865 -30.04881 -30.05057
 -29.45634 -29.45634 -29.45634 -29.45641 -29.45759
 -28.97750 -28.97750 -28.97750 -28.97751 -28.97851
 -28.59225 -28.59225 -28.59225 -28.59225 -28.59286
 -28.28334 -28.28334 -28.28334 -28.28334 -28.28375
 -28.03823 -28.03823 -28.03823 -28.03823 -28.03852
 -27.84938 -27.84938 -27.84938 -27.84938 -27.84953
 -27.71024 -27.71023 -27.71023 -27.71024 -27.71033
 -27.61528 -27.61527 -27.61527 -27.61527 -27.61532
 -27.55834 -27.55834 -27.55835 -27.55835 -27.55839
 -27.53490 -27.53490 -27.53490 -27.53490 -27.53490
 -27.53980 -27.53979 -27.53979 -27.53979 -27.53981
 -27.56870 -27.56870 -27.56870 -27.56870 -27.56870
 -27.61483 -27.61483 -27.61483 -27.61483 -27.61483
 --------------------/ IPRT= 1  / IGRD= 1  /PRB CALC/ Z1=16   / DATE= 14.05.98  
 -40.00000 -40.00000 -40.00000 -40.00000 -40.00000
 -40.00000 -40.00000 -40.00000 -40.00000 -40.00000
 -40.00000 -40.00000 -40.00000 -40.00000 -40.00000
 -40.00000 -40.00000 -40.00000 -40.00000 -40.00000
 -40.00000 -40.00000 -40.00000 -40.00000 -40.00000
 -40.00000 -40.00000 -40.00000 -40.00000 -40.00000
 -40.00000 -40.00000 -40.00000 -40.00000 -40.00000
 -40.00000 -40.00000 -40.00000 -40.00000 -40.00000
 -40.00000 -40.00000 -40.00000 -40.00000 -40.00000
 -40.00000 -40.00000 -40.00000 -40.00000 -40.00000
 -37.71968 -37.71967 -37.71967 -37.71967 -37.71968
 -35.55787 -35.55786 -35.55785 -35.55787 -35.55790
 -33.87086 -33.87086 -33.87086 -33.87090 -33.87105
 -32.55399 -32.55399 -32.55399 -32.55412 -32.55466
 -31.50807 -31.50806 -31.50806 -31.50818 -31.50948
 -30.65633 -30.65634 -30.65634 -30.65646 -30.65780
 -29.95295 -29.95295 -29.95295 -29.95295 -29.95452
 -29.37581 -29.37581 -29.37581 -29.37581 -29.37702
 -28.90687 -28.90687 -28.90687 -28.90687 -28.90773
 -28.52772 -28.52772 -28.52772 -28.52771 -28.52821
 -28.22244 -28.22244 -28.22244 -28.22244 -28.22279
 -27.97896 -27.97896 -27.97896 -27.97896 -27.97919
 -27.79096 -27.79097 -27.79097 -27.79097 -27.79108
 -27.65223 -27.65223 -27.65223 -27.65223 -27.65231
 -27.55761 -27.55761 -27.55761 -27.55761 -27.55765
 -27.50076 -27.50076 -27.50076 -27.50077 -27.50079
 -27.47685 -27.47685 -27.47685 -27.47685 -27.47686
 -27.48108 -27.48107 -27.48107 -27.48107 -27.48108
 -27.50915 -27.50915 -27.50915 -27.50915 -27.50915
 -27.55541 -27.55541 -27.55541 -27.55541 -27.55541
 --------------------/ IPRT= 1  / IGRD= 1  /PRB CALC/ Z1=17   / DATE= 14.05.98  
 -40.00000 -40.00000 -40.00000 -40.00000 -40.00000
 -40.00000 -40.00000 -40.00000 -40.00000 -40.00000
 -40.00000 -40.00000 -40.00000 -40.00000 -40.00000
 -40.00000 -40.00000 -40.00000 -40.00000 -40.00000
 -40.00000 -40.00000 -40.00000 -40.00000 -40.00000
 -40.00000 -40.00000 -40.00000 -40.00000 -40.00000
 -40.00000 -40.00000 -40.00000 -40.00000 -40.00000
 -40.00000 -40.00000 -40.00000 -40.00000 -40.00000
 -40.00000 -40.00000 -40.00000 -40.00000 -40.00000
 -39.89095 -39.89102 -39.89111 -39.89124 -39.89138
 -37.28855 -37.28856 -37.28856 -37.28857 -37.28858
 -35.22922 -35.22922 -35.22922 -35.22923 -35.22923
 -33.61560 -33.61560 -33.61560 -33.61561 -33.61575
 -32.35443 -32.35443 -32.35443 -32.35447 -32.35485
 -31.35293 -31.35293 -31.35293 -31.35292 -31.35389
 -30.53598 -30.53597 -30.53597 -30.53598 -30.53732
 -29.85822 -29.85822 -29.85822 -29.85822 -29.85945
 -29.29672 -29.29672 -29.29672 -29.29672 -29.29770
 -28.83828 -28.83828 -28.83828 -28.83828 -28.83897
 -28.46568 -28.46568 -28.46568 -28.46568 -28.46621
 -28.16431 -28.16431 -28.16431 -28.16431 -28.16456
 -27.92311 -27.92311 -27.92311 -27.92311 -27.92329
 -27.73588 -27.73588 -27.73588 -27.73588 -27.73594
 -27.59770 -27.59770 -27.59770 -27.59770 -27.59777
 -27.50327 -27.50327 -27.50327 -27.50327 -27.50329
 -27.44673 -27.44673 -27.44673 -27.44673 -27.44675
 -27.42245 -27.42245 -27.42245 -27.42245 -27.42245
 -27.42622 -27.42622 -27.42622 -27.42622 -27.42622
 -27.45338 -27.45338 -27.45338 -27.45338 -27.45338
 -27.49963 -27.49963 -27.49963 -27.49963 -27.49963
 --------------------/ IPRT= 1  / IGRD= 1  /PRB CALC/ Z1=18   / DATE= 14.05.98  
 -40.00000 -40.00000 -40.00000 -40.00000 -40.00000
 -40.00000 -40.00000 -40.00000 -40.00000 -40.00000
 -40.00000 -40.00000 -40.00000 -40.00000 -40.00000
 -40.00000 -40.00000 -40.00000 -40.00000 -40.00000
 -40.00000 -40.00000 -40.00000 -40.00000 -40.00000
 -40.00000 -40.00000 -40.00000 -40.00000 -40.00000
 -40.00000 -40.00000 -40.00000 -40.00000 -40.00000
 -40.00000 -40.00000 -40.00000 -40.00000 -40.00000
 -40.00000 -40.00000 -40.00000 -40.00000 -40.00000
 -39.31956 -39.31956 -39.31956 -39.31956 -39.31956
 -36.86364 -36.86364 -36.86364 -36.86364 -36.86364
 -34.90642 -34.90642 -34.90642 -34.90642 -34.90643
 -33.36527 -33.36527 -33.36527 -33.36527 -33.36535
 -32.15820 -32.15820 -32.15820 -32.15820 -32.15853
 -31.19940 -31.19940 -31.19940 -31.19940 -31.20005
 -30.41623 -30.41622 -30.41622 -30.41622 -30.41720
 -29.76382 -29.76381 -29.76381 -29.76381 -29.76475
 -29.21919 -29.21919 -29.21919 -29.21919 -29.22010
 -28.77140 -28.77141 -28.77141 -28.77140 -28.77190
 -28.40572 -28.40572 -28.40572 -28.40572 -28.40614
 -28.10864 -28.10864 -28.10864 -28.10864 -28.10881
 -27.87003 -27.87003 -27.87003 -27.87003 -27.87017
 -27.68373 -27.68373 -27.68373 -27.68373 -27.68379
 -27.54616 -27.54616 -27.54616 -27.54616 -27.54620
 -27.45196 -27.45195 -27.45195 -27.45196 -27.45196
 -27.39575 -27.39575 -27.39575 -27.39575 -27.39575
 -27.37138 -27.37137 -27.37137 -27.37138 -27.37138
 -27.37470 -27.37470 -27.37470 -27.37470 -27.37470
 -27.40106 -27.40106 -27.40106 -27.40106 -27.40106
 -27.44676 -27.44676 -27.44676 -27.44676 -27.44676
 --------------------/ IPRT= 1  / IGRD= 1  /PRB CALC/ Z1=19   / DATE= 14.05.98  
 -40.00000 -40.00000 -40.00000 -40.00000 -40.00000
 -40.00000 -40.00000 -40.00000 -40.00000 -40.00000
 -40.00000 -40.00000 -40.00000 -40.00000 -40.00000
 -40.00000 -40.00000 -40.00000 -40.00000 -40.00000
 -40.00000 -40.00000 -40.00000 -40.00000 -40.00000
 -40.00000 -40.00000 -40.00000 -40.00000 -40.00000
 -40.00000 -40.00000 -40.00000 -40.00000 -40.00000
 -40.00000 -40.00000 -40.00000 -40.00000 -40.00000
 -39.57388 -39.57389 -39.57389 -39.57390 -39.57391
 -37.33459 -37.33459 -37.33459 -37.33461 -37.33461
 -35.44453 -35.44453 -35.44453 -35.44453 -35.44453
 -33.87933 -33.87933 -33.87933 -33.87933 -33.87933
 -32.61511 -32.61510 -32.61510 -32.61510 -32.61511
 -31.61285 -31.61284 -31.61284 -31.61284 -31.61294
 -30.81281 -30.81281 -30.81281 -30.81281 -30.81308
 -30.15124 -30.15124 -30.15124 -30.15124 -30.15179
 -29.58479 -29.58479 -29.58479 -29.58480 -29.58534
 -29.09500 -29.09500 -29.09500 -29.09500 -29.09557
 -28.67918 -28.67918 -28.67918 -28.67918 -28.67967
 -28.33216 -28.33216 -28.33216 -28.33216 -28.33242
 -28.04596 -28.04596 -28.04596 -28.04596 -28.04613
 -27.81369 -27.81369 -27.81369 -27.81369 -27.81377
 -27.63078 -27.63078 -27.63078 -27.63078 -27.63080
 -27.49503 -27.49503 -27.49503 -27.49503 -27.49503
 -27.40192 -27.40192 -27.40192 -27.40192 -27.40192
 -27.34642 -27.34642 -27.34642 -27.34642 -27.34642
 -27.32247 -27.32247 -27.32247 -27.32247 -27.32247
 -27.32559 -27.32560 -27.32560 -27.32560 -27.32560
 -27.35155 -27.35155 -27.35155 -27.35155 -27.35155
 -27.39655 -27.39655 -27.39655 -27.39655 -27.39655
 --------------------/ IPRT= 1  / IGRD= 1  /PRB CALC/ Z1=20   / DATE= 14.05.98  
 -40.00000 -40.00000 -40.00000 -40.00000 -40.00000
 -40.00000 -40.00000 -40.00000 -40.00000 -40.00000
 -40.00000 -40.00000 -40.00000 -40.00000 -40.00000
 -40.00000 -40.00000 -40.00000 -40.00000 -40.00000
 -40.00000 -40.00000 -40.00000 -40.00000 -40.00000
 -40.00000 -40.00000 -40.00000 -40.00000 -40.00000
 -40.00000 -40.00000 -40.00000 -40.00000 -40.00000
 -40.00000 -40.00000 -40.00000 -40.00000 -40.00000
 -38.71359 -38.71359 -38.71360 -38.71359 -38.71360
 -36.71495 -36.71495 -36.71496 -36.71496 -36.71496
 -34.99060 -34.99060 -34.99060 -34.99060 -34.99060
 -33.53961 -33.53961 -33.53961 -33.53961 -33.53960
 -32.35458 -32.35458 -32.35458 -32.35458 -32.35458
 -31.40862 -31.40862 -31.40862 -31.40862 -31.40867
 -30.65097 -30.65097 -30.65097 -30.65097 -30.65114
 -30.02335 -30.02335 -30.02335 -30.02335 -30.02369
 -29.48412 -29.48412 -29.48412 -29.48412 -29.48465
 -29.01483 -29.01483 -29.01483 -29.01483 -29.01518
 -28.61214 -28.61214 -28.61214 -28.61214 -28.61245
 -28.27394 -28.27394 -28.27394 -28.27394 -28.27407
 -27.99330 -27.99330 -27.99330 -27.99330 -27.99336
 -27.76439 -27.76439 -27.76439 -27.76439 -27.76439
 -27.58330 -27.58330 -27.58330 -27.58330 -27.58330
 -27.44834 -27.44834 -27.44834 -27.44834 -27.44834
 -27.35569 -27.35569 -27.35569 -27.35568 -27.35569
 -27.30042 -27.30043 -27.30043 -27.30043 -27.30042
 -27.27667 -27.27667 -27.27667 -27.27667 -27.27667
 -27.27953 -27.27953 -27.27953 -27.27953 -27.27953
 -27.30505 -27.30505 -27.30505 -27.30505 -27.30505
 -27.34931 -27.34931 -27.34931 -27.34931 -27.34931
 --------------------/ IPRT= 1  / IGRD= 1  /PRB CALC/ Z1=21   / DATE= 14.05.98  
 -40.00000 -40.00000 -40.00000 -40.00000 -40.00000
 -40.00000 -40.00000 -40.00000 -40.00000 -40.00000
 -40.00000 -40.00000 -40.00000 -40.00000 -40.00000
 -40.00000 -40.00000 -40.00000 -40.00000 -40.00000
 -40.00000 -40.00000 -40.00000 -40.00000 -40.00000
 -40.00000 -40.00000 -40.00000 -40.00000 -40.00000
 -40.00000 -40.00000 -40.00000 -40.00000 -40.00000
 -39.85730 -39.85721 -39.85711 -39.85700 -39.85691
 -37.85756 -37.85757 -37.85757 -37.85758 -37.85758
 -36.09959 -36.09960 -36.09960 -36.09960 -36.09960
 -34.54097 -34.54097 -34.54097 -34.54097 -34.54097
 -33.20414 -33.20414 -33.20414 -33.20414 -33.20414
 -32.09814 -32.09814 -32.09814 -32.09814 -32.09815
 -31.20802 -31.20801 -31.20801 -31.20801 -31.20803
 -30.49183 -30.49183 -30.49183 -30.49183 -30.49197
 -29.89701 -29.89701 -29.89701 -29.89701 -29.89720
 -29.38423 -29.38423 -29.38423 -29.38423 -29.38454
 -28.93541 -28.93541 -28.93541 -28.93541 -28.93567
 -28.54604 -28.54604 -28.54604 -28.54604 -28.54622
 -28.21701 -28.21701 -28.21701 -28.21701 -28.21703
 -27.94218 -27.94218 -27.94218 -27.94218 -27.94219
 -27.71684 -27.71684 -27.71684 -27.71684 -27.71684
 -27.53787 -27.53787 -27.53787 -27.53787 -27.53787
 -27.40375 -27.40375 -27.40375 -27.40375 -27.40375
 -27.31164 -27.31165 -27.31164 -27.31164 -27.31164
 -27.25660 -27.25661 -27.25660 -27.25660 -27.25661
 -27.23311 -27.23311 -27.23311 -27.23311 -27.23311
 -27.23579 -27.23579 -27.23579 -27.23579 -27.23579
 -27.26095 -27.26095 -27.26095 -27.26095 -27.26095
 -27.30456 -27.30456 -27.30456 -27.30456 -27.30456
 --------------------/ IPRT= 1  / IGRD= 1  /PRB CALC/ Z1=22   / DATE= 14.05.98  
 -40.00000 -40.00000 -40.00000 -40.00000 -40.00000
 -40.00000 -40.00000 -40.00000 -40.00000 -40.00000
 -40.00000 -40.00000 -40.00000 -40.00000 -40.00000
 -40.00000 -40.00000 -40.00000 -40.00000 -40.00000
 -40.00000 -40.00000 -40.00000 -40.00000 -40.00000
 -40.00000 -40.00000 -40.00000 -40.00000 -40.00000
 -40.00000 -40.00000 -40.00000 -40.00000 -40.00000
 -38.65228 -38.65290 -38.65346 -38.65392 -38.65429
 -37.00513 -37.00518 -37.00524 -37.00528 -37.00532
 -35.48809 -35.48810 -35.48810 -35.48810 -35.48811
 -34.09519 -34.09518 -34.09518 -34.09518 -34.09519
 -32.87251 -32.87251 -32.87251 -32.87251 -32.87251
 -31.84545 -31.84545 -31.84545 -31.84545 -31.84545
 -31.01078 -31.01078 -31.01078 -31.01078 -31.01080
 -30.33531 -30.33531 -30.33531 -30.33531 -30.33537
 -29.77233 -29.77233 -29.77233 -29.77233 -29.77248
 -29.28518 -29.28518 -29.28518 -29.28518 -29.28533
 -28.85645 -28.85645 -28.85645 -28.85645 -28.85653
 -28.48092 -28.48092 -28.48092 -28.48092 -28.48092
 -28.16116 -28.16116 -28.16116 -28.16116 -28.16115
 -27.89241 -27.89241 -27.89241 -27.89241 -27.89241
 -27.67085 -27.67086 -27.67086 -27.67086 -27.67085
 -27.49429 -27.49429 -27.49429 -27.49429 -27.49429
 -27.36107 -27.36107 -27.36107 -27.36107 -27.36107
 -27.26956 -27.26955 -27.26955 -27.26955 -27.26956
 -27.21475 -27.21474 -27.21474 -27.21474 -27.21474
 -27.19156 -27.19155 -27.19155 -27.19155 -27.19156
 -27.19416 -27.19416 -27.19416 -27.19416 -27.19416
 -27.21902 -27.21902 -27.21902 -27.21902 -27.21902
 -27.26204 -27.26204 -27.26204 -27.26204 -27.26204
 --------------------/ IPRT= 1  / IGRD= 1  /PRB CALC/ Z1=23   / DATE= 14.05.98  
 -40.00000 -40.00000 -40.00000 -40.00000 -40.00000
 -40.00000 -40.00000 -40.00000 -40.00000 -40.00000
 -40.00000 -40.00000 -40.00000 -40.00000 -40.00000
 -40.00000 -40.00000 -40.00000 -40.00000 -40.00000
 -40.00000 -40.00000 -40.00000 -40.00000 -40.00000
 -38.90096 -38.98453 -39.07503 -39.17014 -39.26719
 -37.76299 -37.82766 -37.89462 -37.96113 -38.02447
 -36.82881 -36.86217 -36.89432 -36.92381 -36.94967
 -35.82567 -35.83367 -35.84098 -35.84735 -35.85268
 -34.67564 -34.67654 -34.67735 -34.67804 -34.67862
 -33.51265 -33.51273 -33.51280 -33.51286 -33.51290
 -32.44569 -32.44570 -32.44570 -32.44571 -32.44571
 -31.52608 -31.52608 -31.52608 -31.52608 -31.52608
 -30.76690 -30.76690 -30.76690 -30.76690 -30.76691
 -30.14664 -30.14664 -30.14664 -30.14664 -30.14667
 -29.62621 -29.62621 -29.62621 -29.62621 -29.62629
 -29.17258 -29.17258 -29.17258 -29.17258 -29.17258
 -28.76935 -28.76934 -28.76934 -28.76935 -28.76935
 -28.41214 -28.41214 -28.41214 -28.41214 -28.41214
 -28.10342 -28.10342 -28.10342 -28.10342 -28.10342
 -27.84215 -27.84215 -27.84215 -27.84215 -27.84215
 -27.62532 -27.62532 -27.62532 -27.62532 -27.62532
 -27.45161 -27.45160 -27.45160 -27.45160 -27.45160
 -27.31973 -27.31973 -27.31973 -27.31973 -27.31973
 -27.22896 -27.22896 -27.22896 -27.22896 -27.22896
 -27.17456 -27.17456 -27.17456 -27.17456 -27.17456
 -27.15170 -27.15170 -27.15170 -27.15170 -27.15170
 -27.15443 -27.15443 -27.15443 -27.15443 -27.15443
 -27.17896 -27.17896 -27.17896 -27.17896 -27.17896
 -27.22151 -27.22151 -27.22151 -27.22151 -27.22151
 --------------------/ IPRT= 1  / IGRD= 1  /PRB CALC/ Z1=24   / DATE= 14.05.98  
 -40.00000 -40.00000 -40.00000 -40.00000 -40.00000
 -40.00000 -40.00000 -40.00000 -40.00000 -40.00000
 -40.00000 -40.00000 -40.00000 -40.00000 -40.00000
 -40.00000 -40.00000 -40.00000 -40.00000 -40.00000
 -38.18258 -38.23670 -38.29115 -38.34348 -38.39158
 -36.81425 -36.88206 -36.95293 -37.02410 -37.09276
 -35.89507 -35.96471 -36.03816 -36.11267 -36.18537
 -35.27857 -35.33992 -35.40353 -35.46672 -35.52684
 -34.74982 -34.78624 -34.82192 -34.85518 -34.88481
 -34.00664 -34.01552 -34.02370 -34.03089 -34.03694
 -33.05548 -33.05651 -33.05746 -33.05827 -33.05896
 -32.11132 -32.11143 -32.11152 -32.11160 -32.11167
 -31.27363 -31.27364 -31.27366 -31.27367 -31.27367
 -30.57129 -30.57129 -30.57129 -30.57130 -30.57130
 -29.99190 -29.99190 -29.99190 -29.99190 -29.99192
 -29.50260 -29.50260 -29.50260 -29.50260 -29.50260
 -29.07382 -29.07381 -29.07381 -29.07381 -29.07381
 -28.69033 -28.69032 -28.69032 -28.69032 -28.69032
 -28.34809 -28.34809 -28.34809 -28.34809 -28.34809
 -28.04898 -28.04898 -28.04898 -28.04898 -28.04897
 -27.79437 -27.79437 -27.79437 -27.79437 -27.79437
 -27.58186 -27.58186 -27.58186 -27.58186 -27.58186
 -27.41078 -27.41077 -27.41077 -27.41078 -27.41078
 -27.28047 -27.28047 -27.28047 -27.28047 -27.28047
 -27.19021 -27.19020 -27.19020 -27.19020 -27.19021
 -27.13621 -27.13621 -27.13621 -27.13621 -27.13621
 -27.11347 -27.11347 -27.11347 -27.11347 -27.11347
 -27.11646 -27.11646 -27.11646 -27.11646 -27.11646
 -27.14070 -27.14070 -27.14070 -27.14070 -27.14070
 -27.18296 -27.18296 -27.18296 -27.18296 -27.18296
 --------------------/ IPRT= 1  / IGRD= 1  /PRB CALC/ Z1=25   / DATE= 14.05.98  
 -33.15682 -33.15681 -33.15681 -33.15681 -33.15682
 -33.22624 -33.22623 -33.22623 -33.22623 -33.22624
 -33.29023 -33.29023 -33.29023 -33.29023 -33.29023
 -33.34546 -33.34546 -33.34546 -33.34546 -33.34546
 -33.38627 -33.38627 -33.38627 -33.38627 -33.38627
 -33.40300 -33.40300 -33.40300 -33.40300 -33.40300
 -33.37768 -33.37768 -33.37768 -33.37768 -33.37768
 -33.27586 -33.27586 -33.27586 -33.27586 -33.27586
 -33.03952 -33.03952 -33.03952 -33.03952 -33.03952
 -32.61491 -32.61491 -32.61491 -32.61491 -32.61491
 -32.02545 -32.02545 -32.02545 -32.02545 -32.02544
 -31.36643 -31.36643 -31.36643 -31.36643 -31.36643
 -30.72975 -30.72975 -30.72975 -30.72975 -30.72975
 -30.16850 -30.16850 -30.16850 -30.16850 -30.16850
 -29.69151 -29.69151 -29.69151 -29.69151 -29.69151
 -29.27987 -29.27987 -29.27987 -29.27987 -29.27988
 -28.91105 -28.91105 -28.91105 -28.91105 -28.91104
 -28.57224 -28.57224 -28.57224 -28.57224 -28.57224
 -28.26132 -28.26132 -28.26132 -28.26132 -28.26132
 -27.98195 -27.98195 -27.98195 -27.98195 -27.98195
 -27.73967 -27.73967 -27.73967 -27.73967 -27.73967
 -27.53479 -27.53479 -27.53479 -27.53479 -27.53479
 -27.36830 -27.36830 -27.36830 -27.36830 -27.36830
 -27.24076 -27.24076 -27.24076 -27.24076 -27.24075
 -27.15178 -27.15178 -27.15178 -27.15178 -27.15178
 -27.09859 -27.09859 -27.09859 -27.09859 -27.09859
 -27.07628 -27.07628 -27.07628 -27.07628 -27.07628
 -27.07967 -27.07967 -27.07967 -27.07967 -27.07967
 -27.10388 -27.10388 -27.10388 -27.10388 -27.10388
 -27.14591 -27.14591 -27.14591 -27.14591 -27.14591
 --------------------/ IPRT= 1  / IGRD= 1  /PRB CALC/ Z1=26   / DATE= 14.05.98  
 -32.24465 -32.24465 -32.24465 -32.24465 -32.24465
 -32.31509 -32.31509 -32.31509 -32.31509 -32.31509
 -32.38097 -32.38097 -32.38097 -32.38097 -32.38097
 -32.43990 -32.43990 -32.43990 -32.43990 -32.43990
 -32.48773 -32.48773 -32.48773 -32.48773 -32.48773
 -32.51736 -32.51735 -32.51735 -32.51735 -32.51735
 -32.51612 -32.51611 -32.51611 -32.51611 -32.51612
 -32.46082 -32.46082 -32.46082 -32.46082 -32.46082
 -32.31144 -32.31144 -32.31144 -32.31144 -32.31144
 -32.01893 -32.01893 -32.01893 -32.01893 -32.01893
 -31.57193 -31.57193 -31.57193 -31.57193 -31.57193
 -31.02879 -31.02878 -31.02878 -31.02878 -31.02879
 -30.47473 -30.47473 -30.47473 -30.47473 -30.47473
 -29.97098 -29.97098 -29.97098 -29.97098 -29.97098
 -29.53538 -29.53538 -29.53538 -29.53538 -29.53538
 -29.15506 -29.15506 -29.15506 -29.15506 -29.15506
 -28.81101 -28.81101 -28.81101 -28.81101 -28.81101
 -28.49210 -28.49210 -28.49210 -28.49210 -28.49210
 -28.19671 -28.19671 -28.19671 -28.19671 -28.19671
 -27.92809 -27.92809 -27.92809 -27.92809 -27.92809
 -27.69310 -27.69310 -27.69310 -27.69310 -27.69310
 -27.49304 -27.49304 -27.49304 -27.49304 -27.49304
 -27.32964 -27.32964 -27.32964 -27.32964 -27.32964
 -27.20397 -27.20397 -27.20397 -27.20397 -27.20397
 -27.11580 -27.11580 -27.11580 -27.11580 -27.11580
 -27.06308 -27.06308 -27.06308 -27.06308 -27.06308
 -27.04099 -27.04099 -27.04099 -27.04099 -27.04099
 -27.04461 -27.04460 -27.04460 -27.04461 -27.04461
 -27.06880 -27.06880 -27.06880 -27.06880 -27.06880
 -27.11052 -27.11052 -27.11052 -27.11052 -27.11052
 --------------------/ IPRT= 1  / IGRD= 1  /PRB CALC/ Z1=27   / DATE= 14.05.98  
 -28.71190 -28.71190 -28.71190 -28.71190 -28.71190
 -28.79145 -28.79145 -28.79145 -28.79145 -28.79145
 -28.87032 -28.87031 -28.87031 -28.87032 -28.87032
 -28.94822 -28.94821 -28.94821 -28.94821 -28.94821
 -29.02468 -29.02467 -29.02467 -29.02467 -29.02467
 -29.09907 -29.09907 -29.09907 -29.09906 -29.09906
 -29.17042 -29.17043 -29.17043 -29.17043 -29.17043
 -29.23674 -29.23685 -29.23697 -29.23706 -29.23715
 -29.26101 -29.26735 -29.27325 -29.27847 -29.28289
 -28.97934 -29.02536 -29.07255 -29.11872 -29.16187
 -28.46321 -28.53580 -28.61563 -28.70049 -28.78769
 -28.08409 -28.16162 -28.24841 -28.34274 -28.44244
 -27.86973 -27.94525 -28.02971 -28.12132 -28.21781
 -27.76883 -27.83788 -27.91411 -27.99538 -28.07902
 -27.74320 -27.80326 -27.86834 -27.93603 -28.00358
 -27.77181 -27.82266 -27.87671 -27.93163 -27.98496
 -27.83381 -27.87569 -27.91943 -27.96294 -28.00421
 -27.89135 -27.92307 -27.95554 -27.98709 -28.01631
 -27.88684 -27.90662 -27.92637 -27.94510 -27.96201
 -27.78627 -27.79584 -27.80520 -27.81393 -27.82165
 -27.62387 -27.62781 -27.63164 -27.63516 -27.63826
 -27.45014 -27.45171 -27.45322 -27.45461 -27.45584
 -27.29541 -27.29605 -27.29667 -27.29725 -27.29775
 -27.17232 -27.17260 -27.17286 -27.17312 -27.17335
 -27.08436 -27.08448 -27.08462 -27.08473 -27.08484
 -27.03130 -27.03137 -27.03144 -27.03150 -27.03155
 -27.00875 -27.00879 -27.00883 -27.00887 -27.00889
 -27.01206 -27.01208 -27.01209 -27.01212 -27.01213
 -27.03593 -27.03594 -27.03596 -27.03597 -27.03598
 -27.07713 -27.07713 -27.07714 -27.07715 -27.07716
 --------------------/ IPRT= 1  / IGRD= 1  /PRB CALC/ Z1=28   / DATE= 14.05.98  
 -28.07407 -28.07407 -28.07407 -28.07407 -28.07407
 -28.15397 -28.15397 -28.15397 -28.15397 -28.15397
 -28.23335 -28.23335 -28.23335 -28.23335 -28.23335
 -28.31200 -28.31200 -28.31200 -28.31200 -28.31200
 -28.38958 -28.38958 -28.38958 -28.38958 -28.38958
 -28.46562 -28.46562 -28.46562 -28.46562 -28.46562
 -28.53946 -28.53945 -28.53945 -28.53945 -28.53945
 -28.61061 -28.61061 -28.61061 -28.61061 -28.61061
 -28.67915 -28.67916 -28.67916 -28.67916 -28.67915
 -28.74512 -28.74512 -28.74512 -28.74512 -28.74512
 -28.80620 -28.80620 -28.80620 -28.80620 -28.80620
 -28.85318 -28.85318 -28.85319 -28.85319 -28.85319
 -28.85196 -28.85195 -28.85196 -28.85196 -28.85197
 -28.76598 -28.76598 -28.76599 -28.76600 -28.76601
 -28.63917 -28.63918 -28.63919 -28.63921 -28.63923
 -28.52488 -28.52488 -28.52489 -28.52490 -28.52493
 -28.41111 -28.41112 -28.41112 -28.41113 -28.41115
 -28.25781 -28.25781 -28.25781 -28.25782 -28.25783
 -28.05502 -28.05502 -28.05502 -28.05502 -28.05503
 -27.82900 -27.82900 -27.82900 -27.82900 -27.82901
 -27.61200 -27.61200 -27.61200 -27.61200 -27.61200
 -27.42044 -27.42044 -27.42044 -27.42044 -27.42044
 -27.26132 -27.26131 -27.26131 -27.26131 -27.26132
 -27.13789 -27.13789 -27.13789 -27.13789 -27.13789
 -27.05032 -27.05031 -27.05031 -27.05031 -27.05031
 -26.99770 -26.99770 -26.99770 -26.99770 -26.99770
 -26.97553 -26.97552 -26.97552 -26.97552 -26.97552
 -26.97912 -26.97913 -26.97913 -26.97913 -26.97912
 -27.00318 -27.00318 -27.00318 -27.00318 -27.00318
 -27.04422 -27.04422 -27.04422 -27.04422 -27.04422
 --------------------/ IPRT= 1  / IGRD= 1  /PRB CALC/ Z1=29   / DATE= 14.05.98  
 -27.72848 -27.72848 -27.72848 -27.72848 -27.72848
 -27.80857 -27.80856 -27.80856 -27.80856 -27.80857
 -27.88822 -27.88822 -27.88822 -27.88822 -27.88822
 -27.96726 -27.96726 -27.96726 -27.96726 -27.96726
 -28.04541 -28.04541 -28.04541 -28.04541 -28.04541
 -28.12226 -28.12226 -28.12226 -28.12226 -28.12226
 -28.19724 -28.19724 -28.19724 -28.19724 -28.19724
 -28.26952 -28.26952 -28.26952 -28.26952 -28.26953
 -28.33793 -28.33793 -28.33793 -28.33793 -28.33792
 -28.40080 -28.40080 -28.40080 -28.40080 -28.40080
 -28.45576 -28.45576 -28.45576 -28.45576 -28.45576
 -28.46304 -28.46303 -28.46305 -28.46305 -28.46305
 -28.06194 -28.06194 -28.06195 -28.06197 -28.06201
 -27.39943 -27.39944 -27.39945 -27.39948 -27.39954
 -26.93983 -26.93983 -26.93985 -26.93987 -26.93993
 -26.68847 -26.68847 -26.68849 -26.68851 -26.68856
 -26.58794 -26.58794 -26.58795 -26.58799 -26.58804
 -26.59085 -26.59084 -26.59086 -26.59088 -26.59093
 -26.66092 -26.66092 -26.66093 -26.66096 -26.66100
 -26.76699 -26.76700 -26.76702 -26.76703 -26.76708
 -26.87703 -26.87704 -26.87704 -26.87706 -26.87709
 -26.95819 -26.95819 -26.95820 -26.95821 -26.95824
 -26.98990 -26.98990 -26.98990 -26.98991 -26.98993
 -26.97961 -26.97962 -26.97962 -26.97963 -26.97964
 -26.95208 -26.95208 -26.95208 -26.95209 -26.95209
 -26.92996 -26.92996 -26.92996 -26.92996 -26.92997
 -26.92353 -26.92353 -26.92353 -26.92353 -26.92353
 -26.93557 -26.93557 -26.93557 -26.93557 -26.93557
 -26.96439 -26.96439 -26.96439 -26.96439 -26.96439
 -27.00793 -27.00793 -27.00793 -27.00793 -27.00793
 --------------------/ IPRT= 1  / IGRD= 1  /PRB CALC/ Z1=30   / DATE= 14.05.98  
 -27.20510 -27.20510 -27.20510 -27.20510 -27.20510
 -27.28553 -27.28553 -27.28553 -27.28553 -27.28553
 -27.36570 -27.36570 -27.36570 -27.36570 -27.36570
 -27.44549 -27.44548 -27.44548 -27.44548 -27.44548
 -27.52471 -27.52471 -27.52471 -27.52471 -27.52471
 -27.60315 -27.60315 -27.60315 -27.60315 -27.60315
 -27.68054 -27.68054 -27.68054 -27.68054 -27.68054
 -27.75690 -27.75690 -27.75690 -27.75690 -27.75690
 -27.83271 -27.83271 -27.83271 -27.83271 -27.83270
 -27.90803 -27.90803 -27.90803 -27.90803 -27.90803
 -27.98136 -27.98135 -27.98135 -27.98135 -27.98135
 -28.04793 -28.04794 -28.04794 -28.04794 -28.04793
 -28.08904 -28.08903 -28.08904 -28.08904 -28.08904
 -28.06956 -28.06956 -28.06956 -28.06957 -28.06957
 -27.99945 -27.99945 -27.99945 -27.99946 -27.99948
 -27.93146 -27.93146 -27.93147 -27.93148 -27.93150
 -27.88392 -27.88392 -27.88393 -27.88394 -27.88395
 -27.83422 -27.83422 -27.83422 -27.83422 -27.83425
 -27.75045 -27.75044 -27.75044 -27.75045 -27.75046
 -27.62216 -27.62216 -27.62216 -27.62217 -27.62217
 -27.46652 -27.46651 -27.46652 -27.46651 -27.46651
 -27.31097 -27.31097 -27.31097 -27.31097 -27.31097
 -27.17233 -27.17233 -27.17233 -27.17233 -27.17233
 -27.06057 -27.06057 -27.06057 -27.06057 -27.06057
 -26.97970 -26.97970 -26.97970 -26.97970 -26.97970
 -26.93051 -26.93050 -26.93050 -26.93050 -26.93050
 -26.91049 -26.91049 -26.91049 -26.91049 -26.91049
 -26.91532 -26.91532 -26.91532 -26.91532 -26.91532
 -26.94033 -26.94033 -26.94033 -26.94033 -26.94033
 -26.98141 -26.98141 -26.98141 -26.98141 -26.98141
 --------------------/ IPRT= 1  / IGRD= 1  /PRB CALC/ Z1=31   / DATE= 14.05.98  
 -27.07971 -27.07971 -27.07971 -27.07971 -27.07971
 -27.16014 -27.16014 -27.16014 -27.16014 -27.16014
 -27.24030 -27.24030 -27.24030 -27.24030 -27.24030
 -27.32010 -27.32010 -27.32010 -27.32010 -27.32010
 -27.39932 -27.39932 -27.39932 -27.39932 -27.39931
 -27.47776 -27.47776 -27.47776 -27.47776 -27.47776
 -27.55515 -27.55515 -27.55515 -27.55515 -27.55515
 -27.63151 -27.63152 -27.63152 -27.63151 -27.63152
 -27.70731 -27.70731 -27.70731 -27.70731 -27.70731
 -27.78263 -27.78263 -27.78263 -27.78263 -27.78263
 -27.85599 -27.85599 -27.85599 -27.85599 -27.85599
 -27.92416 -27.92416 -27.92416 -27.92416 -27.92416
 -27.98286 -27.98286 -27.98286 -27.98286 -27.98286
 -28.02702 -28.02702 -28.02702 -28.02701 -28.02701
 -28.05010 -28.05009 -28.05009 -28.05009 -28.05009
 -28.04316 -28.04317 -28.04317 -28.04316 -28.04316
 -27.99572 -27.99572 -27.99572 -27.99572 -27.99572
 -27.90137 -27.90137 -27.90137 -27.90137 -27.90137
 -27.76521 -27.76521 -27.76521 -27.76521 -27.76521
 -27.60303 -27.60303 -27.60303 -27.60303 -27.60303
 -27.43301 -27.43301 -27.43301 -27.43301 -27.43301
 -27.27443 -27.27443 -27.27443 -27.27443 -27.27443
 -27.13685 -27.13684 -27.13684 -27.13684 -27.13684
 -27.02696 -27.02696 -27.02696 -27.02696 -27.02696
 -26.94780 -26.94781 -26.94781 -26.94781 -26.94780
 -26.89944 -26.89944 -26.89944 -26.89944 -26.89944
 -26.88009 -26.88009 -26.88009 -26.88009 -26.88009
 -26.88527 -26.88527 -26.88527 -26.88527 -26.88527
 -26.91067 -26.91067 -26.91067 -26.91067 -26.91067
 -26.95176 -26.95176 -26.95176 -26.95176 -26.95176
 --------------------/ IPRT= 1  / IGRD= 1  /PRB CALC/ Z1=32   / DATE= 14.05.98  
 -26.90628 -26.90628 -26.90628 -26.90628 -26.90628
 -26.98679 -26.98678 -26.98678 -26.98678 -26.98678
 -27.06705 -27.06705 -27.06705 -27.06705 -27.06705
 -27.14699 -27.14699 -27.14699 -27.14699 -27.14699
 -27.22643 -27.22642 -27.22642 -27.22642 -27.22643
 -27.30517 -27.30517 -27.30517 -27.30517 -27.30517
 -27.38289 -27.38289 -27.38289 -27.38289 -27.38289
 -27.45916 -27.45916 -27.45916 -27.45916 -27.45916
 -27.53334 -27.53334 -27.53334 -27.53334 -27.53334
 -27.60458 -27.60458 -27.60458 -27.60458 -27.60458
 -27.67168 -27.67168 -27.67168 -27.67168 -27.67168
 -27.72654 -27.72654 -27.72654 -27.72654 -27.72654
 -27.62847 -27.62848 -27.62848 -27.62848 -27.62849
 -27.15936 -27.15936 -27.15936 -27.15939 -27.15942
 -26.69833 -26.69833 -26.69834 -26.69836 -26.69839
 -26.42120 -26.42122 -26.42122 -26.42125 -26.42127
 -26.29885 -26.29885 -26.29886 -26.29888 -26.29891
 -26.28629 -26.28630 -26.28631 -26.28632 -26.28636
 -26.34744 -26.34744 -26.34745 -26.34746 -26.34749
 -26.45308 -26.45309 -26.45309 -26.45311 -26.45313
 -26.57602 -26.57602 -26.57603 -26.57603 -26.57607
 -26.68851 -26.68851 -26.68851 -26.68852 -26.68854
 -26.76653 -26.76653 -26.76654 -26.76654 -26.76655
 -26.80285 -26.80285 -26.80285 -26.80285 -26.80286
 -26.81063 -26.81063 -26.81063 -26.81064 -26.81064
 -26.81002 -26.81002 -26.81002 -26.81001 -26.81003
 -26.81644 -26.81643 -26.81643 -26.81643 -26.81643
 -26.83577 -26.83577 -26.83577 -26.83577 -26.83577
 -26.86930 -26.86930 -26.86930 -26.86930 -26.86930
 -26.91513 -26.91513 -26.91513 -26.91513 -26.91513
 --------------------/ IPRT= 1  / IGRD= 1  /PRB CALC/ Z1=33   / DATE= 14.05.98  
 -26.67587 -26.67587 -26.67587 -26.67587 -26.67587
 -26.75648 -26.75648 -26.75648 -26.75648 -26.75648
 -26.83690 -26.83689 -26.83689 -26.83689 -26.83689
 -26.91706 -26.91706 -26.91706 -26.91706 -26.91706
 -26.99682 -26.99682 -26.99682 -26.99682 -26.99682
 -27.07603 -27.07603 -27.07603 -27.07603 -27.07603
 -27.15443 -27.15442 -27.15443 -27.15443 -27.15443
 -27.23168 -27.23167 -27.23167 -27.23167 -27.23167
 -27.30727 -27.30727 -27.30727 -27.30727 -27.30727
 -27.38054 -27.38053 -27.38053 -27.38053 -27.38053
 -27.45053 -27.45053 -27.45053 -27.45053 -27.45053
 -27.51598 -27.51598 -27.51598 -27.51598 -27.51598
 -27.57505 -27.57505 -27.57505 -27.57505 -27.57504
 -27.62503 -27.62502 -27.62502 -27.62502 -27.62502
 -27.66188 -27.66188 -27.66188 -27.66188 -27.66188
 -27.67974 -27.67973 -27.67973 -27.67973 -27.67974
 -27.67081 -27.67081 -27.67081 -27.67081 -27.67081
 -27.62754 -27.62754 -27.62754 -27.62754 -27.62753
 -27.54723 -27.54723 -27.54723 -27.54723 -27.54723
 -27.43558 -27.43558 -27.43558 -27.43558 -27.43558
 -27.30472 -27.30472 -27.30472 -27.30472 -27.30472
 -27.17236 -27.17237 -27.17236 -27.17236 -27.17237
 -27.05237 -27.05237 -27.05237 -27.05237 -27.05237
 -26.95381 -26.95381 -26.95381 -26.95381 -26.95381
 -26.88173 -26.88173 -26.88173 -26.88173 -26.88173
 -26.83728 -26.83728 -26.83728 -26.83728 -26.83728
 -26.82026 -26.82026 -26.82026 -26.82026 -26.82026
 -26.82687 -26.82687 -26.82687 -26.82687 -26.82688
 -26.85331 -26.85331 -26.85331 -26.85331 -26.85331
 -26.89498 -26.89498 -26.89498 -26.89498 -26.89498
 --------------------/ IPRT= 1  / IGRD= 1  /PRB CALC/ Z1=34   / DATE= 14.05.98  
 -26.49021 -26.49021 -26.49021 -26.49021 -26.49021
 -26.57089 -26.57089 -26.57089 -26.57089 -26.57089
 -26.65141 -26.65141 -26.65141 -26.65141 -26.65141
 -26.73171 -26.73171 -26.73171 -26.73171 -26.73171
 -26.81170 -26.81170 -26.81170 -26.81170 -26.81170
 -26.89122 -26.89122 -26.89122 -26.89122 -26.89122
 -26.97009 -26.97008 -26.97008 -26.97008 -26.97008
 -27.04798 -27.04798 -27.04798 -27.04798 -27.04798
 -27.12452 -27.12452 -27.12452 -27.12452 -27.12452
 -27.19913 -27.19913 -27.19913 -27.19913 -27.19913
 -27.27101 -27.27101 -27.27101 -27.27101 -27.27101
 -27.33713 -27.33713 -27.33713 -27.33713 -27.33713
 -27.34503 -27.34503 -27.34504 -27.34504 -27.34504
 -27.09362 -27.09362 -27.09363 -27.09363 -27.09365
 -26.70531 -26.70532 -26.70532 -26.70534 -26.70536
 -26.43492 -26.43492 -26.43493 -26.43494 -26.43497
 -26.30717 -26.30717 -26.30718 -26.30719 -26.30722
 -26.28761 -26.28761 -26.28762 -26.28763 -26.28767
 -26.34163 -26.34162 -26.34163 -26.34164 -26.34166
 -26.43958 -26.43958 -26.43959 -26.43960 -26.43962
 -26.55350 -26.55350 -26.55352 -26.55352 -26.55354
 -26.65558 -26.65558 -26.65558 -26.65559 -26.65560
 -26.72380 -26.72380 -26.72380 -26.72380 -26.72382
 -26.75332 -26.75332 -26.75332 -26.75333 -26.75332
 -26.75776 -26.75777 -26.75777 -26.75777 -26.75777
 -26.75585 -26.75585 -26.75585 -26.75585 -26.75585
 -26.76176 -26.76176 -26.76176 -26.76177 -26.76177
 -26.78110 -26.78110 -26.78110 -26.78110 -26.78110
 -26.81476 -26.81476 -26.81476 -26.81476 -26.81476
 -26.86080 -26.86080 -26.86080 -26.86080 -26.86080
 --------------------/ IPRT= 1  / IGRD= 1  /PRB CALC/ Z1=35   / DATE= 14.05.98  
 -26.32686 -26.32686 -26.32686 -26.32686 -26.32686
 -26.40760 -26.40760 -26.40760 -26.40760 -26.40760
 -26.48821 -26.48820 -26.48820 -26.48820 -26.48820
 -26.56863 -26.56863 -26.56863 -26.56863 -26.56863
 -26.64877 -26.64877 -26.64877 -26.64877 -26.64877
 -26.72854 -26.72854 -26.72854 -26.72854 -26.72854
 -26.80775 -26.80775 -26.80775 -26.80775 -26.80775
 -26.88616 -26.88616 -26.88616 -26.88616 -26.88616
 -26.96341 -26.96341 -26.96341 -26.96341 -26.96341
 -27.03903 -27.03903 -27.03903 -27.03903 -27.03903
 -27.11233 -27.11233 -27.11232 -27.11232 -27.11232
 -27.18076 -27.18076 -27.18076 -27.18076 -27.18076
 -27.19434 -27.19434 -27.19434 -27.19433 -27.19434
 -26.91523 -26.91523 -26.91524 -26.91525 -26.91526
 -26.46437 -26.46437 -26.46437 -26.46439 -26.46441
 -26.14510 -26.14509 -26.14510 -26.14512 -26.14515
 -25.98416 -25.98416 -25.98417 -25.98418 -25.98420
 -25.94334 -25.94334 -25.94335 -25.94336 -25.94338
 -25.98626 -25.98626 -25.98627 -25.98628 -25.98630
 -26.08412 -26.08412 -26.08412 -26.08413 -26.08415
 -26.21283 -26.21283 -26.21283 -26.21283 -26.21286
 -26.34972 -26.34972 -26.34972 -26.34973 -26.34975
 -26.47284 -26.47284 -26.47284 -26.47285 -26.47286
 -26.56585 -26.56585 -26.56585 -26.56586 -26.56587
 -26.62614 -26.62614 -26.62614 -26.62614 -26.62614
 -26.66427 -26.66427 -26.66428 -26.66428 -26.66428
 -26.69547 -26.69547 -26.69547 -26.69548 -26.69548
 -26.73013 -26.73013 -26.73013 -26.73013 -26.73013
 -26.77299 -26.77298 -26.77298 -26.77298 -26.77299
 -26.82472 -26.82472 -26.82472 -26.82472 -26.82472
 --------------------/ IPRT= 1  / IGRD= 1  /PRB CALC/ Z1=36   / DATE= 14.05.98  
 -26.18124 -26.18124 -26.18124 -26.18124 -26.18124
 -26.26202 -26.26202 -26.26202 -26.26202 -26.26202
 -26.34269 -26.34269 -26.34269 -26.34269 -26.34269
 -26.42319 -26.42319 -26.42319 -26.42319 -26.42319
 -26.50347 -26.50347 -26.50347 -26.50347 -26.50347
 -26.58342 -26.58342 -26.58342 -26.58342 -26.58342
 -26.66290 -26.66290 -26.66290 -26.66290 -26.66290
 -26.74168 -26.74168 -26.74168 -26.74168 -26.74168
 -26.81947 -26.81947 -26.81947 -26.81947 -26.81948
 -26.89585 -26.89585 -26.89585 -26.89585 -26.89585
 -26.97019 -26.97018 -26.97018 -26.97018 -26.97018
 -27.04025 -27.04025 -27.04025 -27.04025 -27.04025
 -27.05355 -27.05355 -27.05355 -27.05355 -27.05356
 -26.73134 -26.73134 -26.73135 -26.73136 -26.73137
 -26.22758 -26.22758 -26.22759 -26.22760 -26.22763
 -25.87902 -25.87902 -25.87903 -25.87904 -25.87906
 -25.70150 -25.70150 -25.70151 -25.70152 -25.70154
 -25.65109 -25.65109 -25.65110 -25.65110 -25.65113
 -25.68932 -25.68932 -25.68933 -25.68934 -25.68936
 -25.78720 -25.78719 -25.78720 -25.78721 -25.78722
 -25.92229 -25.92230 -25.92230 -25.92231 -25.92233
 -26.07535 -26.07535 -26.07536 -26.07536 -26.07538
 -26.22803 -26.22803 -26.22803 -26.22803 -26.22805
 -26.36330 -26.36330 -26.36330 -26.36331 -26.36332
 -26.47058 -26.47058 -26.47058 -26.47058 -26.47059
 -26.55023 -26.55023 -26.55023 -26.55023 -26.55024
 -26.61211 -26.61211 -26.61211 -26.61211 -26.61211
 -26.66735 -26.66736 -26.66736 -26.66736 -26.66735
 -26.72340 -26.72340 -26.72340 -26.72340 -26.72341
 -26.78360 -26.78360 -26.78360 -26.78360 -26.78360
 --------------------/ IPRT= 1  / IGRD= 1  /PRB CALC/ Z1=37   / DATE= 14.05.98  
 -25.91744 -25.91744 -25.91744 -25.91744 -25.91744
 -25.99830 -25.99830 -25.99830 -25.99830 -25.99830
 -26.07909 -26.07909 -26.07909 -26.07909 -26.07909
 -26.15977 -26.15977 -26.15977 -26.15977 -26.15977
 -26.24029 -26.24029 -26.24029 -26.24029 -26.24029
 -26.32061 -26.32061 -26.32061 -26.32061 -26.32061
 -26.40060 -26.40060 -26.40060 -26.40060 -26.40059
 -26.48013 -26.48013 -26.48013 -26.48013 -26.48013
 -26.55899 -26.55899 -26.55899 -26.55899 -26.55899
 -26.63690 -26.63690 -26.63690 -26.63690 -26.63690
 -26.71341 -26.71340 -26.71340 -26.71340 -26.71341
 -26.78754 -26.78754 -26.78754 -26.78754 -26.78754
 -26.84286 -26.84286 -26.84286 -26.84286 -26.84286
 -26.73308 -26.73309 -26.73309 -26.73309 -26.73310
 -26.37880 -26.37880 -26.37880 -26.37881 -26.37882
 -26.06095 -26.06096 -26.06096 -26.06097 -26.06099
 -25.88520 -25.88520 -25.88521 -25.88522 -25.88523
 -25.83080 -25.83080 -25.83080 -25.83081 -25.83083
 -25.86355 -25.86356 -25.86356 -25.86357 -25.86359
 -25.95455 -25.95455 -25.95456 -25.95457 -25.95458
 -26.07994 -26.07994 -26.07995 -26.07995 -26.07997
 -26.21795 -26.21795 -26.21795 -26.21796 -26.21797
 -26.34822 -26.34823 -26.34824 -26.34823 -26.34825
 -26.45432 -26.45432 -26.45431 -26.45432 -26.45432
 -26.53039 -26.53038 -26.53040 -26.53040 -26.53039
 -26.58294 -26.58294 -26.58294 -26.58294 -26.58294
 -26.62474 -26.62474 -26.62474 -26.62474 -26.62475
 -26.66668 -26.66668 -26.66668 -26.66668 -26.66668
 -26.71424 -26.71424 -26.71424 -26.71424 -26.71423
 -26.76917 -26.76917 -26.76917 -26.76917 -26.76917
 --------------------/ IPRT= 1  / IGRD= 1  /PRB CALC/ Z1=38   / DATE= 14.05.98  
 -25.81532 -25.81532 -25.81532 -25.81532 -25.81532
 -25.89619 -25.89619 -25.89619 -25.89619 -25.89619
 -25.97700 -25.97700 -25.97700 -25.97700 -25.97700
 -26.05771 -26.05771 -26.05771 -26.05771 -26.05771
 -26.13828 -26.13828 -26.13828 -26.13828 -26.13828
 -26.21865 -26.21864 -26.21864 -26.21864 -26.21865
 -26.29872 -26.29872 -26.29872 -26.29872 -26.29872
 -26.37837 -26.37837 -26.37837 -26.37837 -26.37837
 -26.45739 -26.45739 -26.45739 -26.45739 -26.45740
 -26.53553 -26.53553 -26.53553 -26.53553 -26.53553
 -26.61234 -26.61234 -26.61234 -26.61234 -26.61234
 -26.68685 -26.68685 -26.68685 -26.68685 -26.68684
 -26.73636 -26.73636 -26.73636 -26.73636 -26.73637
 -26.55026 -26.55026 -26.55026 -26.55027 -26.55028
 -26.08551 -26.08551 -26.08552 -26.08552 -26.08554
 -25.71103 -25.71103 -25.71104 -25.71104 -25.71107
 -25.50568 -25.50568 -25.50569 -25.50570 -25.50572
 -25.43415 -25.43416 -25.43416 -25.43417 -25.43419
 -25.45768 -25.45768 -25.45768 -25.45770 -25.45771
 -25.54629 -25.54629 -25.54629 -25.54630 -25.54631
 -25.67739 -25.67739 -25.67740 -25.67740 -25.67742
 -25.83277 -25.83277 -25.83278 -25.83278 -25.83279
 -25.99637 -25.99637 -25.99637 -25.99638 -25.99639
 -26.15295 -26.15294 -26.15295 -26.15295 -26.15297
 -26.29026 -26.29026 -26.29027 -26.29027 -26.29028
 -26.40281 -26.40281 -26.40281 -26.40281 -26.40282
 -26.49356 -26.49355 -26.49355 -26.49356 -26.49356
 -26.57099 -26.57098 -26.57098 -26.57098 -26.57099
 -26.64262 -26.64262 -26.64262 -26.64262 -26.64262
 -26.71353 -26.71353 -26.71353 -26.71354 -26.71354
 --------------------/ IPRT= 1  / IGRD= 1  /PRB CALC/ Z1=39   / DATE= 14.05.98  
 -25.75134 -25.75134 -25.75134 -25.75134 -25.75134
 -25.83222 -25.83222 -25.83222 -25.83222 -25.83222
 -25.91303 -25.91303 -25.91303 -25.91303 -25.91303
 -25.99376 -25.99376 -25.99376 -25.99376 -25.99376
 -26.07435 -26.07435 -26.07435 -26.07435 -26.07435
 -26.15475 -26.15475 -26.15475 -26.15475 -26.15475
 -26.23487 -26.23487 -26.23487 -26.23487 -26.23487
 -26.31458 -26.31458 -26.31458 -26.31458 -26.31458
 -26.39370 -26.39370 -26.39370 -26.39370 -26.39370
 -26.47195 -26.47194 -26.47194 -26.47194 -26.47194
 -26.54893 -26.54893 -26.54893 -26.54893 -26.54893
 -26.62397 -26.62397 -26.62397 -26.62397 -26.62397
 -26.68918 -26.68918 -26.68918 -26.68918 -26.68918
 -26.65776 -26.65776 -26.65776 -26.65776 -26.65778
 -26.40629 -26.40629 -26.40630 -26.40630 -26.40631
 -26.11954 -26.11954 -26.11954 -26.11955 -26.11956
 -25.94586 -25.94586 -25.94586 -25.94587 -25.94589
 -25.88724 -25.88724 -25.88725 -25.88725 -25.88727
 -25.91445 -25.91446 -25.91445 -25.91446 -25.91447
 -25.99908 -25.99908 -25.99908 -25.99909 -25.99910
 -26.11650 -26.11651 -26.11650 -26.11651 -26.11652
 -26.24371 -26.24371 -26.24371 -26.24372 -26.24373
 -26.36016 -26.36016 -26.36016 -26.36016 -26.36017
 -26.45088 -26.45088 -26.45088 -26.45088 -26.45089
 -26.51298 -26.51298 -26.51298 -26.51299 -26.51299
 -26.55512 -26.55512 -26.55512 -26.55512 -26.55512
 -26.58964 -26.58965 -26.58965 -26.58965 -26.58965
 -26.62717 -26.62717 -26.62717 -26.62717 -26.62718
 -26.67197 -26.67197 -26.67197 -26.67198 -26.67197
 -26.72536 -26.72536 -26.72536 -26.72536 -26.72536
 --------------------/ IPRT= 1  / IGRD= 1  /PRB CALC/ Z1=40   / DATE= 14.05.98  
 -25.65872 -25.65872 -25.65872 -25.65872 -25.65872
 -25.73960 -25.73960 -25.73960 -25.73960 -25.73960
 -25.82042 -25.82042 -25.82042 -25.82042 -25.82042
 -25.90117 -25.90117 -25.90117 -25.90117 -25.90117
 -25.98177 -25.98177 -25.98177 -25.98177 -25.98177
 -26.06220 -26.06220 -26.06220 -26.06220 -26.06220
 -26.14236 -26.14236 -26.14236 -26.14236 -26.14236
 -26.22212 -26.22212 -26.22212 -26.22212 -26.22212
 -26.30132 -26.30132 -26.30132 -26.30132 -26.30132
 -26.37969 -26.37969 -26.37969 -26.37969 -26.37969
 -26.45688 -26.45688 -26.45688 -26.45688 -26.45688
 -26.53236 -26.53236 -26.53236 -26.53236 -26.53236
 -26.60117 -26.60117 -26.60117 -26.60117 -26.60118
 -26.60628 -26.60628 -26.60628 -26.60628 -26.60628
 -26.43245 -26.43245 -26.43245 -26.43245 -26.43246
 -26.18844 -26.18844 -26.18844 -26.18845 -26.18847
 -26.02798 -26.02798 -26.02798 -26.02800 -26.02801
 -25.97226 -25.97226 -25.97225 -25.97227 -25.97228
 -25.99814 -25.99814 -25.99814 -25.99815 -25.99816
 -26.07844 -26.07844 -26.07844 -26.07845 -26.07846
 -26.18805 -26.18805 -26.18806 -26.18806 -26.18807
 -26.30305 -26.30305 -26.30305 -26.30306 -26.30307
 -26.40296 -26.40296 -26.40297 -26.40297 -26.40297
 -26.47563 -26.47563 -26.47563 -26.47564 -26.47564
 -26.52186 -26.52186 -26.52186 -26.52186 -26.52186
 -26.55238 -26.55238 -26.55238 -26.55239 -26.55238
 -26.57927 -26.57927 -26.57927 -26.57927 -26.57927
 -26.61214 -26.61214 -26.61214 -26.61214 -26.61214
 -26.65416 -26.65416 -26.65416 -26.65416 -26.65416
 -26.70590 -26.70590 -26.70590 -26.70590 -26.70590
 --------------------/ IPRT= 1  / IGRD= 1  /PRB CALC/ Z1=41   / DATE= 14.05.98  
 -25.51127 -25.51127 -25.51127 -25.51127 -25.51127
 -25.59217 -25.59217 -25.59217 -25.59217 -25.59217
 -25.67303 -25.67303 -25.67303 -25.67303 -25.67303
 -25.75381 -25.75381 -25.75381 -25.75381 -25.75381
 -25.83449 -25.83448 -25.83448 -25.83448 -25.83448
 -25.91501 -25.91501 -25.91501 -25.91501 -25.91501
 -25.99530 -25.99529 -25.99529 -25.99529 -25.99529
 -26.07526 -26.07526 -26.07526 -26.07526 -26.07526
 -26.15474 -26.15474 -26.15474 -26.15474 -26.15474
 -26.23357 -26.23357 -26.23357 -26.23357 -26.23357
 -26.31150 -26.31150 -26.31149 -26.31149 -26.31149
 -26.38816 -26.38817 -26.38817 -26.38817 -26.38816
 -26.46299 -26.46298 -26.46298 -26.46298 -26.46298
 -26.53505 -26.53505 -26.53505 -26.53505 -26.53504
 -26.60306 -26.60306 -26.60306 -26.60306 -26.60306
 -26.66514 -26.66514 -26.66514 -26.66514 -26.66514
 -26.71871 -26.71870 -26.71870 -26.71871 -26.71870
 -26.76048 -26.76048 -26.76048 -26.76048 -26.76048
 -26.78653 -26.78653 -26.78653 -26.78653 -26.78653
 -26.79306 -26.79306 -26.79306 -26.79306 -26.79306
 -26.77824 -26.77824 -26.77824 -26.77824 -26.77824
 -26.74418 -26.74418 -26.74418 -26.74418 -26.74418
 -26.70003 -26.70003 -26.70003 -26.70003 -26.70003
 -26.65682 -26.65682 -26.65682 -26.65682 -26.65682
 -26.62265 -26.62265 -26.62265 -26.62265 -26.62265
 -26.60308 -26.60308 -26.60308 -26.60308 -26.60308
 -26.60045 -26.60044 -26.60044 -26.60044 -26.60044
 -26.61633 -26.61633 -26.61633 -26.61633 -26.61633
 -26.64848 -26.64848 -26.64848 -26.64848 -26.64848
 -26.69436 -26.69436 -26.69436 -26.69436 -26.69436
 --------------------/ IPRT= 1  / IGRD= 1  /PRB CALC/ Z1=42   / DATE= 14.05.98  
 -25.45627 -25.45627 -25.45627 -25.45627 -25.45627
 -25.53717 -25.53717 -25.53717 -25.53717 -25.53717
 -25.61803 -25.61803 -25.61803 -25.61803 -25.61803
 -25.69882 -25.69882 -25.69882 -25.69882 -25.69882
 -25.77950 -25.77949 -25.77949 -25.77949 -25.77949
 -25.86003 -25.86003 -25.86003 -25.86003 -25.86003
 -25.94034 -25.94034 -25.94033 -25.94033 -25.94034
 -26.02036 -26.02036 -26.02036 -26.02036 -26.02036
 -26.10003 -26.10003 -26.10003 -26.10003 -26.10003
 -26.17921 -26.17921 -26.17921 -26.17920 -26.17921
 -26.25764 -26.25763 -26.25763 -26.25763 -26.25763
 -26.33478 -26.33478 -26.33478 -26.33478 -26.33478
 -26.40862 -26.40862 -26.40862 -26.40862 -26.40862
 -26.45210 -26.45211 -26.45211 -26.45211 -26.45210
 -26.36872 -26.36872 -26.36872 -26.36872 -26.36872
 -26.17226 -26.17226 -26.17226 -26.17227 -26.17228
 -26.01298 -26.01298 -26.01299 -26.01299 -26.01300
 -25.94622 -25.94622 -25.94623 -25.94623 -25.94624
 -25.96040 -25.96040 -25.96039 -25.96040 -25.96041
 -26.03070 -26.03070 -26.03071 -26.03071 -26.03072
 -26.13242 -26.13242 -26.13241 -26.13242 -26.13242
 -26.24210 -26.24211 -26.24211 -26.24211 -26.24212
 -26.33962 -26.33961 -26.33961 -26.33962 -26.33962
 -26.41349 -26.41349 -26.41349 -26.41349 -26.41349
 -26.46329 -26.46329 -26.46329 -26.46328 -26.46329
 -26.49795 -26.49794 -26.49794 -26.49795 -26.49795
 -26.52833 -26.52833 -26.52833 -26.52833 -26.52833
 -26.56351 -26.56351 -26.56351 -26.56351 -26.56351
 -26.60723 -26.60723 -26.60724 -26.60724 -26.60723
 -26.66008 -26.66008 -26.66008 -26.66008 -26.66008
 --------------------/ IPRT= 1  / IGRD= 1  /PRB CALC/ Z1=43   / DATE= 14.05.98  
 -25.35408 -25.35408 -25.35408 -25.35408 -25.35408
 -25.43501 -25.43501 -25.43501 -25.43501 -25.43501
 -25.51590 -25.51590 -25.51590 -25.51590 -25.51590
 -25.59672 -25.59671 -25.59671 -25.59671 -25.59672
 -25.67746 -25.67746 -25.67746 -25.67746 -25.67746
 -25.75808 -25.75807 -25.75807 -25.75807 -25.75808
 -25.83850 -25.83850 -25.83851 -25.83851 -25.83850
 -25.91867 -25.91867 -25.91867 -25.91867 -25.91867
 -25.99844 -25.99844 -25.99844 -25.99844 -25.99845
 -26.07766 -26.07766 -26.07766 -26.07766 -26.07766
 -26.15606 -26.15606 -26.15606 -26.15606 -26.15606
 -26.23331 -26.23331 -26.23331 -26.23331 -26.23332
 -26.30859 -26.30859 -26.30859 -26.30859 -26.30859
 -26.37363 -26.37363 -26.37363 -26.37363 -26.37362
 -26.39187 -26.39187 -26.39187 -26.39187 -26.39188
 -26.33713 -26.33713 -26.33713 -26.33713 -26.33714
 -26.26475 -26.26475 -26.26475 -26.26476 -26.26476
 -26.23323 -26.23323 -26.23323 -26.23324 -26.23325
 -26.25284 -26.25285 -26.25285 -26.25285 -26.25285
 -26.30862 -26.30862 -26.30862 -26.30862 -26.30863
 -26.37847 -26.37847 -26.37847 -26.37847 -26.37847
 -26.44113 -26.44112 -26.44112 -26.44113 -26.44114
 -26.48314 -26.48313 -26.48313 -26.48314 -26.48314
 -26.50471 -26.50471 -26.50471 -26.50471 -26.50471
 -26.51368 -26.51368 -26.51368 -26.51368 -26.51368
 -26.52077 -26.52077 -26.52077 -26.52077 -26.52077
 -26.53411 -26.53411 -26.53411 -26.53411 -26.53412
 -26.55896 -26.55896 -26.55896 -26.55896 -26.55896
 -26.59660 -26.59660 -26.59660 -26.59660 -26.59660
 -26.64572 -26.64572 -26.64572 -26.64572 -26.64572
 --------------------/ IPRT= 1  / IGRD= 1  /PRB CALC/ Z1=44   / DATE= 14.05.98  
 -25.28204 -25.28204 -25.28204 -25.28204 -25.28204
 -25.36298 -25.36298 -25.36298 -25.36298 -25.36298
 -25.44387 -25.44387 -25.44387 -25.44387 -25.44386
 -25.52470 -25.52470 -25.52470 -25.52470 -25.52470
 -25.60544 -25.60544 -25.60544 -25.60544 -25.60544
 -25.68608 -25.68607 -25.68607 -25.68607 -25.68608
 -25.76652 -25.76652 -25.76652 -25.76652 -25.76652
 -25.84672 -25.84672 -25.84671 -25.84672 -25.84672
 -25.92653 -25.92654 -25.92654 -25.92653 -25.92653
 -26.00583 -26.00583 -26.00583 -26.00583 -26.00583
 -26.08437 -26.08437 -26.08437 -26.08437 -26.08437
 -26.16190 -26.16190 -26.16190 -26.16190 -26.16190
 -26.23803 -26.23803 -26.23803 -26.23803 -26.23803
 -26.31203 -26.31203 -26.31203 -26.31203 -26.31203
 -26.38260 -26.38260 -26.38260 -26.38260 -26.38260
 -26.43489 -26.43489 -26.43489 -26.43490 -26.43490
 -26.31772 -26.31772 -26.31772 -26.31773 -26.31773
 -25.93055 -25.93055 -25.93055 -25.93056 -25.93057
 -25.58154 -25.58154 -25.58154 -25.58155 -25.58156
 -25.38508 -25.38508 -25.38508 -25.38509 -25.38510
 -25.31710 -25.31710 -25.31711 -25.31711 -25.31712
 -25.34112 -25.34111 -25.34111 -25.34112 -25.34112
 -25.42739 -25.42739 -25.42739 -25.42740 -25.42740
 -25.55353 -25.55353 -25.55354 -25.55354 -25.55355
 -25.70211 -25.70212 -25.70212 -25.70213 -25.70213
 -25.85952 -25.85952 -25.85952 -25.85952 -25.85953
 -26.01538 -26.01538 -26.01538 -26.01539 -26.01539
 -26.16318 -26.16318 -26.16318 -26.16318 -26.16319
 -26.30012 -26.30011 -26.30011 -26.30012 -26.30013
 -26.42576 -26.42576 -26.42576 -26.42576 -26.42576
 --------------------/ IPRT= 1  / IGRD= 1  /PRB CALC/ Z1=45   / DATE= 14.05.98  
 -25.13597 -25.13597 -25.13597 -25.13597 -25.13597
 -25.21691 -25.21691 -25.21691 -25.21691 -25.21691
 -25.29781 -25.29781 -25.29781 -25.29781 -25.29781
 -25.37867 -25.37867 -25.37867 -25.37867 -25.37866
 -25.45944 -25.45944 -25.45944 -25.45944 -25.45944
 -25.54011 -25.54011 -25.54011 -25.54011 -25.54011
 -25.62062 -25.62062 -25.62062 -25.62062 -25.62062
 -25.70090 -25.70090 -25.70090 -25.70090 -25.70090
 -25.78086 -25.78086 -25.78086 -25.78086 -25.78086
 -25.86039 -25.86039 -25.86039 -25.86039 -25.86039
 -25.93937 -25.93937 -25.93937 -25.93937 -25.93937
 -26.01757 -26.01757 -26.01757 -26.01757 -26.01757
 -26.09453 -26.09453 -26.09453 -26.09453 -26.09453
 -26.16958 -26.16958 -26.16958 -26.16958 -26.16958
 -26.24176 -26.24177 -26.24177 -26.24177 -26.24176
 -26.30531 -26.30531 -26.30531 -26.30531 -26.30531
 -26.28799 -26.28798 -26.28798 -26.28798 -26.28798
 -26.04791 -26.04791 -26.04791 -26.04791 -26.04792
 -25.74589 -25.74589 -25.74589 -25.74590 -25.74590
 -25.55343 -25.55344 -25.55343 -25.55343 -25.55344
 -25.48011 -25.48011 -25.48012 -25.48012 -25.48013
 -25.49688 -25.49688 -25.49689 -25.49688 -25.49690
 -25.57497 -25.57498 -25.57497 -25.57498 -25.57498
 -25.69141 -25.69141 -25.69141 -25.69141 -25.69142
 -25.82778 -25.82778 -25.82778 -25.82779 -25.82779
 -25.96984 -25.96984 -25.96984 -25.96984 -25.96984
 -26.10751 -26.10751 -26.10751 -26.10751 -26.10752
 -26.23558 -26.23557 -26.23557 -26.23557 -26.23558
 -26.35328 -26.35328 -26.35328 -26.35328 -26.35328
 -26.46174 -26.46174 -26.46174 -26.46174 -26.46174
 --------------------/ IPRT= 1  / IGRD= 1  /PRB CALC/ Z1=46   / DATE= 14.05.98  
 -24.95006 -24.95006 -24.95006 -24.95006 -24.95006
 -25.03103 -25.03102 -25.03102 -25.03102 -25.03103
 -25.11196 -25.11196 -25.11196 -25.11196 -25.11197
 -25.19287 -25.19287 -25.19287 -25.19287 -25.19287
 -25.27371 -25.27371 -25.27371 -25.27371 -25.27371
 -25.35450 -25.35450 -25.35450 -25.35450 -25.35450
 -25.43519 -25.43519 -25.43520 -25.43519 -25.43520
 -25.51582 -25.51581 -25.51582 -25.51582 -25.51581
 -25.59634 -25.59633 -25.59633 -25.59633 -25.59634
 -25.67667 -25.67667 -25.67667 -25.67667 -25.67667
 -25.75663 -25.75663 -25.75663 -25.75663 -25.75663
 -25.83591 -25.83591 -25.83591 -25.83591 -25.83591
 -25.91420 -25.91420 -25.91420 -25.91420 -25.91420
 -25.99101 -25.99101 -25.99101 -25.99101 -25.99101
 -26.06578 -26.06578 -26.06578 -26.06578 -26.06579
 -26.13234 -26.13234 -26.13234 -26.13234 -26.13234
 -26.08834 -26.08834 -26.08834 -26.08834 -26.08834
 -25.74497 -25.74496 -25.74497 -25.74497 -25.74498
 -25.36314 -25.36315 -25.36315 -25.36315 -25.36316
 -25.12918 -25.12918 -25.12918 -25.12918 -25.12918
 -25.03351 -25.03351 -25.03350 -25.03351 -25.03351
 -25.03930 -25.03930 -25.03931 -25.03931 -25.03932
 -25.11541 -25.11540 -25.11540 -25.11540 -25.11541
 -25.23860 -25.23861 -25.23861 -25.23861 -25.23861
 -25.39165 -25.39165 -25.39165 -25.39166 -25.39166
 -25.56141 -25.56140 -25.56141 -25.56141 -25.56141
 -25.73763 -25.73764 -25.73764 -25.73764 -25.73764
 -25.91254 -25.91255 -25.91254 -25.91254 -25.91254
 -26.08085 -26.08085 -26.08085 -26.08085 -26.08085
 -26.23900 -26.23900 -26.23900 -26.23901 -26.23901
 --------------------/ IPRT= 1  / IGRD= 1  /PRB CALC/ Z1=47   / DATE= 14.05.98  
 -24.80756 -24.80756 -24.80756 -24.80756 -24.80756
 -24.88854 -24.88854 -24.88854 -24.88854 -24.88854
 -24.96950 -24.96950 -24.96950 -24.96950 -24.96950
 -25.05044 -25.05043 -25.05043 -25.05044 -25.05044
 -25.13133 -25.13133 -25.13133 -25.13133 -25.13133
 -25.21218 -25.21218 -25.21218 -25.21218 -25.21218
 -25.29294 -25.29294 -25.29294 -25.29294 -25.29294
 -25.37359 -25.37359 -25.37359 -25.37359 -25.37359
 -25.45406 -25.45406 -25.45406 -25.45406 -25.45407
 -25.53432 -25.53432 -25.53432 -25.53432 -25.53432
 -25.61421 -25.61421 -25.61421 -25.61421 -25.61421
 -25.69360 -25.69360 -25.69360 -25.69360 -25.69360
 -25.77227 -25.77227 -25.77227 -25.77227 -25.77227
 -25.84992 -25.84991 -25.84991 -25.84991 -25.84992
 -25.92613 -25.92613 -25.92613 -25.92613 -25.92613
 -25.99941 -25.99941 -25.99941 -25.99941 -25.99940
 -26.05036 -26.05036 -26.05036 -26.05036 -26.05036
 -26.00359 -26.00359 -26.00359 -26.00359 -26.00359
 -25.85044 -25.85044 -25.85044 -25.85044 -25.85045
 -25.71326 -25.71326 -25.71326 -25.71326 -25.71327
 -25.65471 -25.65470 -25.65471 -25.65471 -25.65471
 -25.67088 -25.67089 -25.67088 -25.67088 -25.67090
 -25.74056 -25.74055 -25.74056 -25.74056 -25.74057
 -25.84272 -25.84272 -25.84272 -25.84273 -25.84272
 -25.95943 -25.95942 -25.95942 -25.95942 -25.95942
 -26.07727 -26.07727 -26.07728 -26.07728 -26.07729
 -26.18837 -26.18836 -26.18836 -26.18837 -26.18836
 -26.29023 -26.29023 -26.29023 -26.29023 -26.29024
 -26.38487 -26.38487 -26.38487 -26.38487 -26.38487
 -26.47454 -26.47454 -26.47454 -26.47454 -26.47454
 --------------------/ IPRT= 1  / IGRD= 1  /PRB CALC/ Z1=48   / DATE= 14.05.98  
 -24.68644 -24.68644 -24.68644 -24.68644 -24.68644
 -24.76743 -24.76743 -24.76743 -24.76743 -24.76743
 -24.84840 -24.84840 -24.84840 -24.84840 -24.84840
 -24.92935 -24.92935 -24.92935 -24.92935 -24.92935
 -25.01027 -25.01027 -25.01027 -25.01027 -25.01027
 -25.09116 -25.09116 -25.09116 -25.09116 -25.09116
 -25.17198 -25.17198 -25.17198 -25.17198 -25.17198
 -25.25270 -25.25271 -25.25271 -25.25271 -25.25271
 -25.33331 -25.33331 -25.33331 -25.33331 -25.33331
 -25.41373 -25.41372 -25.41372 -25.41372 -25.41373
 -25.49388 -25.49388 -25.49388 -25.49388 -25.49388
 -25.57364 -25.57363 -25.57363 -25.57363 -25.57363
 -25.65285 -25.65285 -25.65285 -25.65285 -25.65285
 -25.73129 -25.73129 -25.73129 -25.73129 -25.73129
 -25.80866 -25.80866 -25.80866 -25.80866 -25.80866
 -25.88396 -25.88396 -25.88396 -25.88396 -25.88396
 -25.94455 -25.94455 -25.94455 -25.94455 -25.94455
 -25.93444 -25.93444 -25.93444 -25.93444 -25.93443
 -25.82758 -25.82758 -25.82758 -25.82758 -25.82759
 -25.71523 -25.71523 -25.71523 -25.71523 -25.71524
 -25.66551 -25.66552 -25.66552 -25.66551 -25.66552
 -25.68347 -25.68347 -25.68347 -25.68347 -25.68348
 -25.75174 -25.75173 -25.75174 -25.75174 -25.75175
 -25.85079 -25.85079 -25.85079 -25.85079 -25.85080
 -25.96342 -25.96343 -25.96343 -25.96343 -25.96343
 -26.07683 -26.07683 -26.07683 -26.07683 -26.07684
 -26.18364 -26.18364 -26.18364 -26.18364 -26.18364
 -26.28176 -26.28176 -26.28176 -26.28176 -26.28176
 -26.37342 -26.37342 -26.37342 -26.37342 -26.37343
 -26.46089 -26.46089 -26.46089 -26.46089 -26.46089
 --------------------/ IPRT= 1  / IGRD= 1  /PRB CALC/ Z1=49   / DATE= 14.05.98  
 -24.57286 -24.57286 -24.57286 -24.57286 -24.57286
 -24.65386 -24.65386 -24.65386 -24.65386 -24.65386
 -24.73484 -24.73484 -24.73484 -24.73484 -24.73484
 -24.81581 -24.81581 -24.81581 -24.81581 -24.81581
 -24.89676 -24.89676 -24.89676 -24.89676 -24.89676
 -24.97769 -24.97769 -24.97769 -24.97769 -24.97769
 -25.05855 -25.05855 -25.05855 -25.05855 -25.05855
 -25.13937 -25.13937 -25.13937 -25.13937 -25.13937
 -25.22008 -25.22008 -25.22008 -25.22008 -25.22008
 -25.30067 -25.30066 -25.30066 -25.30066 -25.30066
 -25.38106 -25.38106 -25.38106 -25.38106 -25.38106
 -25.46117 -25.46117 -25.46117 -25.46117 -25.46117
 -25.54090 -25.54090 -25.54090 -25.54090 -25.54090
 -25.62011 -25.62011 -25.62011 -25.62011 -25.62011
 -25.69856 -25.69856 -25.69856 -25.69856 -25.69856
 -25.77583 -25.77583 -25.77583 -25.77583 -25.77583
 -25.84747 -25.84747 -25.84747 -25.84747 -25.84747
 -25.89237 -25.89237 -25.89237 -25.89237 -25.89237
 -25.88809 -25.88809 -25.88810 -25.88809 -25.88809
 -25.86086 -25.86086 -25.86086 -25.86086 -25.86086
 -25.85541 -25.85541 -25.85541 -25.85542 -25.85542
 -25.88766 -25.88767 -25.88766 -25.88766 -25.88766
 -25.95037 -25.95038 -25.95038 -25.95038 -25.95038
 -26.03013 -26.03013 -26.03013 -26.03013 -26.03013
 -26.11425 -26.11425 -26.11425 -26.11425 -26.11425
 -26.19479 -26.19479 -26.19479 -26.19479 -26.19479
 -26.26946 -26.26945 -26.26945 -26.26945 -26.26946
 -26.33974 -26.33974 -26.33974 -26.33974 -26.33974
 -26.40955 -26.40955 -26.40955 -26.40955 -26.40955
 -26.48083 -26.48083 -26.48083 -26.48083 -26.48083
 --------------------/ IPRT= 1  / IGRD= 1  /PRB CALC/ Z1=50   / DATE= 14.05.98  
 -24.48132 -24.48132 -24.48132 -24.48132 -24.48132
 -24.56232 -24.56232 -24.56232 -24.56232 -24.56232
 -24.64332 -24.64332 -24.64332 -24.64332 -24.64331
 -24.72429 -24.72429 -24.72429 -24.72429 -24.72429
 -24.80526 -24.80525 -24.80525 -24.80525 -24.80526
 -24.88620 -24.88620 -24.88620 -24.88620 -24.88620
 -24.96712 -24.96712 -24.96712 -24.96712 -24.96711
 -25.04797 -25.04797 -25.04797 -25.04797 -25.04797
 -25.12875 -25.12875 -25.12875 -25.12875 -25.12875
 -25.20944 -25.20944 -25.20944 -25.20944 -25.20944
 -25.28998 -25.28998 -25.28998 -25.28998 -25.28998
 -25.37032 -25.37032 -25.37032 -25.37032 -25.37031
 -25.45038 -25.45039 -25.45038 -25.45038 -25.45038
 -25.53005 -25.53005 -25.53005 -25.53005 -25.53005
 -25.60920 -25.60919 -25.60919 -25.60919 -25.60920
 -25.68748 -25.68748 -25.68748 -25.68748 -25.68748
 -25.76086 -25.76086 -25.76086 -25.76086 -25.76086
 -25.80545 -25.80545 -25.80545 -25.80545 -25.80545
 -25.78865 -25.78865 -25.78865 -25.78865 -25.78866
 -25.73898 -25.73897 -25.73897 -25.73897 -25.73898
 -25.71455 -25.71455 -25.71455 -25.71455 -25.71455
 -25.73736 -25.73736 -25.73736 -25.73737 -25.73737
 -25.80078 -25.80078 -25.80078 -25.80078 -25.80078
 -25.88990 -25.88990 -25.88990 -25.88991 -25.88991
 -25.99016 -25.99016 -25.99016 -25.99016 -25.99016
 -26.09047 -26.09047 -26.09047 -26.09047 -26.09047
 -26.18506 -26.18506 -26.18506 -26.18506 -26.18506
 -26.27283 -26.27283 -26.27283 -26.27283 -26.27283
 -26.35644 -26.35643 -26.35643 -26.35643 -26.35643
 -26.43804 -26.43804 -26.43804 -26.43804 -26.43804
 --------------------/ IPRT= 1  / IGRD= 1  /PRB CALC/ Z1=51   / DATE= 14.05.98  
 -24.39681 -24.39681 -24.39681 -24.39681 -24.39681
 -24.47782 -24.47783 -24.47783 -24.47782 -24.47782
 -24.55882 -24.55882 -24.55882 -24.55882 -24.55882
 -24.63981 -24.63981 -24.63981 -24.63981 -24.63981
 -24.72079 -24.72079 -24.72079 -24.72079 -24.72079
 -24.80176 -24.80176 -24.80176 -24.80176 -24.80176
 -24.88270 -24.88270 -24.88270 -24.88270 -24.88270
 -24.96360 -24.96360 -24.96360 -24.96360 -24.96360
 -25.04446 -25.04446 -25.04446 -25.04446 -25.04446
 -25.12524 -25.12524 -25.12524 -25.12524 -25.12525
 -25.20593 -25.20593 -25.20593 -25.20593 -25.20593
 -25.28650 -25.28650 -25.28650 -25.28650 -25.28650
 -25.36689 -25.36689 -25.36689 -25.36689 -25.36689
 -25.44703 -25.44703 -25.44703 -25.44703 -25.44702
 -25.52681 -25.52681 -25.52681 -25.52681 -25.52681
 -25.60610 -25.60610 -25.60610 -25.60610 -25.60610
 -25.68372 -25.68372 -25.68373 -25.68373 -25.68372
 -25.75270 -25.75270 -25.75270 -25.75270 -25.75270
 -25.80040 -25.80041 -25.80041 -25.80041 -25.80041
 -25.82901 -25.82901 -25.82902 -25.82902 -25.82903
 -25.85911 -25.85911 -25.85911 -25.85911 -25.85911
 -25.90560 -25.90560 -25.90560 -25.90560 -25.90560
 -25.96852 -25.96852 -25.96852 -25.96852 -25.96852
 -26.04052 -26.04052 -26.04052 -26.04052 -26.04052
 -26.11425 -26.11425 -26.11425 -26.11425 -26.11425
 -26.18474 -26.18474 -26.18474 -26.18474 -26.18474
 -26.25127 -26.25127 -26.25127 -26.25127 -26.25127
 -26.31565 -26.31565 -26.31565 -26.31565 -26.31565
 -26.38141 -26.38141 -26.38141 -26.38141 -26.38141
 -26.45010 -26.45010 -26.45010 -26.45010 -26.45010
 --------------------/ IPRT= 1  / IGRD= 1  /PRB CALC/ Z1=52   / DATE= 14.05.98  
 -24.32418 -24.32418 -24.32418 -24.32418 -24.32418
 -24.40519 -24.40520 -24.40520 -24.40520 -24.40520
 -24.48619 -24.48619 -24.48619 -24.48619 -24.48620
 -24.56720 -24.56720 -24.56720 -24.56720 -24.56720
 -24.64818 -24.64818 -24.64818 -24.64818 -24.64818
 -24.72916 -24.72916 -24.72916 -24.72916 -24.72916
 -24.81012 -24.81013 -24.81013 -24.81012 -24.81013
 -24.89106 -24.89106 -24.89106 -24.89106 -24.89106
 -24.97197 -24.97197 -24.97197 -24.97197 -24.97197
 -25.05283 -25.05283 -25.05283 -25.05283 -25.05283
 -25.13364 -25.13364 -25.13364 -25.13364 -25.13364
 -25.21437 -25.21437 -25.21437 -25.21437 -25.21437
 -25.29499 -25.29498 -25.29498 -25.29499 -25.29498
 -25.37542 -25.37542 -25.37542 -25.37542 -25.37542
 -25.45564 -25.45564 -25.45564 -25.45564 -25.45564
 -25.53556 -25.53556 -25.53556 -25.53556 -25.53556
 -25.61510 -25.61510 -25.61510 -25.61510 -25.61510
 -25.69416 -25.69416 -25.69416 -25.69416 -25.69417
 -25.77250 -25.77250 -25.77250 -25.77250 -25.77250
 -25.84958 -25.84958 -25.84958 -25.84958 -25.84958
 -25.92441 -25.92441 -25.92441 -25.92441 -25.92441
 -25.99459 -25.99459 -25.99459 -25.99460 -25.99459
 -26.05491 -26.05491 -26.05491 -26.05491 -26.05491
 -26.10186 -26.10186 -26.10186 -26.10186 -26.10186
 -26.14132 -26.14131 -26.14131 -26.14131 -26.14131
 -26.18202 -26.18202 -26.18202 -26.18202 -26.18202
 -26.22977 -26.22977 -26.22977 -26.22977 -26.22977
 -26.28560 -26.28560 -26.28560 -26.28560 -26.28560
 -26.34932 -26.34932 -26.34932 -26.34932 -26.34932
 -26.41928 -26.41928 -26.41928 -26.41928 -26.41928
 --------------------/ IPRT= 1  / IGRD= 1  /PRB CALC/ Z1=53   / DATE= 14.05.98  
 -24.23337 -24.23337 -24.23337 -24.23337 -24.23337
 -24.31438 -24.31438 -24.31438 -24.31438 -24.31438
 -24.39539 -24.39539 -24.39539 -24.39539 -24.39539
 -24.47639 -24.47639 -24.47639 -24.47639 -24.47639
 -24.55739 -24.55738 -24.55738 -24.55739 -24.55739
 -24.63838 -24.63839 -24.63839 -24.63839 -24.63838
 -24.71938 -24.71938 -24.71938 -24.71938 -24.71938
 -24.80036 -24.80036 -24.80036 -24.80036 -24.80036
 -24.88134 -24.88134 -24.88134 -24.88134 -24.88134
 -24.96230 -24.96230 -24.96230 -24.96230 -24.96230
 -25.04322 -25.04322 -25.04322 -25.04321 -25.04322
 -25.12408 -25.12408 -25.12408 -25.12408 -25.12408
 -25.20485 -25.20485 -25.20485 -25.20485 -25.20485
 -25.28553 -25.28553 -25.28553 -25.28553 -25.28553
 -25.36608 -25.36608 -25.36608 -25.36608 -25.36608
 -25.44648 -25.44648 -25.44648 -25.44648 -25.44648
 -25.52668 -25.52669 -25.52668 -25.52668 -25.52668
 -25.60665 -25.60665 -25.60666 -25.60666 -25.60665
 -25.68627 -25.68627 -25.68627 -25.68627 -25.68627
 -25.76520 -25.76520 -25.76520 -25.76520 -25.76519
 -25.84279 -25.84279 -25.84279 -25.84279 -25.84279
 -25.91805 -25.91805 -25.91805 -25.91805 -25.91805
 -25.98936 -25.98936 -25.98936 -25.98936 -25.98936
 -26.05517 -26.05517 -26.05517 -26.05517 -26.05517
 -26.11673 -26.11673 -26.11673 -26.11673 -26.11673
 -26.17495 -26.17495 -26.17495 -26.17494 -26.17494
 -26.23207 -26.23207 -26.23207 -26.23207 -26.23207
 -26.29035 -26.29035 -26.29035 -26.29035 -26.29035
 -26.35221 -26.35221 -26.35221 -26.35221 -26.35221
 -26.41877 -26.41877 -26.41877 -26.41877 -26.41877
 --------------------/ IPRT= 1  / IGRD= 1  /PRB CALC/ Z1=54   / DATE= 14.05.98  
 -24.15454 -24.15454 -24.15454 -24.15454 -24.15454
 -24.23556 -24.23555 -24.23555 -24.23555 -24.23556
 -24.31657 -24.31657 -24.31657 -24.31657 -24.31657
 -24.39759 -24.39759 -24.39759 -24.39759 -24.39759
 -24.47859 -24.47859 -24.47859 -24.47859 -24.47859
 -24.55960 -24.55960 -24.55960 -24.55960 -24.55960
 -24.64060 -24.64061 -24.64061 -24.64061 -24.64060
 -24.72161 -24.72161 -24.72161 -24.72161 -24.72161
 -24.80260 -24.80259 -24.80259 -24.80259 -24.80259
 -24.88358 -24.88357 -24.88357 -24.88357 -24.88358
 -24.96454 -24.96454 -24.96454 -24.96454 -24.96454
 -25.04549 -25.04549 -25.04549 -25.04549 -25.04549
 -25.12643 -25.12643 -25.12643 -25.12643 -25.12643
 -25.20735 -25.20735 -25.20735 -25.20735 -25.20735
 -25.28827 -25.28827 -25.28827 -25.28827 -25.28827
 -25.36917 -25.36917 -25.36917 -25.36917 -25.36917
 -25.45008 -25.45008 -25.45008 -25.45008 -25.45009
 -25.53101 -25.53101 -25.53101 -25.53101 -25.53101
 -25.61190 -25.61190 -25.61190 -25.61190 -25.61190
 -25.69255 -25.69255 -25.69255 -25.69255 -25.69255
 -25.77258 -25.77258 -25.77258 -25.77258 -25.77258
 -25.85160 -25.85159 -25.85159 -25.85160 -25.85160
 -25.92896 -25.92896 -25.92896 -25.92896 -25.92896
 -26.00314 -26.00314 -26.00314 -26.00314 -26.00314
 -26.07428 -26.07428 -26.07428 -26.07428 -26.07429
 -26.14131 -26.14131 -26.14131 -26.14131 -26.14131
 -26.20514 -26.20514 -26.20514 -26.20514 -26.20514
 -26.26792 -26.26792 -26.26792 -26.26792 -26.26792
 -26.33230 -26.33230 -26.33230 -26.33230 -26.33230
 -26.40034 -26.40034 -26.40034 -26.40034 -26.40034
