    6    5   50    1    6  Be  25.0 Al 0.2 Si 0.2  Abs: Si 300.0               
================================================================================
  11.00000  12.00000  13.00000  14.00000  15.00000
   0.69897   0.78060   0.86224   0.94387   1.02550   1.10713   1.18877   1.27040
   1.35203   1.43366   1.51530   1.59693   1.67856   1.76019   1.84183   1.92346
   2.00509   2.08672   2.16836   2.24999   2.33162   2.41326   2.49489   2.57652
   2.65815   2.73979   2.82142   2.90305   2.98468   3.06632   3.14795   3.22958
   3.31121   3.39285   3.47448   3.55611   3.63775   3.71938   3.80101   3.88264
   3.96428   4.04591   4.12754   4.20917   4.29081   4.37244   4.45407   4.53570
   4.61734   4.69897
================================================================================
 -60.00000 -60.00000 -60.00000 -60.00000 -60.00000
 -60.00000 -60.00000 -60.00000 -60.00000 -60.00000
 -60.00000 -60.00000 -60.00000 -60.00000 -60.00000
 -60.00000 -60.00000 -60.00000 -60.00000 -60.00000
 -59.97148 -59.97148 -59.97148 -59.97148 -59.97148
 -56.09539 -56.09539 -56.09540 -56.09540 -56.09540
 -52.71357 -52.71359 -52.71360 -52.71363 -52.71363
 -49.76094 -49.76100 -49.76107 -49.76121 -49.76121
 -47.18271 -47.18278 -47.18308 -47.18345 -47.18345
 -44.93384 -44.93396 -44.93451 -44.93520 -44.93520
 -42.97731 -42.97748 -42.97824 -42.97919 -42.97919
 -41.27839 -41.27859 -41.27946 -41.27946 -41.28055
 -39.80426 -39.80446 -39.80478 -39.80533 -39.80643
 -38.52434 -38.52453 -38.52483 -38.52534 -38.52636
 -37.41192 -37.41220 -37.41246 -37.41292 -37.41382
 -36.44447 -36.44471 -36.44493 -36.44533 -36.44610
 -35.60262 -35.60282 -35.60301 -35.60334 -35.60398
 -34.87017 -34.87034 -34.87050 -34.87077 -34.87131
 -34.23337 -34.23351 -34.23364 -34.23386 -34.23431
 -33.68027 -33.68038 -33.68049 -33.68067 -33.68104
 -33.19990 -33.19999 -33.20008 -33.20023 -33.20052
 -32.78256 -32.78263 -32.78270 -32.78282 -32.78306
 -32.41943 -32.41949 -32.41954 -32.41964 -32.41984
 -32.10268 -32.10273 -32.10277 -32.10285 -32.10301
 -31.82533 -31.82535 -31.82541 -31.82547 -31.82560
 -31.58161 -31.58162 -31.58167 -31.58172 -31.58182
 -31.36642 -31.36643 -31.36647 -31.36651 -31.36660
 -31.17573 -31.17575 -31.17578 -31.17581 -31.17587
 -31.00617 -31.00618 -31.00621 -31.00623 -31.00628
 -30.85436 -30.85437 -30.85439 -30.85441 -30.85445
 -30.71862 -30.71862 -30.71864 -30.71865 -30.71868
 -30.59641 -30.59641 -30.59643 -30.59644 -30.59646
 -30.48710 -30.48711 -30.48711 -30.48712 -30.48714
 -30.38902 -30.38902 -30.38903 -30.38904 -30.38906
 -30.30225 -30.30225 -30.30225 -30.30226 -30.30227
 -30.22610 -30.22610 -30.22610 -30.22611 -30.22611
 -30.16041 -30.16041 -30.16041 -30.16042 -30.16042
 -30.10490 -30.10490 -30.10490 -30.10490 -30.10490
 -30.05924 -30.05924 -30.05924 -30.05924 -30.05924
 -30.02288 -30.02288 -30.02288 -30.02288 -30.02288
 -29.99552 -29.99552 -29.99552 -29.99552 -29.99552
 -29.97643 -29.97643 -29.97643 -29.97643 -29.97643
 -29.96518 -29.96518 -29.96518 -29.96518 -29.96518
 -29.96109 -29.96109 -29.96109 -29.96109 -29.96109
 -29.96348 -29.96348 -29.96348 -29.96348 -29.96348
 -29.97163 -29.97163 -29.97163 -29.97163 -29.97163
 -29.98488 -29.98488 -29.98488 -29.98488 -29.98488
 -30.00257 -30.00257 -30.00257 -30.00257 -30.00257
 -30.02411 -30.02411 -30.02411 -30.02411 -30.02411
 -30.04896 -30.04896 -30.04896 -30.04897 -30.04897
================================================================================
 -60.00000 -60.00000 -60.00000 -60.00000 -60.00000
 -60.00000 -60.00000 -60.00000 -60.00000 -60.00000
 -60.00000 -60.00000 -60.00000 -60.00000 -60.00000
 -60.00000 -60.00000 -60.00000 -60.00000 -60.00000
 -59.39918 -59.39918 -59.39918 -59.39918 -59.39918
 -55.52159 -55.52159 -55.52160 -55.52161 -55.52162
 -52.12910 -52.12912 -52.12916 -52.12926 -52.12937
 -49.14778 -49.14788 -49.14806 -49.14850 -49.14898
 -46.52583 -46.52607 -46.52653 -46.52761 -46.52880
 -44.23718 -44.23759 -44.23836 -44.24017 -44.24215
 -42.25724 -42.25777 -42.25879 -42.26117 -42.26376
 -40.55132 -40.55213 -40.55329 -40.55598 -40.55891
 -39.08162 -39.08245 -39.08364 -39.08641 -39.08941
 -37.81129 -37.81209 -37.81325 -37.81427 -37.81877
 -36.71066 -36.71140 -36.71246 -36.71340 -36.71753
 -35.75382 -35.75447 -35.75542 -35.75626 -35.75993
 -34.92156 -34.92214 -34.92297 -34.92370 -34.92690
 -34.19678 -34.19707 -34.19799 -34.19862 -34.19963
 -33.56648 -33.56680 -33.56760 -33.56813 -33.56899
 -33.01856 -33.01883 -33.01920 -33.01996 -33.02068
 -32.54280 -32.54303 -32.54334 -32.54397 -32.54458
 -32.12913 -32.12932 -32.12958 -32.13011 -32.13061
 -31.76916 -31.76932 -31.76954 -31.76998 -31.77040
 -31.45461 -31.45475 -31.45492 -31.45529 -31.45564
 -31.17911 -31.17922 -31.17936 -31.17966 -31.17995
 -30.93669 -30.93678 -30.93690 -30.93714 -30.93738
 -30.72257 -30.72263 -30.72275 -30.72296 -30.72315
 -30.53276 -30.53281 -30.53292 -30.53308 -30.53324
 -30.36417 -30.36421 -30.36429 -30.36442 -30.36455
 -30.21362 -30.21365 -30.21372 -30.21376 -30.21392
 -30.07943 -30.07945 -30.07951 -30.07954 -30.07967
 -29.95948 -29.95950 -29.95953 -29.95958 -29.95969
 -29.85262 -29.85264 -29.85266 -29.85270 -29.85278
 -29.75768 -29.75770 -29.75772 -29.75775 -29.75782
 -29.67401 -29.67403 -29.67404 -29.67406 -29.67412
 -29.60107 -29.60107 -29.60109 -29.60110 -29.60115
 -29.53774 -29.53774 -29.53775 -29.53777 -29.53780
 -29.48444 -29.48445 -29.48445 -29.48447 -29.48448
 -29.44014 -29.44015 -29.44015 -29.44016 -29.44017
 -29.40508 -29.40509 -29.40509 -29.40510 -29.40511
 -29.37835 -29.37835 -29.37836 -29.37836 -29.37837
 -29.35984 -29.35984 -29.35984 -29.35985 -29.35985
 -29.34902 -29.34902 -29.34902 -29.34903 -29.34903
 -29.34530 -29.34530 -29.34530 -29.34530 -29.34531
 -29.34804 -29.34804 -29.34804 -29.34805 -29.34805
 -29.35655 -29.35655 -29.35655 -29.35655 -29.35656
 -29.37003 -29.37003 -29.37003 -29.37003 -29.37004
 -29.38789 -29.38789 -29.38790 -29.38790 -29.38790
 -29.40949 -29.40949 -29.40949 -29.40949 -29.40949
 -29.43431 -29.43431 -29.43431 -29.43431 -29.43431
================================================================================
 -60.00000 -60.00000 -60.00000 -60.00000 -60.00000
 -60.00000 -60.00000 -60.00000 -60.00000 -60.00000
 -60.00000 -60.00000 -60.00000 -60.00000 -60.00000
 -60.00000 -60.00000 -60.00000 -60.00000 -60.00000
 -59.05747 -59.05747 -59.05747 -59.05747 -59.05748
 -55.16116 -55.16116 -55.16117 -55.16118 -55.16121
 -51.69358 -51.69362 -51.69367 -51.69376 -51.69398
 -48.59193 -48.59208 -48.59223 -48.59253 -48.59327
 -45.87918 -45.87947 -45.87978 -45.88038 -45.88184
 -43.55653 -43.55683 -43.55746 -43.55839 -43.56062
 -41.58353 -41.58393 -41.58478 -41.58603 -41.58898
 -39.90608 -39.90657 -39.90760 -39.90911 -39.91046
 -38.47346 -38.47401 -38.47518 -38.47687 -38.47838
 -37.24147 -37.24218 -37.24341 -37.24519 -37.24678
 -36.17621 -36.17693 -36.17816 -36.17994 -36.18153
 -35.24990 -35.25059 -35.25177 -35.25349 -35.25501
 -34.44276 -34.44340 -34.44403 -34.44611 -34.44752
 -33.73795 -33.73834 -33.73911 -33.74015 -33.74229
 -33.12420 -33.12455 -33.12524 -33.12616 -33.12807
 -32.58932 -32.58969 -32.59030 -32.59111 -32.59278
 -32.12413 -32.12446 -32.12499 -32.12569 -32.12715
 -31.71885 -31.71913 -31.71958 -31.72019 -31.72143
 -31.36569 -31.36593 -31.36631 -31.36683 -31.36789
 -31.05632 -31.05652 -31.05685 -31.05729 -31.05819
 -30.78538 -30.78552 -30.78586 -30.78622 -30.78698
 -30.54679 -30.54691 -30.54709 -30.54750 -30.54813
 -30.33563 -30.33573 -30.33588 -30.33622 -30.33675
 -30.14829 -30.14837 -30.14850 -30.14878 -30.14923
 -29.98210 -29.98217 -29.98227 -29.98250 -29.98264
 -29.83320 -29.83327 -29.83335 -29.83346 -29.83366
 -29.70026 -29.70031 -29.70038 -29.70047 -29.70064
 -29.58126 -29.58129 -29.58136 -29.58144 -29.58158
 -29.47496 -29.47499 -29.47505 -29.47511 -29.47522
 -29.38035 -29.38037 -29.38042 -29.38047 -29.38057
 -29.29735 -29.29737 -29.29739 -29.29744 -29.29752
 -29.22495 -29.22497 -29.22499 -29.22503 -29.22509
 -29.16279 -29.16280 -29.16282 -29.16285 -29.16290
 -29.11079 -29.11080 -29.11082 -29.11084 -29.11088
 -29.06850 -29.06851 -29.06852 -29.06854 -29.06858
 -29.03556 -29.03556 -29.03557 -29.03559 -29.03562
 -29.01110 -29.01110 -29.01111 -29.01112 -29.01115
 -28.99464 -28.99465 -28.99465 -28.99466 -28.99468
 -28.98549 -28.98549 -28.98549 -28.98550 -28.98551
 -28.98293 -28.98293 -28.98294 -28.98294 -28.98295
 -28.98643 -28.98644 -28.98644 -28.98644 -28.98645
 -28.99519 -28.99519 -28.99520 -28.99520 -28.99521
 -29.00894 -29.00894 -29.00895 -29.00895 -29.00895
 -29.02700 -29.02701 -29.02701 -29.02701 -29.02701
 -29.04891 -29.04891 -29.04891 -29.04891 -29.04891
 -29.07411 -29.07411 -29.07411 -29.07411 -29.07411
================================================================================
 -60.00000 -60.00000 -60.00000 -60.00000 -60.00000
 -60.00000 -60.00000 -60.00000 -60.00000 -60.00000
 -60.00000 -60.00000 -60.00000 -60.00000 -60.00000
 -60.00000 -60.00000 -60.00000 -60.00000 -60.00000
 -58.79461 -58.79461 -58.79461 -58.79461 -58.79461
 -54.76739 -54.76739 -54.76740 -54.76741 -54.76744
 -51.07165 -51.07167 -51.07172 -51.07177 -51.07189
 -47.83504 -47.83509 -47.83516 -47.83532 -47.83560
 -45.09340 -45.09349 -45.09362 -45.09392 -45.09444
 -42.79009 -42.79023 -42.79044 -42.79093 -42.79125
 -40.85424 -40.85444 -40.85475 -40.85546 -40.85592
 -39.21990 -39.22021 -39.22062 -39.22115 -39.22219
 -37.83278 -37.83316 -37.83368 -37.83434 -37.83562
 -36.64633 -36.64665 -36.64739 -36.64816 -36.64966
 -35.62542 -35.62578 -35.62660 -35.62746 -35.62912
 -34.74066 -34.74105 -34.74162 -34.74283 -34.74458
 -33.97098 -33.97145 -33.97203 -33.97326 -33.97504
 -33.29957 -33.30003 -33.30060 -33.30181 -33.30356
 -32.71377 -32.71421 -32.71476 -32.71592 -32.71759
 -32.20372 -32.20402 -32.20464 -32.20572 -32.20728
 -31.75831 -31.75858 -31.75916 -31.76014 -31.76156
 -31.37074 -31.37098 -31.37150 -31.37238 -31.37366
 -31.03148 -31.03169 -31.03215 -31.03259 -31.03406
 -30.73412 -30.73431 -30.73458 -30.73510 -30.73581
 -30.47262 -30.47279 -30.47302 -30.47348 -30.47409
 -30.24252 -30.24261 -30.24285 -30.24325 -30.24377
 -30.03751 -30.03760 -30.03781 -30.03814 -30.03859
 -29.85582 -29.85589 -29.85607 -29.85636 -29.85674
 -29.69480 -29.69486 -29.69501 -29.69524 -29.69556
 -29.54987 -29.54992 -29.55004 -29.55024 -29.55051
 -29.42010 -29.42013 -29.42021 -29.42041 -29.42064
 -29.30364 -29.30366 -29.30373 -29.30384 -29.30409
 -29.19945 -29.19947 -29.19953 -29.19963 -29.19983
 -29.10670 -29.10671 -29.10676 -29.10684 -29.10702
 -29.02554 -29.02555 -29.02559 -29.02565 -29.02580
 -28.95444 -28.95445 -28.95449 -28.95454 -28.95460
 -28.89295 -28.89296 -28.89299 -28.89303 -28.89309
 -28.84157 -28.84157 -28.84159 -28.84163 -28.84168
 -28.79991 -28.79991 -28.79993 -28.79996 -28.80000
 -28.76758 -28.76759 -28.76760 -28.76763 -28.76766
 -28.74417 -28.74417 -28.74418 -28.74419 -28.74423
 -28.72901 -28.72901 -28.72902 -28.72903 -28.72905
 -28.72152 -28.72152 -28.72153 -28.72154 -28.72156
 -28.72071 -28.72071 -28.72072 -28.72073 -28.72074
 -28.72584 -28.72584 -28.72585 -28.72586 -28.72587
 -28.73625 -28.73625 -28.73625 -28.73626 -28.73627
 -28.75110 -28.75110 -28.75110 -28.75110 -28.75111
 -28.77001 -28.77001 -28.77002 -28.77002 -28.77003
 -28.79221 -28.79221 -28.79221 -28.79221 -28.79222
 -28.81761 -28.81761 -28.81761 -28.81762 -28.81762
================================================================================
 -59.99767 -59.99767 -59.99767 -59.99767 -59.99767
 -56.91635 -56.91635 -56.91635 -56.91635 -56.91635
 -52.48372 -52.48372 -52.48372 -52.48372 -52.48372
 -48.81104 -48.81104 -48.81104 -48.81104 -48.81104
 -45.76704 -45.76704 -45.76704 -45.76704 -45.76704
 -43.24214 -43.24214 -43.24214 -43.24214 -43.24214
 -41.14511 -41.14511 -41.14511 -41.14511 -41.14511
 -39.40021 -39.40021 -39.40021 -39.40021 -39.40021
 -37.94422 -37.94422 -37.94422 -37.94422 -37.94422
 -36.72359 -36.72359 -36.72359 -36.72359 -36.72359
 -35.69464 -35.69464 -35.69464 -35.69464 -35.69464
 -34.82011 -34.82011 -34.82011 -34.82011 -34.82011
 -34.07131 -34.07131 -34.07131 -34.07131 -34.07131
 -33.42341 -33.42341 -33.42341 -33.42341 -33.42342
 -32.85931 -32.85931 -32.85931 -32.85931 -32.85932
 -32.36392 -32.36392 -32.36392 -32.36393 -32.36395
 -31.92754 -31.92754 -31.92755 -31.92758 -31.92761
 -31.54195 -31.54196 -31.54198 -31.54201 -31.54208
 -31.20195 -31.20196 -31.20199 -31.20204 -31.20216
 -30.90343 -30.90345 -30.90350 -30.90358 -30.90376
 -30.63934 -30.63936 -30.63943 -30.63954 -30.63979
 -30.40616 -30.40617 -30.40628 -30.40642 -30.40660
 -30.19759 -30.19761 -30.19774 -30.19791 -30.19812
 -30.00843 -30.00845 -30.00855 -30.00879 -30.00903
 -29.83799 -29.83801 -29.83812 -29.83837 -29.83863
 -29.68418 -29.68420 -29.68432 -29.68458 -29.68484
 -29.54033 -29.54033 -29.54046 -29.54063 -29.54098
 -29.40921 -29.40921 -29.40934 -29.40950 -29.40984
 -29.29332 -29.29332 -29.29344 -29.29359 -29.29390
 -29.18214 -29.18214 -29.18222 -29.18239 -29.18268
 -29.08047 -29.08047 -29.08054 -29.08069 -29.08095
 -28.98631 -28.98631 -28.98637 -28.98651 -28.98674
 -28.90078 -28.90078 -28.90083 -28.90095 -28.90107
 -28.82309 -28.82309 -28.82314 -28.82321 -28.82335
 -28.75716 -28.75716 -28.75720 -28.75726 -28.75738
 -28.69820 -28.69820 -28.69823 -28.69829 -28.69838
 -28.64542 -28.64542 -28.64544 -28.64549 -28.64557
 -28.60132 -28.60132 -28.60134 -28.60138 -28.60145
 -28.56564 -28.56564 -28.56565 -28.56569 -28.56575
 -28.53812 -28.53812 -28.53813 -28.53816 -28.53821
 -28.51871 -28.51871 -28.51871 -28.51874 -28.51878
 -28.50688 -28.50688 -28.50688 -28.50690 -28.50693
 -28.50230 -28.50230 -28.50230 -28.50232 -28.50234
 -28.50429 -28.50429 -28.50429 -28.50430 -28.50432
 -28.51216 -28.51216 -28.51216 -28.51217 -28.51219
 -28.52535 -28.52535 -28.52535 -28.52536 -28.52537
 -28.54253 -28.54253 -28.54253 -28.54254 -28.54255
 -28.56384 -28.56384 -28.56384 -28.56385 -28.56386
 -28.58781 -28.58781 -28.58781 -28.58781 -28.58782
 -28.61490 -28.61490 -28.61490 -28.61490 -28.61491
================================================================================
 -53.35124 -53.35124 -53.35124 -53.35124 -53.35124
 -49.45778 -49.45778 -49.45778 -49.45778 -49.45778
 -46.23347 -46.23347 -46.23347 -46.23347 -46.23347
 -43.56234 -43.56234 -43.56234 -43.56234 -43.56234
 -41.34828 -41.34828 -41.34828 -41.34828 -41.34828
 -39.51109 -39.51109 -39.51109 -39.51109 -39.51109
 -37.98394 -37.98394 -37.98394 -37.98394 -37.98394
 -36.71125 -36.71125 -36.71125 -36.71125 -36.71125
 -35.64655 -35.64655 -35.64655 -35.64655 -35.64655
 -34.75015 -34.75015 -34.75015 -34.75015 -34.75015
 -33.98987 -33.98987 -33.98987 -33.98987 -33.98987
 -33.33798 -33.33798 -33.33798 -33.33798 -33.33798
 -32.77372 -32.77372 -32.77372 -32.77372 -32.77372
 -32.27889 -32.27889 -32.27889 -32.27889 -32.27889
 -31.84196 -31.84196 -31.84197 -31.84197 -31.84197
 -31.45263 -31.45263 -31.45263 -31.45263 -31.45263
 -31.10523 -31.10523 -31.10523 -31.10523 -31.10524
 -30.79500 -30.79500 -30.79501 -30.79502 -30.79504
 -30.51971 -30.51971 -30.51972 -30.51974 -30.51978
 -30.27773 -30.27773 -30.27775 -30.27778 -30.27785
 -30.06393 -30.06393 -30.06396 -30.06402 -30.06408
 -29.87632 -29.87632 -29.87636 -29.87644 -29.87652
 -29.70946 -29.70946 -29.70951 -29.70959 -29.70974
 -29.55841 -29.55841 -29.55846 -29.55857 -29.55876
 -29.42295 -29.42295 -29.42300 -29.42313 -29.42334
 -29.30139 -29.30139 -29.30144 -29.30159 -29.30183
 -29.18591 -29.18591 -29.18597 -29.18612 -29.18637
 -29.08037 -29.08037 -29.08044 -29.08060 -29.08085
 -28.98863 -28.98863 -28.98869 -28.98885 -28.98910
 -28.89722 -28.89722 -28.89725 -28.89738 -28.89767
 -28.81267 -28.81267 -28.81271 -28.81282 -28.81300
 -28.73290 -28.73290 -28.73294 -28.73304 -28.73321
 -28.65978 -28.65978 -28.65981 -28.65991 -28.66006
 -28.59264 -28.59264 -28.59267 -28.59276 -28.59289
 -28.53766 -28.53766 -28.53768 -28.53776 -28.53788
 -28.48776 -28.48776 -28.48777 -28.48784 -28.48795
 -28.44154 -28.44154 -28.44155 -28.44160 -28.44170
 -28.40326 -28.40326 -28.40326 -28.40330 -28.40340
 -28.37268 -28.37268 -28.37269 -28.37273 -28.37278
 -28.34939 -28.34939 -28.34939 -28.34942 -28.34946
 -28.33328 -28.33328 -28.33328 -28.33331 -28.33334
 -28.32419 -28.32419 -28.32419 -28.32422 -28.32425
 -28.32190 -28.32190 -28.32190 -28.32192 -28.32195
 -28.32581 -28.32581 -28.32581 -28.32583 -28.32585
 -28.33549 -28.33549 -28.33549 -28.33550 -28.33552
 -28.35025 -28.35025 -28.35025 -28.35025 -28.35027
 -28.36944 -28.36944 -28.36944 -28.36945 -28.36946
 -28.39250 -28.39250 -28.39250 -28.39251 -28.39252
 -28.41832 -28.41832 -28.41832 -28.41832 -28.41833
 -28.44702 -28.44702 -28.44702 -28.44702 -28.44703
