   36    5   35    1   36     /KRYPTON            /ABELS-VAN MAANEN 1985   ADF1
================================================================================
  11.00000  12.00000  13.00000  14.00000  15.00000
   0.00000   0.13535   0.27071   0.40606   0.54142   0.67677   0.81213   0.94748
   1.08284   1.21819   1.35355   1.48890   1.62426   1.75961   1.89497   2.03032
   2.16568   2.30103   2.43638   2.57174   2.70709   2.84245   2.97780   3.11316
   3.24851   3.38387   3.51922   3.65458   3.78993   3.92529   4.06064   4.19600
   4.33135   4.46671   4.60206
 --------------------/ IPRT= 1  / IGRD= 1  /IONIS   / Z1= 1   / DATE= 17.01.97  
 -13.14268 -13.14268 -13.14268 -13.14268 -13.14268
 -11.46959 -11.46959 -11.46959 -11.46959 -11.46959
 -10.19961 -10.19961 -10.19961 -10.19961 -10.19961
  -9.28627  -9.28627  -9.28627  -9.28627  -9.28627
  -8.59342  -8.59342  -8.59342  -8.59342  -8.59342
  -8.08196  -8.08196  -8.08196  -8.08196  -8.08196
  -7.69847  -7.69847  -7.69847  -7.69847  -7.69847
  -7.41147  -7.41147  -7.41147  -7.41147  -7.41147
  -7.19629  -7.19629  -7.19629  -7.19629  -7.19629
  -7.03509  -7.03509  -7.03509  -7.03509  -7.03509
  -6.91508  -6.91508  -6.91508  -6.91508  -6.91508
  -6.82684  -6.82684  -6.82684  -6.82684  -6.82684
  -6.76345  -6.76345  -6.76345  -6.76345  -6.76345
  -6.71972  -6.71972  -6.71972  -6.71972  -6.71972
  -6.69168  -6.69168  -6.69168  -6.69168  -6.69168
  -6.67625  -6.67625  -6.67625  -6.67625  -6.67625
  -6.67112  -6.67112  -6.67112  -6.67112  -6.67112
  -6.67441  -6.67441  -6.67441  -6.67441  -6.67441
  -6.68466  -6.68466  -6.68466  -6.68466  -6.68466
  -6.70071  -6.70071  -6.70071  -6.70071  -6.70071
  -6.72165  -6.72165  -6.72165  -6.72165  -6.72165
  -6.74672  -6.74672  -6.74672  -6.74672  -6.74672
  -6.77533  -6.77532  -6.77532  -6.77532  -6.77533
  -6.80696  -6.80696  -6.80696  -6.80696  -6.80696
  -6.84124  -6.84124  -6.84124  -6.84124  -6.84124
  -6.87781  -6.87781  -6.87781  -6.87781  -6.87781
  -6.91641  -6.91641  -6.91641  -6.91641  -6.91641
  -6.95679  -6.95679  -6.95679  -6.95679  -6.95679
  -6.99876  -6.99876  -6.99876  -6.99876  -6.99876
  -7.04213  -7.04213  -7.04213  -7.04213  -7.04213
  -7.08679  -7.08679  -7.08679  -7.08679  -7.08679
  -7.13260  -7.13260  -7.13260  -7.13260  -7.13260
  -7.17949  -7.17949  -7.17949  -7.17949  -7.17949
  -7.22698  -7.22698  -7.22698  -7.22698  -7.22698
  -7.27450  -7.27450  -7.27450  -7.27450  -7.27450
 --------------------/ IPRT= 1  / IGRD= 1  /IONIS   / Z1= 2   / DATE= 17.01.97  
 -18.19041 -18.19041 -18.19041 -18.19041 -18.19041
 -15.31899 -15.31899 -15.31899 -15.31899 -15.31899
 -13.14637 -13.14637 -13.14637 -13.14637 -13.14637
 -11.59089 -11.59089 -11.59089 -11.59089 -11.59089
 -10.41530 -10.41530 -10.41530 -10.41530 -10.41530
  -9.55100  -9.55100  -9.55100  -9.55100  -9.55100
  -8.90455  -8.90455  -8.90455  -8.90455  -8.90455
  -8.42099  -8.42099  -8.42099  -8.42099  -8.42099
  -8.05754  -8.05754  -8.05754  -8.05754  -8.05754
  -7.78349  -7.78349  -7.78349  -7.78349  -7.78349
  -7.57698  -7.57698  -7.57698  -7.57698  -7.57698
  -7.42191  -7.42191  -7.42191  -7.42191  -7.42191
  -7.30657  -7.30657  -7.30657  -7.30657  -7.30657
  -7.22213  -7.22213  -7.22213  -7.22213  -7.22213
  -7.16195  -7.16195  -7.16195  -7.16195  -7.16195
  -7.12093  -7.12093  -7.12093  -7.12093  -7.12093
  -7.09522  -7.09522  -7.09522  -7.09522  -7.09522
  -7.08181  -7.08181  -7.08181  -7.08181  -7.08181
  -7.07838  -7.07838  -7.07838  -7.07838  -7.07838
  -7.08313  -7.08313  -7.08313  -7.08313  -7.08313
  -7.09463  -7.09463  -7.09463  -7.09463  -7.09463
  -7.11176  -7.11176  -7.11176  -7.11176  -7.11176
  -7.13362  -7.13362  -7.13362  -7.13362  -7.13362
  -7.15948  -7.15948  -7.15948  -7.15948  -7.15948
  -7.18877  -7.18877  -7.18877  -7.18877  -7.18877
  -7.22103  -7.22103  -7.22103  -7.22103  -7.22103
  -7.25583  -7.25583  -7.25583  -7.25583  -7.25583
  -7.29287  -7.29287  -7.29287  -7.29287  -7.29287
  -7.33187  -7.33187  -7.33187  -7.33187  -7.33187
  -7.37261  -7.37261  -7.37261  -7.37261  -7.37261
  -7.41490  -7.41490  -7.41490  -7.41490  -7.41490
  -7.45857  -7.45857  -7.45857  -7.45857  -7.45857
  -7.50355  -7.50355  -7.50355  -7.50355  -7.50355
  -7.54926  -7.54926  -7.54926  -7.54926  -7.54926
  -7.59500  -7.59500  -7.59500  -7.59500  -7.59500
 --------------------/ IPRT= 1  / IGRD= 1  /IONIS   / Z1= 3   / DATE= 17.01.97  
 -24.11100 -24.11100 -24.11100 -24.11100 -24.11100
 -19.78572 -19.78571 -19.78571 -19.78571 -19.78572
 -16.51906 -16.51906 -16.51906 -16.51906 -16.51906
 -14.18670 -14.18670 -14.18670 -14.18670 -14.18670
 -12.42847 -12.42848 -12.42847 -12.42847 -12.42847
 -11.13989 -11.13989 -11.13989 -11.13989 -11.13989
 -10.17882 -10.17882 -10.17882 -10.17882 -10.17882
  -9.46162  -9.46162  -9.46162  -9.46162  -9.46162
  -8.92335  -8.92335  -8.92335  -8.92335  -8.92335
  -8.51754  -8.51754  -8.51754  -8.51754  -8.51754
  -8.21112  -8.21112  -8.21112  -8.21112  -8.21112
  -7.97985  -7.97985  -7.97985  -7.97985  -7.97985
  -7.80609  -7.80609  -7.80609  -7.80609  -7.80609
  -7.67659  -7.67659  -7.67659  -7.67659  -7.67659
  -7.58133  -7.58133  -7.58133  -7.58133  -7.58133
  -7.51283  -7.51283  -7.51283  -7.51283  -7.51283
  -7.46537  -7.46537  -7.46537  -7.46537  -7.46537
  -7.43460  -7.43460  -7.43460  -7.43460  -7.43460
  -7.41717  -7.41717  -7.41717  -7.41717  -7.41717
  -7.41052  -7.41052  -7.41052  -7.41052  -7.41052
  -7.41265  -7.41265  -7.41265  -7.41265  -7.41265
  -7.42200  -7.42200  -7.42200  -7.42200  -7.42200
  -7.43734  -7.43734  -7.43734  -7.43734  -7.43734
  -7.45770  -7.45770  -7.45770  -7.45770  -7.45770
  -7.48230  -7.48230  -7.48230  -7.48230  -7.48230
  -7.51050  -7.51050  -7.51050  -7.51050  -7.51050
  -7.54181  -7.54181  -7.54181  -7.54181  -7.54181
  -7.57581  -7.57581  -7.57581  -7.57581  -7.57581
  -7.61213  -7.61213  -7.61213  -7.61213  -7.61213
  -7.65052  -7.65052  -7.65052  -7.65052  -7.65052
  -7.69071  -7.69071  -7.69071  -7.69071  -7.69071
  -7.73250  -7.73250  -7.73250  -7.73250  -7.73250
  -7.77579  -7.77579  -7.77579  -7.77579  -7.77579
  -7.81993  -7.81993  -7.81993  -7.81993  -7.81993
  -7.86411  -7.86411  -7.86411  -7.86411  -7.86411
 --------------------/ IPRT= 1  / IGRD= 1  /IONIS   / Z1= 4   / DATE= 17.01.97  
 -31.48979 -31.48979 -31.48979 -31.48979 -31.48979
 -25.31895 -25.31895 -25.31895 -25.31894 -25.31895
 -20.66404 -20.66404 -20.66404 -20.66403 -20.66404
 -17.34652 -17.34652 -17.34652 -17.34652 -17.34652
 -14.84977 -14.84977 -14.84977 -14.84977 -14.84977
 -13.02314 -13.02315 -13.02314 -13.02314 -13.02314
 -11.66246 -11.66246 -11.66246 -11.66246 -11.66246
 -10.64810 -10.64810 -10.64810 -10.64810 -10.64810
  -9.88778  -9.88778  -9.88778  -9.88778  -9.88778
  -9.31557  -9.31557  -9.31557  -9.31557  -9.31557
  -8.88433  -8.88433  -8.88433  -8.88433  -8.88433
  -8.55918  -8.55918  -8.55918  -8.55918  -8.55918
  -8.31453  -8.31453  -8.31453  -8.31453  -8.31453
  -8.13124  -8.13124  -8.13124  -8.13124  -8.13124
  -7.99485  -7.99485  -7.99485  -7.99485  -7.99485
  -7.89460  -7.89460  -7.89460  -7.89460  -7.89460
  -7.82243  -7.82243  -7.82243  -7.82243  -7.82243
  -7.77224  -7.77224  -7.77224  -7.77224  -7.77224
  -7.73939  -7.73939  -7.73939  -7.73939  -7.73939
  -7.72035  -7.72035  -7.72035  -7.72035  -7.72035
  -7.71242  -7.71242  -7.71242  -7.71242  -7.71242
  -7.71354  -7.71354  -7.71354  -7.71354  -7.71354
  -7.72208  -7.72208  -7.72208  -7.72208  -7.72208
  -7.73674  -7.73674  -7.73674  -7.73674  -7.73674
  -7.75654  -7.75654  -7.75654  -7.75654  -7.75654
  -7.78068  -7.78068  -7.78068  -7.78068  -7.78068
  -7.80849  -7.80849  -7.80849  -7.80849  -7.80849
  -7.83945  -7.83945  -7.83945  -7.83945  -7.83945
  -7.87316  -7.87316  -7.87316  -7.87316  -7.87316
  -7.90922  -7.90922  -7.90922  -7.90922  -7.90922
  -7.94738  -7.94738  -7.94738  -7.94738  -7.94738
  -7.98736  -7.98736  -7.98736  -7.98736  -7.98736
  -8.02906  -8.02906  -8.02906  -8.02906  -8.02906
  -8.07171  -8.07171  -8.07171  -8.07171  -8.07171
  -8.11440  -8.11440  -8.11440  -8.11440  -8.11440
 --------------------/ IPRT= 1  / IGRD= 1  /IONIS   / Z1= 5   / DATE= 17.01.97  
 -37.06462 -37.06462 -37.06462 -37.06462 -37.06462
 -29.50630 -29.50630 -29.50630 -29.50630 -29.50629
 -23.80789 -23.80789 -23.80789 -23.80789 -23.80789
 -19.75025 -19.75025 -19.75025 -19.75025 -19.75025
 -16.69942 -16.69942 -16.69943 -16.69942 -16.69942
 -14.47031 -14.47030 -14.47031 -14.47030 -14.47031
 -12.81158 -12.81159 -12.81158 -12.81159 -12.81158
 -11.57553 -11.57554 -11.57553 -11.57554 -11.57553
 -10.64858 -10.64858 -10.64858 -10.64858 -10.64858
  -9.95013  -9.95013  -9.95013  -9.95013  -9.95013
  -9.42297  -9.42297  -9.42297  -9.42297  -9.42297
  -9.02484  -9.02484  -9.02484  -9.02484  -9.02484
  -8.72466  -8.72466  -8.72466  -8.72466  -8.72466
  -8.49897  -8.49897  -8.49897  -8.49897  -8.49897
  -8.33010  -8.33010  -8.33010  -8.33010  -8.33010
  -8.20481  -8.20481  -8.20481  -8.20481  -8.20481
  -8.11321  -8.11321  -8.11321  -8.11321  -8.11321
  -8.04781  -8.04781  -8.04781  -8.04781  -8.04781
  -8.00294  -8.00294  -8.00294  -8.00294  -8.00294
  -7.97432  -7.97432  -7.97432  -7.97432  -7.97432
  -7.95869  -7.95869  -7.95869  -7.95869  -7.95869
  -7.95353  -7.95353  -7.95353  -7.95353  -7.95353
  -7.95690  -7.95690  -7.95690  -7.95690  -7.95690
  -7.96730  -7.96730  -7.96730  -7.96730  -7.96730
  -7.98351  -7.98351  -7.98351  -7.98351  -7.98351
  -8.00463  -8.00463  -8.00463  -8.00463  -8.00463
  -8.02986  -8.02986  -8.02986  -8.02986  -8.02986
  -8.05863  -8.05863  -8.05863  -8.05863  -8.05863
  -8.09043  -8.09043  -8.09043  -8.09043  -8.09043
  -8.12483  -8.12483  -8.12483  -8.12483  -8.12483
  -8.16152  -8.16152  -8.16152  -8.16152  -8.16152
  -8.20021  -8.20021  -8.20021  -8.20021  -8.20021
  -8.24076  -8.24076  -8.24076  -8.24076  -8.24076
  -8.28235  -8.28235  -8.28235  -8.28235  -8.28235
  -8.32397  -8.32397  -8.32397  -8.32397  -8.32397
 --------------------/ IPRT= 1  / IGRD= 1  /IONIS   / Z1= 6   / DATE= 17.01.97  
 -40.00000 -40.00000 -40.00000 -40.00000 -40.00000
 -33.95247 -33.95247 -33.95247 -33.95247 -33.95247
 -27.61406 -27.61407 -27.61407 -27.61407 -27.61407
 -22.44436 -22.44436 -22.44436 -22.44436 -22.44436
 -18.87859 -18.87858 -18.87858 -18.87858 -18.87858
 -16.16164 -16.16164 -16.16164 -16.16164 -16.16164
 -14.16916 -14.16916 -14.16916 -14.16916 -14.16916
 -12.67619 -12.67618 -12.67618 -12.67618 -12.67618
 -11.55029 -11.55028 -11.55028 -11.55028 -11.55029
 -10.69931 -10.69931 -10.69931 -10.69931 -10.69932
 -10.05439 -10.05438 -10.05438 -10.05438 -10.05438
  -9.56651  -9.56651  -9.56651  -9.56651  -9.56651
  -9.19810  -9.19810  -9.19810  -9.19810  -9.19811
  -8.92067  -8.92067  -8.92067  -8.92067  -8.92067
  -8.71242  -8.71242  -8.71242  -8.71242  -8.71242
  -8.55702  -8.55702  -8.55702  -8.55702  -8.55702
  -8.44226  -8.44226  -8.44226  -8.44226  -8.44226
  -8.35886  -8.35886  -8.35886  -8.35886  -8.35886
  -8.29991  -8.29991  -8.29991  -8.29991  -8.29991
  -8.26016  -8.26016  -8.26016  -8.26016  -8.26016
  -8.23563  -8.23563  -8.23563  -8.23563  -8.23563
  -8.22328  -8.22328  -8.22328  -8.22328  -8.22328
  -8.22080  -8.22080  -8.22080  -8.22080  -8.22080
  -8.22638  -8.22638  -8.22638  -8.22638  -8.22638
  -8.23861  -8.23861  -8.23861  -8.23861  -8.23861
  -8.25635  -8.25635  -8.25635  -8.25635  -8.25635
  -8.27875  -8.27875  -8.27875  -8.27875  -8.27875
  -8.30509  -8.30509  -8.30509  -8.30509  -8.30509
  -8.33479  -8.33479  -8.33479  -8.33479  -8.33479
  -8.36740  -8.36740  -8.36740  -8.36740  -8.36740
  -8.40251  -8.40251  -8.40251  -8.40251  -8.40251
  -8.43981  -8.43981  -8.43981  -8.43981  -8.43981
  -8.47915  -8.47915  -8.47915  -8.47915  -8.47915
  -8.51959  -8.51959  -8.51959  -8.51959  -8.51959
  -8.56008  -8.56008  -8.56008  -8.56008  -8.56008
 --------------------/ IPRT= 1  / IGRD= 1  /IONIS   / Z1= 7   / DATE= 17.01.97  
 -40.00000 -40.00000 -40.00000 -40.00000 -40.00000
 -40.51038 -40.51038 -40.51038 -40.51039 -40.51038
 -35.18375 -35.18375 -35.18375 -35.18374 -35.18375
 -28.06491 -28.06491 -28.06491 -28.06489 -28.06491
 -22.91399 -22.91399 -22.91399 -22.91398 -22.91399
 -19.13295 -19.13295 -19.13295 -19.13295 -19.13295
 -16.36018 -16.36018 -16.36018 -16.36018 -16.36018
 -14.30898 -14.30898 -14.30898 -14.30898 -14.30898
 -12.79413 -12.79413 -12.79413 -12.79413 -12.79413
 -11.67073 -11.67073 -11.67073 -11.67073 -11.67073
 -10.83017 -10.83017 -10.83017 -10.83017 -10.83017
 -10.18971 -10.18971 -10.18971 -10.18971 -10.18971
  -9.69017  -9.69017  -9.69017  -9.69017  -9.69017
  -9.29387  -9.29387  -9.29387  -9.29387  -9.29387
  -8.97855  -8.97855  -8.97855  -8.97855  -8.97855
  -8.72999  -8.72999  -8.72999  -8.72999  -8.72999
  -8.53678  -8.53678  -8.53678  -8.53678  -8.53678
  -8.38883  -8.38883  -8.38883  -8.38883  -8.38883
  -8.27744  -8.27744  -8.27744  -8.27744  -8.27744
  -8.19535  -8.19535  -8.19535  -8.19535  -8.19535
  -8.13664  -8.13664  -8.13664  -8.13664  -8.13664
  -8.09662  -8.09662  -8.09662  -8.09662  -8.09662
  -8.07162  -8.07162  -8.07162  -8.07162  -8.07162
  -8.05874  -8.05874  -8.05874  -8.05874  -8.05874
  -8.05572  -8.05572  -8.05572  -8.05572  -8.05572
  -8.06079  -8.06079  -8.06079  -8.06079  -8.06079
  -8.07256  -8.07256  -8.07256  -8.07256  -8.07256
  -8.08990  -8.08990  -8.08990  -8.08990  -8.08990
  -8.11194  -8.11194  -8.11194  -8.11194  -8.11194
  -8.13795  -8.13795  -8.13795  -8.13795  -8.13795
  -8.16737  -8.16737  -8.16737  -8.16737  -8.16737
  -8.19971  -8.19971  -8.19971  -8.19971  -8.19971
  -8.23472  -8.23472  -8.23472  -8.23472  -8.23472
  -8.27117  -8.27117  -8.27117  -8.27117  -8.27117
  -8.30769  -8.30769  -8.30769  -8.30769  -8.30769
 --------------------/ IPRT= 1  / IGRD= 1  /IONIS   / Z1= 8   / DATE= 17.01.97  
 -40.00000 -40.00000 -40.00000 -40.00000 -40.00000
 -40.27152 -40.27152 -40.27152 -40.27152 -40.27152
 -37.18318 -37.18317 -37.18317 -37.18317 -37.18318
 -30.86913 -30.86913 -30.86913 -30.86913 -30.86913
 -24.67105 -24.67105 -24.67105 -24.67105 -24.67104
 -20.64304 -20.64304 -20.64304 -20.64304 -20.64304
 -17.54877 -17.54878 -17.54878 -17.54878 -17.54877
 -15.27888 -15.27888 -15.27888 -15.27888 -15.27888
 -13.61183 -13.61183 -13.61183 -13.61183 -13.61183
 -12.37004 -12.37004 -12.37004 -12.37004 -12.37004
 -11.44417 -11.44417 -11.44418 -11.44418 -11.44417
 -10.73380 -10.73380 -10.73380 -10.73380 -10.73380
 -10.17027 -10.17028 -10.17027 -10.17027 -10.17027
  -9.71216  -9.71215  -9.71216  -9.71216  -9.71216
  -9.33994  -9.33994  -9.33994  -9.33994  -9.33994
  -9.04299  -9.04299  -9.04299  -9.04299  -9.04299
  -8.81075  -8.81075  -8.81075  -8.81075  -8.81075
  -8.63220  -8.63220  -8.63220  -8.63220  -8.63220
  -8.49708  -8.49708  -8.49708  -8.49708  -8.49708
  -8.39658  -8.39658  -8.39658  -8.39658  -8.39658
  -8.32353  -8.32353  -8.32353  -8.32353  -8.32353
  -8.27228  -8.27228  -8.27228  -8.27228  -8.27228
  -8.23838  -8.23838  -8.23838  -8.23838  -8.23837
  -8.21838  -8.21838  -8.21838  -8.21838  -8.21838
  -8.20962  -8.20962  -8.20962  -8.20962  -8.20962
  -8.21000  -8.21000  -8.21000  -8.21000  -8.21000
  -8.21790  -8.21790  -8.21790  -8.21790  -8.21790
  -8.23202  -8.23202  -8.23202  -8.23202  -8.23202
  -8.25136  -8.25136  -8.25136  -8.25136  -8.25136
  -8.27509  -8.27508  -8.27508  -8.27508  -8.27509
  -8.30255  -8.30254  -8.30254  -8.30254  -8.30255
  -8.33319  -8.33319  -8.33319  -8.33319  -8.33319
  -8.36674  -8.36674  -8.36674  -8.36674  -8.36674
  -8.40187  -8.40187  -8.40187  -8.40187  -8.40187
  -8.43706  -8.43707  -8.43707  -8.43707  -8.43706
 --------------------/ IPRT= 1  / IGRD= 1  /IONIS   / Z1= 9   / DATE= 17.01.97  
 -40.00000 -40.00000 -40.00000 -40.00000 -40.00000
 -40.02964 -40.02963 -40.02963 -40.02964 -40.02964
 -39.86065 -39.86065 -39.86065 -39.86065 -39.86065
 -40.54879 -40.54879 -40.54879 -40.54879 -40.54879
 -38.08970 -38.08970 -38.08970 -38.08970 -38.08970
 -30.54692 -30.54692 -30.54692 -30.54692 -30.54692
 -24.22441 -24.22441 -24.22440 -24.22440 -24.22441
 -20.04650 -20.04649 -20.04650 -20.04650 -20.04651
 -17.04408 -17.04408 -17.04408 -17.04408 -17.04408
 -14.72499 -14.72499 -14.72499 -14.72499 -14.72499
 -13.05272 -13.05272 -13.05272 -13.05272 -13.05272
 -11.80406 -11.80405 -11.80405 -11.80405 -11.80406
 -10.87839 -10.87838 -10.87838 -10.87838 -10.87840
 -10.18706 -10.18706 -10.18706 -10.18706 -10.18706
  -9.66741  -9.66741  -9.66741  -9.66741  -9.66740
  -9.27502  -9.27502  -9.27502  -9.27502  -9.27502
  -8.97796  -8.97796  -8.97796  -8.97796  -8.97796
  -8.75324  -8.75324  -8.75324  -8.75324  -8.75324
  -8.58392  -8.58393  -8.58393  -8.58393  -8.58392
  -8.45742  -8.45743  -8.45743  -8.45743  -8.45742
  -8.36427  -8.36428  -8.36428  -8.36428  -8.36427
  -8.29727  -8.29727  -8.29727  -8.29727  -8.29727
  -8.25088  -8.25088  -8.25088  -8.25088  -8.25088
  -8.22089  -8.22089  -8.22089  -8.22089  -8.22089
  -8.20406  -8.20406  -8.20406  -8.20406  -8.20406
  -8.19787  -8.19787  -8.19787  -8.19787  -8.19787
  -8.20034  -8.20034  -8.20034  -8.20034  -8.20034
  -8.20997  -8.20997  -8.20997  -8.20997  -8.20997
  -8.22555  -8.22555  -8.22555  -8.22555  -8.22555
  -8.24609  -8.24609  -8.24609  -8.24609  -8.24609
  -8.27085  -8.27085  -8.27085  -8.27085  -8.27085
  -8.29916  -8.29916  -8.29916  -8.29916  -8.29916
  -8.33071  -8.33071  -8.33071  -8.33071  -8.33071
  -8.36402  -8.36402  -8.36402  -8.36402  -8.36402
  -8.39739  -8.39739  -8.39739  -8.39739  -8.39739
 --------------------/ IPRT= 1  / IGRD= 1  /IONIS   / Z1=10   / DATE= 17.01.97  
 -40.00000 -40.00000 -40.00000 -40.00000 -40.00000
 -40.00762 -40.00762 -40.00761 -40.00761 -40.00762
 -39.96365 -39.96365 -39.96365 -39.96365 -39.96365
 -40.14587 -40.14587 -40.14588 -40.14588 -40.14587
 -39.44955 -39.44955 -39.44955 -39.44956 -39.44955
 -35.03225 -35.03225 -35.03225 -35.03225 -35.03225
 -27.45618 -27.45618 -27.45618 -27.45618 -27.45618
 -22.33103 -22.33103 -22.33103 -22.33104 -22.33103
 -18.85720 -18.85720 -18.85720 -18.85720 -18.85720
 -16.06245 -16.06245 -16.06245 -16.06244 -16.06245
 -14.09671 -14.09671 -14.09671 -14.09672 -14.09671
 -12.61415 -12.61415 -12.61415 -12.61415 -12.61415
 -11.51895 -11.51895 -11.51895 -11.51895 -11.51895
 -10.70100 -10.70100 -10.70100 -10.70100 -10.70100
 -10.08591 -10.08591 -10.08591 -10.08591 -10.08591
  -9.62179  -9.62178  -9.62178  -9.62178  -9.62178
  -9.27058  -9.27057  -9.27057  -9.27057  -9.27057
  -9.00501  -9.00501  -9.00501  -9.00501  -9.00501
  -8.80479  -8.80479  -8.80479  -8.80479  -8.80479
  -8.65478  -8.65478  -8.65478  -8.65478  -8.65478
  -8.54363  -8.54363  -8.54363  -8.54363  -8.54363
  -8.46270  -8.46270  -8.46270  -8.46270  -8.46270
  -8.40548  -8.40548  -8.40548  -8.40548  -8.40548
  -8.36695  -8.36695  -8.36695  -8.36695  -8.36695
  -8.34331  -8.34331  -8.34331  -8.34331  -8.34331
  -8.33164  -8.33164  -8.33164  -8.33164  -8.33164
  -8.32967  -8.32967  -8.32967  -8.32967  -8.32967
  -8.33564  -8.33564  -8.33564  -8.33564  -8.33564
  -8.34817  -8.34817  -8.34817  -8.34817  -8.34817
  -8.36618  -8.36618  -8.36618  -8.36618  -8.36618
  -8.38879  -8.38879  -8.38879  -8.38879  -8.38879
  -8.41527  -8.41527  -8.41527  -8.41527  -8.41527
  -8.44526  -8.44526  -8.44526  -8.44526  -8.44526
  -8.47713  -8.47713  -8.47713  -8.47713  -8.47713
  -8.50909  -8.50909  -8.50909  -8.50909  -8.50909
 --------------------/ IPRT= 1  / IGRD= 1  /IONIS   / Z1=11   / DATE= 17.01.97  
 -40.00000 -40.00000 -40.00000 -40.00000 -40.00000
 -40.00418 -40.00418 -40.00418 -40.00418 -40.00418
 -39.97993 -39.97993 -39.97993 -39.97993 -39.97993
 -40.08124 -40.08124 -40.08124 -40.08124 -40.08124
 -39.68478 -39.68478 -39.68478 -39.68478 -39.68478
 -36.80445 -36.80445 -36.80445 -36.80445 -36.80445
 -30.74235 -30.74234 -30.74234 -30.74234 -30.74235
 -24.73629 -24.73629 -24.73630 -24.73629 -24.73629
 -20.37988 -20.37988 -20.37988 -20.37988 -20.37988
 -17.34318 -17.34318 -17.34318 -17.34318 -17.34318
 -15.04684 -15.04684 -15.04684 -15.04684 -15.04684
 -13.36001 -13.36001 -13.36001 -13.36002 -13.36001
 -12.10639 -12.10639 -12.10639 -12.10639 -12.10639
 -11.17134 -11.17133 -11.17133 -11.17133 -11.17134
 -10.46915 -10.46915 -10.46915 -10.46915 -10.46915
  -9.93916  -9.93915  -9.93915  -9.93916  -9.93916
  -9.53843  -9.53842  -9.53842  -9.53843  -9.53843
  -9.23537  -9.23538  -9.23538  -9.23537  -9.23537
  -9.00672  -9.00672  -9.00672  -9.00672  -9.00672
  -8.83508  -8.83508  -8.83508  -8.83507  -8.83508
  -8.70731  -8.70731  -8.70731  -8.70731  -8.70731
  -8.61356  -8.61355  -8.61355  -8.61355  -8.61356
  -8.54632  -8.54631  -8.54631  -8.54631  -8.54632
  -8.49992  -8.49992  -8.49992  -8.49992  -8.49992
  -8.47005  -8.47005  -8.47005  -8.47005  -8.47005
  -8.45335  -8.45335  -8.45335  -8.45335  -8.45335
  -8.44731  -8.44731  -8.44731  -8.44731  -8.44731
  -8.44996  -8.44996  -8.44996  -8.44996  -8.44996
  -8.45974  -8.45974  -8.45974  -8.45974  -8.45974
  -8.47544  -8.47544  -8.47544  -8.47544  -8.47544
  -8.49613  -8.49613  -8.49613  -8.49613  -8.49613
  -8.52096  -8.52096  -8.52096  -8.52096  -8.52096
  -8.54955  -8.54955  -8.54955  -8.54955  -8.54955
  -8.58015  -8.58015  -8.58015  -8.58015  -8.58015
  -8.61083  -8.61083  -8.61083  -8.61083  -8.61083
 --------------------/ IPRT= 1  / IGRD= 1  /IONIS   / Z1=12   / DATE= 17.01.97  
 -40.00000 -40.00000 -40.00000 -40.00000 -40.00000
 -39.99426 -39.99426 -39.99426 -39.99426 -39.99426
 -40.02642 -40.02642 -40.02642 -40.02642 -40.02642
 -39.89883 -39.89883 -39.89883 -39.89883 -39.89883
 -40.30895 -40.30895 -40.30895 -40.30895 -40.30895
 -39.35232 -39.35232 -39.35232 -39.35232 -39.35232
 -33.62933 -33.62931 -33.62931 -33.62931 -33.62931
 -26.99020 -26.99019 -26.99019 -26.99019 -26.99019
 -22.03438 -22.03439 -22.03439 -22.03439 -22.03439
 -18.62097 -18.62098 -18.62098 -18.62098 -18.62098
 -16.01570 -16.01570 -16.01570 -16.01570 -16.01570
 -14.11345 -14.11345 -14.11345 -14.11345 -14.11345
 -12.69773 -12.69774 -12.69774 -12.69773 -12.69774
 -11.64167 -11.64168 -11.64168 -11.64167 -11.64168
 -10.84898 -10.84899 -10.84899 -10.84898 -10.84898
 -10.25088 -10.25089 -10.25088 -10.25088 -10.25088
  -9.79912  -9.79913  -9.79912  -9.79912  -9.79912
  -9.45776  -9.45777  -9.45776  -9.45776  -9.45776
  -9.20029  -9.20029  -9.20029  -9.20029  -9.20029
  -9.00687  -9.00686  -9.00687  -9.00687  -9.00687
  -8.86255  -8.86255  -8.86255  -8.86255  -8.86255
  -8.75610  -8.75610  -8.75610  -8.75610  -8.75610
  -8.67904  -8.67904  -8.67904  -8.67904  -8.67904
  -8.62499  -8.62499  -8.62499  -8.62499  -8.62499
  -8.58904  -8.58904  -8.58904  -8.58904  -8.58904
  -8.56752  -8.56752  -8.56752  -8.56752  -8.56752
  -8.55758  -8.55758  -8.55758  -8.55758  -8.55758
  -8.55706  -8.55706  -8.55706  -8.55706  -8.55706
  -8.56422  -8.56422  -8.56422  -8.56422  -8.56422
  -8.57776  -8.57776  -8.57776  -8.57776  -8.57776
  -8.59662  -8.59662  -8.59662  -8.59662  -8.59662
  -8.61990  -8.61990  -8.61990  -8.61990  -8.61990
  -8.64718  -8.64718  -8.64718  -8.64718  -8.64718
  -8.67660  -8.67660  -8.67660  -8.67660  -8.67660
  -8.70611  -8.70611  -8.70611  -8.70611  -8.70611
 --------------------/ IPRT= 1  / IGRD= 1  /IONIS   / Z1=13   / DATE= 17.01.97  
 -40.00000 -40.00000 -40.00000 -40.00000 -40.00000
 -39.99596 -39.99596 -39.99596 -39.99596 -39.99596
 -40.01857 -40.01857 -40.01857 -40.01857 -40.01857
 -39.92891 -39.92891 -39.92891 -39.92891 -39.92891
 -40.21672 -40.21672 -40.21672 -40.21672 -40.21672
 -39.54583 -39.54583 -39.54583 -39.54583 -39.54583
 -35.16275 -35.16275 -35.16274 -35.16275 -35.16275
 -29.15782 -29.15782 -29.15781 -29.15782 -29.15782
 -23.90630 -23.90632 -23.90631 -23.90630 -23.90632
 -19.97647 -19.97647 -19.97647 -19.97647 -19.97647
 -17.03793 -17.03793 -17.03793 -17.03793 -17.03793
 -14.91039 -14.91039 -14.91039 -14.91039 -14.91039
 -13.32286 -13.32286 -13.32286 -13.32286 -13.32286
 -12.13714 -12.13714 -12.13714 -12.13714 -12.13714
 -11.24830 -11.24830 -11.24830 -11.24830 -11.24830
 -10.57762 -10.57762 -10.57762 -10.57762 -10.57762
 -10.07149 -10.07149 -10.07149 -10.07149 -10.07149
  -9.68928  -9.68928  -9.68928  -9.68928  -9.68928
  -9.40108  -9.40108  -9.40108  -9.40108  -9.40108
  -9.18446  -9.18446  -9.18446  -9.18446  -9.18446
  -9.02250  -9.02250  -9.02250  -9.02250  -9.02250
  -8.90255  -8.90255  -8.90255  -8.90255  -8.90255
  -8.81507  -8.81507  -8.81507  -8.81507  -8.81507
  -8.75289  -8.75289  -8.75289  -8.75289  -8.75289
  -8.71055  -8.71055  -8.71055  -8.71055  -8.71055
  -8.68394  -8.68394  -8.68394  -8.68394  -8.68394
  -8.66991  -8.66991  -8.66991  -8.66991  -8.66991
  -8.66606  -8.66606  -8.66606  -8.66606  -8.66606
  -8.67052  -8.67052  -8.67052  -8.67052  -8.67052
  -8.68180  -8.68180  -8.68180  -8.68180  -8.68180
  -8.69877  -8.69877  -8.69877  -8.69877  -8.69877
  -8.72046  -8.72046  -8.72046  -8.72046  -8.72046
  -8.74640  -8.74640  -8.74640  -8.74640  -8.74640
  -8.77461  -8.77461  -8.77461  -8.77461  -8.77461
  -8.80292  -8.80292  -8.80292  -8.80292  -8.80292
 --------------------/ IPRT= 1  / IGRD= 1  /IONIS   / Z1=14   / DATE= 17.01.97  
 -40.00000 -40.00000 -40.00000 -40.00000 -40.00000
 -40.00112 -40.00112 -40.00112 -40.00112 -40.00112
 -39.99476 -39.99476 -39.99476 -39.99476 -39.99476
 -40.02063 -40.02063 -40.02063 -40.02063 -40.02063
 -39.93367 -39.93367 -39.93367 -39.93367 -39.93367
 -40.14736 -40.14736 -40.14736 -40.14736 -40.14736
 -38.76113 -38.76112 -38.76112 -38.76113 -38.76112
 -32.01225 -32.01223 -32.01223 -32.01224 -32.01223
 -25.63497 -25.63497 -25.63497 -25.63497 -25.63497
 -21.47222 -21.47223 -21.47223 -21.47223 -21.47223
 -18.12363 -18.12363 -18.12363 -18.12363 -18.12363
 -15.76173 -15.76173 -15.76173 -15.76173 -15.76173
 -13.98640 -13.98640 -13.98640 -13.98640 -13.98640
 -12.66072 -12.66073 -12.66072 -12.66071 -12.66072
 -11.66783 -11.66785 -11.66783 -11.66782 -11.66783
 -10.91845 -10.91845 -10.91845 -10.91844 -10.91845
 -10.35367 -10.35367 -10.35367 -10.35367 -10.35367
  -9.92759  -9.92759  -9.92759  -9.92759  -9.92759
  -9.60659  -9.60659  -9.60659  -9.60659  -9.60659
  -9.36532  -9.36532  -9.36532  -9.36532  -9.36532
  -9.18475  -9.18475  -9.18475  -9.18475  -9.18475
  -9.05063  -9.05063  -9.05063  -9.05063  -9.05063
  -8.95226  -8.95226  -8.95226  -8.95226  -8.95226
  -8.88163  -8.88163  -8.88163  -8.88163  -8.88163
  -8.83267  -8.83267  -8.83267  -8.83267  -8.83267
  -8.80081  -8.80081  -8.80081  -8.80081  -8.80081
  -8.78260  -8.78260  -8.78260  -8.78260  -8.78260
  -8.77535  -8.77535  -8.77535  -8.77535  -8.77535
  -8.77703  -8.77703  -8.77703  -8.77703  -8.77703
  -8.78602  -8.78602  -8.78602  -8.78602  -8.78602
  -8.80109  -8.80109  -8.80109  -8.80109  -8.80109
  -8.82118  -8.82118  -8.82118  -8.82118  -8.82118
  -8.84575  -8.84575  -8.84575  -8.84575  -8.84575
  -8.87274  -8.87274  -8.87274  -8.87274  -8.87274
  -8.89982  -8.89982  -8.89982  -8.89982  -8.89982
 --------------------/ IPRT= 1  / IGRD= 1  /IONIS   / Z1=15   / DATE= 17.01.97  
 -40.00000 -40.00000 -40.00000 -40.00000 -40.00000
 -40.00161 -40.00161 -40.00161 -40.00161 -40.00161
 -39.99254 -39.99254 -39.99254 -39.99254 -39.99254
 -40.02889 -40.02889 -40.02889 -40.02889 -40.02889
 -39.90973 -39.90973 -39.90973 -39.90973 -39.90973
 -40.19204 -40.19204 -40.19204 -40.19204 -40.19204
 -39.87923 -39.87923 -39.87923 -39.87923 -39.87923
 -34.95490 -34.95490 -34.95490 -34.95490 -34.95490
 -28.40535 -28.40534 -28.40534 -28.40534 -28.40535
 -23.25723 -23.25722 -23.25722 -23.25722 -23.25723
 -19.59595 -19.59594 -19.59594 -19.59594 -19.59595
 -16.85986 -16.85986 -16.85986 -16.85986 -16.85986
 -14.83133 -14.83133 -14.83133 -14.83133 -14.83133
 -13.31659 -13.31659 -13.31659 -13.31659 -13.31659
 -12.17948 -12.17948 -12.17948 -12.17948 -12.17948
 -11.32574 -11.32574 -11.32574 -11.32574 -11.32574
 -10.68413 -10.68413 -10.68413 -10.68413 -10.68413
 -10.20210 -10.20210 -10.20210 -10.20210 -10.20210
  -9.84005  -9.84005  -9.84005  -9.84005  -9.84005
  -9.56846  -9.56845  -9.56845  -9.56846  -9.56846
  -9.36529  -9.36528  -9.36528  -9.36529  -9.36529
  -9.21415  -9.21415  -9.21415  -9.21415  -9.21415
  -9.10284  -9.10284  -9.10284  -9.10284  -9.10284
  -9.02224  -9.02224  -9.02224  -9.02224  -9.02224
  -8.96553  -8.96553  -8.96553  -8.96553  -8.96553
  -8.92758  -8.92758  -8.92758  -8.92758  -8.92758
  -8.90452  -8.90452  -8.90452  -8.90452  -8.90452
  -8.89337  -8.89337  -8.89337  -8.89337  -8.89337
  -8.89188  -8.89188  -8.89188  -8.89188  -8.89188
  -8.89827  -8.89827  -8.89827  -8.89827  -8.89827
  -8.91117  -8.91117  -8.91117  -8.91117  -8.91117
  -8.92945  -8.92945  -8.92945  -8.92945  -8.92945
  -8.95252  -8.95252  -8.95252  -8.95252  -8.95252
  -8.97816  -8.97814  -8.97814  -8.97814  -8.97814
  -9.00390  -9.00387  -9.00387  -9.00387  -9.00387
 --------------------/ IPRT= 1  / IGRD= 1  /IONIS   / Z1=16   / DATE= 17.01.97  
 -40.00000 -40.00000 -40.00000 -40.00000 -40.00000
 -40.00054 -40.00054 -40.00054 -40.00054 -40.00054
 -39.99752 -39.99752 -39.99752 -39.99752 -39.99752
 -40.00942 -40.00942 -40.00942 -40.00942 -40.00942
 -39.97165 -39.97165 -39.97165 -39.97165 -39.97165
 -40.05286 -40.05286 -40.05286 -40.05286 -40.05286
 -40.01309 -40.01309 -40.01309 -40.01309 -40.01309
 -37.29290 -37.29290 -37.29290 -37.29290 -37.29290
 -30.65346 -30.65346 -30.65346 -30.65346 -30.65346
 -24.51320 -24.51320 -24.51320 -24.51320 -24.51320
 -20.83613 -20.83613 -20.83613 -20.83613 -20.83613
 -17.74996 -17.74996 -17.74996 -17.74996 -17.74996
 -15.52883 -15.52883 -15.52883 -15.52883 -15.52883
 -13.87507 -13.87506 -13.87507 -13.87506 -13.87507
 -12.62230 -12.62229 -12.62230 -12.62229 -12.62230
 -11.68593 -11.68592 -11.68593 -11.68592 -11.68592
 -10.98076 -10.98076 -10.98076 -10.98077 -10.98077
 -10.45166 -10.45166 -10.45166 -10.45165 -10.45165
 -10.05430 -10.05430 -10.05430 -10.05430 -10.05430
  -9.75624  -9.75624  -9.75624  -9.75624  -9.75624
  -9.53312  -9.53312  -9.53312  -9.53312  -9.53312
  -9.36684  -9.36685  -9.36685  -9.36685  -9.36685
  -9.24396  -9.24395  -9.24395  -9.24395  -9.24396
  -9.15444  -9.15443  -9.15443  -9.15443  -9.15443
  -9.09076  -9.09076  -9.09076  -9.09076  -9.09076
  -9.04734  -9.04734  -9.04734  -9.04734  -9.04734
  -9.01992  -9.01992  -9.01992  -9.01992  -9.01992
  -9.00529  -9.00529  -9.00529  -9.00529  -9.00529
  -9.00097  -9.00096  -9.00096  -9.00096  -9.00096
  -9.00502  -9.00502  -9.00502  -9.00502  -9.00502
  -9.01600  -9.01601  -9.01601  -9.01601  -9.01601
  -9.03267  -9.03267  -9.03267  -9.03267  -9.03267
  -9.05438  -9.05438  -9.05438  -9.05438  -9.05438
  -9.07880  -9.07880  -9.07880  -9.07880  -9.07880
  -9.10333  -9.10332  -9.10332  -9.10332  -9.10332
 --------------------/ IPRT= 1  / IGRD= 1  /IONIS   / Z1=17   / DATE= 17.01.97  
 -40.00000 -40.00000 -40.00000 -40.00000 -40.00000
 -39.99962 -39.99962 -39.99962 -39.99962 -39.99962
 -40.00183 -40.00183 -40.00183 -40.00183 -40.00183
 -39.99260 -39.99260 -39.99260 -39.99260 -39.99260
 -40.02507 -40.02507 -40.02507 -40.02507 -40.02507
 -39.93355 -39.93355 -39.93355 -39.93355 -39.93355
 -40.12345 -40.12345 -40.12345 -40.12345 -40.12345
 -39.40342 -39.40342 -39.40342 -39.40342 -39.40341
 -32.98384 -32.98384 -32.98384 -32.98384 -32.98383
 -25.96005 -25.96005 -25.96005 -25.96005 -25.96004
 -22.05243 -22.05243 -22.05244 -22.05244 -22.05243
 -18.67775 -18.67775 -18.67775 -18.67775 -18.67775
 -16.25873 -16.25872 -16.25872 -16.25872 -16.25873
 -14.45196 -14.45197 -14.45197 -14.45197 -14.45196
 -13.07999 -13.07998 -13.07998 -13.07999 -13.07999
 -12.05513 -12.05512 -12.05512 -12.05513 -12.05513
 -11.28354 -11.28354 -11.28354 -11.28354 -11.28354
 -10.70526 -10.70526 -10.70526 -10.70526 -10.70526
 -10.27141 -10.27141 -10.27141 -10.27141 -10.27141
  -9.94614  -9.94615  -9.94615  -9.94615  -9.94615
  -9.70264  -9.70264  -9.70264  -9.70264  -9.70264
  -9.52098  -9.52099  -9.52099  -9.52099  -9.52099
  -9.38640  -9.38640  -9.38640  -9.38640  -9.38640
  -9.28788  -9.28789  -9.28789  -9.28789  -9.28788
  -9.21725  -9.21725  -9.21725  -9.21725  -9.21725
  -9.16836  -9.16836  -9.16836  -9.16836  -9.16836
  -9.13663  -9.13662  -9.13662  -9.13662  -9.13663
  -9.11852  -9.11853  -9.11853  -9.11853  -9.11852
  -9.11139  -9.11139  -9.11139  -9.11139  -9.11139
  -9.11317  -9.11317  -9.11317  -9.11317  -9.11317
  -9.12227  -9.12227  -9.12227  -9.12227  -9.12227
  -9.13736  -9.13736  -9.13736  -9.13736  -9.13736
  -9.15775  -9.15775  -9.15775  -9.15775  -9.15775
  -9.18098  -9.18098  -9.18098  -9.18098  -9.18098
  -9.20432  -9.20432  -9.20432  -9.20432  -9.20432
 --------------------/ IPRT= 1  / IGRD= 1  /IONIS   / Z1=18   / DATE= 17.01.97  
 -40.00000 -40.00000 -40.00000 -40.00000 -40.00000
 -39.99934 -39.99934 -39.99934 -39.99934 -39.99934
 -40.00312 -40.00312 -40.00312 -40.00312 -40.00312
 -39.98760 -39.98760 -39.98760 -39.98760 -39.98760
 -40.04067 -40.04067 -40.04067 -40.04067 -40.04067
 -39.90061 -39.90061 -39.90061 -39.90061 -39.90061
 -40.14242 -40.14242 -40.14242 -40.14242 -40.14242
 -40.27848 -40.27848 -40.27848 -40.27848 -40.27848
 -34.80993 -34.80993 -34.80993 -34.80993 -34.80993
 -27.75711 -27.75710 -27.75710 -27.75710 -27.75711
 -23.32350 -23.32349 -23.32349 -23.32349 -23.32350
 -19.71355 -19.71355 -19.71355 -19.71355 -19.71355
 -17.07289 -17.07289 -17.07289 -17.07289 -17.07289
 -15.08500 -15.08500 -15.08500 -15.08500 -15.08500
 -13.57979 -13.57979 -13.57979 -13.57979 -13.57979
 -12.45297 -12.45297 -12.45297 -12.45297 -12.45297
 -11.60749 -11.60749 -11.60749 -11.60749 -11.60749
 -10.97490 -10.97490 -10.97490 -10.97490 -10.97490
 -10.50123 -10.50123 -10.50123 -10.50123 -10.50123
 -10.14659 -10.14659 -10.14659 -10.14659 -10.14659
  -9.88124  -9.88124  -9.88124  -9.88124  -9.88124
  -9.68320  -9.68320  -9.68320  -9.68320  -9.68320
  -9.53621  -9.53621  -9.53621  -9.53621  -9.53621
  -9.42822  -9.42822  -9.42822  -9.42822  -9.42822
  -9.35026  -9.35026  -9.35026  -9.35026  -9.35026
  -9.29566  -9.29566  -9.29566  -9.29566  -9.29566
  -9.25941  -9.25941  -9.25941  -9.25941  -9.25941
  -9.23773  -9.23773  -9.23773  -9.23773  -9.23773
  -9.22771  -9.22771  -9.22771  -9.22771  -9.22771
  -9.22712  -9.22712  -9.22712  -9.22712  -9.22712
  -9.23427  -9.23427  -9.23427  -9.23427  -9.23427
  -9.24776  -9.24776  -9.24776  -9.24776  -9.24776
  -9.26681  -9.26681  -9.26681  -9.26681  -9.26681
  -9.28883  -9.28883  -9.28883  -9.28883  -9.28883
  -9.31097  -9.31097  -9.31097  -9.31097  -9.31097
 --------------------/ IPRT= 1  / IGRD= 1  /IONIS   / Z1=19   / DATE= 17.01.97  
 -40.00000 -40.00000 -40.00000 -40.00000 -40.00000
 -39.99993 -39.99993 -39.99993 -39.99993 -39.99993
 -40.00036 -40.00036 -40.00036 -40.00036 -40.00036
 -39.99861 -39.99861 -39.99861 -39.99861 -39.99861
 -40.00428 -40.00428 -40.00428 -40.00428 -40.00428
 -39.99128 -39.99128 -39.99128 -39.99128 -39.99128
 -40.00147 -40.00147 -40.00147 -40.00147 -40.00147
 -40.10110 -40.10110 -40.10110 -40.10110 -40.10110
 -38.67406 -38.67406 -38.67406 -38.67406 -38.67406
 -32.75065 -32.75065 -32.75065 -32.75065 -32.75065
 -25.74956 -25.74956 -25.74956 -25.74956 -25.74956
 -21.63372 -21.63372 -21.63372 -21.63372 -21.63372
 -18.40498 -18.40498 -18.40498 -18.40498 -18.40498
 -15.99086 -15.99086 -15.99086 -15.99086 -15.99086
 -14.24327 -14.24327 -14.24327 -14.24327 -14.24327
 -12.93145 -12.93145 -12.93145 -12.93145 -12.93145
 -11.96373 -11.96373 -11.96373 -11.96373 -11.96373
 -11.24244 -11.24244 -11.24244 -11.24244 -11.24244
 -10.70505 -10.70505 -10.70505 -10.70505 -10.70505
 -10.30385 -10.30386 -10.30386 -10.30386 -10.30386
 -10.00407 -10.00407 -10.00407 -10.00407 -10.00407
  -9.78037  -9.78037  -9.78037  -9.78037  -9.78037
  -9.61402  -9.61403  -9.61403  -9.61403  -9.61403
  -9.49132  -9.49132  -9.49132  -9.49132  -9.49132
  -9.40202  -9.40202  -9.40202  -9.40202  -9.40202
  -9.33861  -9.33861  -9.33861  -9.33861  -9.33861
  -9.29545  -9.29545  -9.29545  -9.29545  -9.29545
  -9.26826  -9.26827  -9.26827  -9.26827  -9.26827
  -9.25382  -9.25382  -9.25382  -9.25382  -9.25382
  -9.24966  -9.24966  -9.24966  -9.24966  -9.24966
  -9.25387  -9.25387  -9.25387  -9.25387  -9.25387
  -9.26491  -9.26491  -9.26491  -9.26491  -9.26491
  -9.28196  -9.28196  -9.28196  -9.28196  -9.28196
  -9.30218  -9.30218  -9.30218  -9.30218  -9.30218
  -9.32253  -9.32253  -9.32253  -9.32253  -9.32253
 --------------------/ IPRT= 1  / IGRD= 1  /IONIS   / Z1=20   / DATE= 17.01.97  
 -40.00000 -40.00000 -40.00000 -40.00000 -40.00000
 -39.99992 -39.99992 -39.99992 -39.99992 -39.99992
 -40.00038 -40.00038 -40.00038 -40.00038 -40.00038
 -39.99855 -39.99855 -39.99855 -39.99855 -39.99855
 -40.00449 -40.00449 -40.00449 -40.00449 -40.00449
 -39.99074 -39.99074 -39.99074 -39.99074 -39.99074
 -40.00235 -40.00235 -40.00235 -40.00235 -40.00235
 -40.10202 -40.10202 -40.10202 -40.10202 -40.10202
 -38.65254 -38.65254 -38.65254 -38.65254 -38.65254
 -32.73540 -32.73540 -32.73540 -32.73540 -32.73540
 -25.77303 -25.77303 -25.77303 -25.77303 -25.77303
 -21.68274 -21.68274 -21.68274 -21.68274 -21.68274
 -18.47536 -18.47536 -18.47537 -18.47536 -18.47536
 -16.07595 -16.07595 -16.07595 -16.07595 -16.07594
 -14.33612 -14.33612 -14.33612 -14.33612 -14.33613
 -13.02685 -13.02685 -13.02685 -13.02685 -13.02685
 -12.05817 -12.05817 -12.05817 -12.05817 -12.05817
 -11.33411 -11.33411 -11.33411 -11.33411 -11.33411
 -10.79332 -10.79333 -10.79333 -10.79333 -10.79333
 -10.38872 -10.38872 -10.38872 -10.38872 -10.38872
 -10.08587 -10.08587 -10.08587 -10.08587 -10.08587
  -9.85953  -9.85953  -9.85953  -9.85953  -9.85953
  -9.69103  -9.69103  -9.69103  -9.69103  -9.69103
  -9.56656  -9.56656  -9.56656  -9.56656  -9.56656
  -9.47584  -9.47584  -9.47584  -9.47584  -9.47584
  -9.41128  -9.41128  -9.41128  -9.41128  -9.41128
  -9.36719  -9.36719  -9.36719  -9.36719  -9.36719
  -9.33925  -9.33925  -9.33925  -9.33925  -9.33925
  -9.32421  -9.32421  -9.32421  -9.32421  -9.32421
  -9.31955  -9.31954  -9.31954  -9.31954  -9.31955
  -9.32335  -9.32335  -9.32335  -9.32335  -9.32335
  -9.33406  -9.33405  -9.33405  -9.33405  -9.33406
  -9.35081  -9.35080  -9.35080  -9.35080  -9.35081
  -9.37078  -9.37079  -9.37079  -9.37079  -9.37078
  -9.39089  -9.39091  -9.39091  -9.39091  -9.39089
 --------------------/ IPRT= 1  / IGRD= 1  /IONIS   / Z1=21   / DATE= 17.01.97  
 -40.00000 -40.00000 -40.00000 -40.00000 -40.00000
 -40.00007 -40.00007 -40.00007 -40.00007 -40.00007
 -39.99965 -39.99965 -39.99965 -39.99965 -39.99965
 -40.00143 -40.00143 -40.00143 -40.00143 -40.00143
 -39.99499 -39.99499 -39.99499 -39.99499 -39.99499
 -40.01436 -40.01436 -40.01436 -40.01436 -40.01436
 -39.96604 -39.96603 -39.96603 -39.96604 -39.96604
 -40.05290 -40.05289 -40.05289 -40.05290 -40.05290
 -39.69118 -39.69118 -39.69118 -39.69118 -39.69118
 -34.24861 -34.24861 -34.24861 -34.24861 -34.24861
 -26.73732 -26.73731 -26.73731 -26.73732 -26.73732
 -22.46082 -22.46081 -22.46081 -22.46082 -22.46082
 -19.07807 -19.07807 -19.07807 -19.07807 -19.07807
 -16.54537 -16.54537 -16.54537 -16.54537 -16.54537
 -14.71281 -14.71281 -14.71281 -14.71281 -14.71281
 -13.33130 -13.33130 -13.33130 -13.33130 -13.33130
 -12.31043 -12.31043 -12.31043 -12.31043 -12.31043
 -11.54754 -11.54754 -11.54754 -11.54754 -11.54754
 -10.97809 -10.97809 -10.97809 -10.97809 -10.97809
 -10.55226 -10.55226 -10.55226 -10.55226 -10.55226
 -10.23361 -10.23361 -10.23361 -10.23361 -10.23361
  -9.99545  -9.99545  -9.99545  -9.99545  -9.99545
  -9.81802  -9.81802  -9.81802  -9.81802  -9.81802
  -9.68675  -9.68675  -9.68675  -9.68675  -9.68675
  -9.59082  -9.59082  -9.59082  -9.59082  -9.59082
  -9.52221  -9.52221  -9.52221  -9.52221  -9.52221
  -9.47495  -9.47495  -9.47495  -9.47495  -9.47495
  -9.44450  -9.44450  -9.44450  -9.44450  -9.44450
  -9.42744  -9.42744  -9.42744  -9.42744  -9.42744
  -9.42115  -9.42115  -9.42115  -9.42115  -9.42115
  -9.42362  -9.42362  -9.42362  -9.42362  -9.42362
  -9.43322  -9.43322  -9.43322  -9.43322  -9.43322
  -9.44907  -9.44907  -9.44907  -9.44907  -9.44907
  -9.46823  -9.46823  -9.46823  -9.46823  -9.46823
  -9.48753  -9.48753  -9.48753  -9.48753  -9.48753
 --------------------/ IPRT= 1  / IGRD= 1  /IONIS   / Z1=22   / DATE= 17.01.97  
 -40.00000 -40.00000 -40.00000 -40.00000 -40.00000
 -40.00012 -40.00012 -40.00012 -40.00012 -40.00012
 -39.99941 -39.99941 -39.99941 -39.99941 -39.99941
 -40.00237 -40.00237 -40.00237 -40.00237 -40.00237
 -39.99200 -39.99200 -39.99200 -39.99200 -39.99200
 -40.02091 -40.02091 -40.02091 -40.02091 -40.02091
 -39.96143 -39.96143 -39.96143 -39.96143 -39.96143
 -40.00107 -40.00107 -40.00107 -40.00107 -40.00107
 -40.39582 -40.39582 -40.39582 -40.39583 -40.39582
 -37.38327 -37.38327 -37.38327 -37.38327 -37.38327
 -30.80708 -30.80708 -30.80708 -30.80709 -30.80708
 -25.06551 -25.06551 -25.06551 -25.06551 -25.06551
 -21.02138 -21.02138 -21.02138 -21.02137 -21.02138
 -18.08031 -18.08031 -18.08031 -18.08031 -18.08031
 -15.86984 -15.86984 -15.86984 -15.86985 -15.86984
 -14.24221 -14.24221 -14.24221 -14.24221 -14.24221
 -13.03077 -13.03077 -13.03077 -13.03077 -13.03077
 -12.13080 -12.13080 -12.13080 -12.13080 -12.13080
 -11.46001 -11.46001 -11.46001 -11.46001 -11.46001
 -10.95936 -10.95935 -10.95936 -10.95936 -10.95936
 -10.58519 -10.58519 -10.58519 -10.58519 -10.58519
 -10.30554 -10.30554 -10.30554 -10.30555 -10.30554
 -10.09690 -10.09690 -10.09690 -10.09690 -10.09690
  -9.94196  -9.94196  -9.94196  -9.94195  -9.94196
  -9.82786  -9.82786  -9.82786  -9.82786  -9.82786
  -9.74524  -9.74524  -9.74524  -9.74524  -9.74524
  -9.68702  -9.68702  -9.68702  -9.68702  -9.68702
  -9.64791  -9.64791  -9.64791  -9.64791  -9.64791
  -9.62397  -9.62397  -9.62397  -9.62397  -9.62397
  -9.61211  -9.61211  -9.61211  -9.61211  -9.61211
  -9.61006  -9.61006  -9.61006  -9.61006  -9.61006
  -9.61593  -9.61594  -9.61594  -9.61594  -9.61594
  -9.62872  -9.62871  -9.62871  -9.62871  -9.62871
  -9.64514  -9.64513  -9.64513  -9.64513  -9.64513
  -9.66171  -9.66169  -9.66169  -9.66169  -9.66169
 --------------------/ IPRT= 1  / IGRD= 1  /IONIS   / Z1=23   / DATE= 17.01.97  
 -40.00000 -40.00000 -40.00000 -40.00000 -40.00000
 -40.00015 -40.00015 -40.00015 -40.00015 -40.00015
 -39.99926 -39.99926 -39.99926 -39.99926 -39.99926
 -40.00297 -40.00297 -40.00297 -40.00297 -40.00297
 -39.98998 -39.98998 -39.98998 -39.98998 -39.98998
 -40.02625 -40.02625 -40.02625 -40.02625 -40.02625
 -39.95138 -39.95138 -39.95138 -39.95138 -39.95138
 -40.00299 -40.00299 -40.00299 -40.00299 -40.00299
 -40.48826 -40.48825 -40.48825 -40.48825 -40.48825
 -36.79809 -36.79809 -36.79810 -36.79809 -36.79809
 -29.70835 -29.70834 -29.70835 -29.70834 -29.70834
 -24.40192 -24.40192 -24.40191 -24.40191 -24.40191
 -20.56813 -20.56814 -20.56814 -20.56814 -20.56814
 -17.76130 -17.76130 -17.76130 -17.76130 -17.76130
 -15.66888 -15.66888 -15.66888 -15.66888 -15.66888
 -14.11300 -14.11300 -14.11300 -14.11300 -14.11300
 -12.95665 -12.95665 -12.95665 -12.95665 -12.95665
 -12.09501 -12.09502 -12.09502 -12.09501 -12.09501
 -11.45206 -11.45205 -11.45205 -11.45206 -11.45206
 -10.97166 -10.97165 -10.97165 -10.97166 -10.97166
 -10.61236 -10.61235 -10.61235 -10.61236 -10.61236
 -10.34373 -10.34373 -10.34373 -10.34373 -10.34373
 -10.14330 -10.14330 -10.14330 -10.14330 -10.14330
  -9.99456  -9.99456  -9.99456  -9.99456  -9.99456
  -9.88522  -9.88522  -9.88522  -9.88522  -9.88522
  -9.80623  -9.80623  -9.80623  -9.80623  -9.80623
  -9.75086  -9.75086  -9.75086  -9.75086  -9.75086
  -9.71400  -9.71400  -9.71400  -9.71400  -9.71400
  -9.69181  -9.69181  -9.69181  -9.69181  -9.69181
  -9.68138  -9.68138  -9.68138  -9.68138  -9.68138
  -9.68050  -9.68050  -9.68050  -9.68050  -9.68050
  -9.68733  -9.68733  -9.68733  -9.68733  -9.68733
  -9.70089  -9.70089  -9.70089  -9.70088  -9.70089
  -9.71801  -9.71801  -9.71801  -9.71800  -9.71801
  -9.73529  -9.73529  -9.73529  -9.73526  -9.73529
 --------------------/ IPRT= 1  / IGRD= 1  /IONIS   / Z1=24   / DATE= 17.01.97  
 -40.00000 -40.00000 -40.00000 -40.00000 -40.00000
 -40.00012 -40.00012 -40.00012 -40.00012 -40.00012
 -39.99945 -39.99945 -39.99945 -39.99945 -39.99945
 -40.00222 -40.00222 -40.00222 -40.00222 -40.00222
 -39.99251 -39.99251 -39.99251 -39.99251 -39.99251
 -40.01955 -40.01955 -40.01955 -40.01955 -40.01955
 -39.96397 -39.96397 -39.96397 -39.96397 -39.96397
 -40.00067 -40.00067 -40.00067 -40.00067 -40.00067
 -40.37185 -40.37186 -40.37186 -40.37186 -40.37185
 -37.53661 -37.53661 -37.53661 -37.53661 -37.53661
 -31.15631 -31.15631 -31.15631 -31.15631 -31.15631
 -25.40508 -25.40509 -25.40509 -25.40509 -25.40508
 -21.35968 -21.35969 -21.35969 -21.35969 -21.35968
 -18.40855 -18.40854 -18.40854 -18.40854 -18.40855
 -16.17858 -16.17857 -16.17857 -16.17857 -16.17857
 -14.53468 -14.53468 -14.53468 -14.53468 -14.53468
 -13.30863 -13.30863 -13.30863 -13.30863 -13.30863
 -12.39727 -12.39727 -12.39727 -12.39727 -12.39727
 -11.71769 -11.71769 -11.71769 -11.71769 -11.71769
 -11.21040 -11.21039 -11.21039 -11.21039 -11.21040
 -10.83124 -10.83124 -10.83124 -10.83124 -10.83124
 -10.54783 -10.54783 -10.54783 -10.54783 -10.54783
 -10.33634 -10.33634 -10.33634 -10.33634 -10.33634
 -10.17923 -10.17924 -10.17924 -10.17924 -10.17923
 -10.06350 -10.06350 -10.06350 -10.06350 -10.06350
  -9.97959  -9.97959  -9.97959  -9.97959  -9.97959
  -9.92038  -9.92038  -9.92038  -9.92038  -9.92038
  -9.88051  -9.88051  -9.88051  -9.88051  -9.88051
  -9.85593  -9.85593  -9.85593  -9.85593  -9.85593
  -9.84357  -9.84358  -9.84358  -9.84358  -9.84358
  -9.84111  -9.84111  -9.84111  -9.84111  -9.84111
  -9.84666  -9.84666  -9.84666  -9.84666  -9.84666
  -9.85916  -9.85916  -9.85916  -9.85916  -9.85916
  -9.87533  -9.87535  -9.87535  -9.87535  -9.87535
  -9.89165  -9.89168  -9.89168  -9.89168  -9.89168
 --------------------/ IPRT= 1  / IGRD= 1  /IONIS   / Z1=25   / DATE= 17.01.97  
 -40.00000 -40.00000 -40.00000 -40.00000 -40.00000
 -40.00005 -40.00005 -40.00005 -40.00005 -40.00005
 -39.99974 -39.99974 -39.99974 -39.99974 -39.99974
 -40.00102 -40.00102 -40.00102 -40.00102 -40.00102
 -39.99657 -39.99657 -39.99657 -39.99657 -39.99657
 -40.00888 -40.00888 -40.00888 -40.00888 -40.00888
 -39.98411 -39.98411 -39.98411 -39.98411 -39.98411
 -39.99685 -39.99685 -39.99685 -39.99685 -39.99685
 -40.18656 -40.18656 -40.18656 -40.18655 -40.18656
 -38.71016 -38.71016 -38.71016 -38.71015 -38.71016
 -33.37702 -33.37702 -33.37702 -33.37701 -33.37702
 -26.79375 -26.79375 -26.79375 -26.79375 -26.79375
 -22.37335 -22.37335 -22.37335 -22.37336 -22.37335
 -19.20129 -19.20128 -19.20129 -19.20128 -19.20129
 -16.77844 -16.77843 -16.77844 -16.77844 -16.77844
 -15.02678 -15.02677 -15.02678 -15.02678 -15.02678
 -13.71876 -13.71876 -13.71877 -13.71876 -13.71876
 -12.75238 -12.75238 -12.75238 -12.75238 -12.75238
 -12.03314 -12.03314 -12.03314 -12.03314 -12.03314
 -11.49563 -11.49563 -11.49563 -11.49563 -11.49563
 -11.08987 -11.08986 -11.08987 -11.08986 -11.08987
 -10.77848 -10.77848 -10.77848 -10.77848 -10.77848
 -10.53546 -10.53546 -10.53546 -10.53546 -10.53546
 -10.34381 -10.34381 -10.34381 -10.34381 -10.34381
 -10.19277 -10.19277 -10.19277 -10.19277 -10.19277
 -10.07515 -10.07515 -10.07515 -10.07515 -10.07515
  -9.98531  -9.98531  -9.98531  -9.98531  -9.98531
  -9.91856  -9.91856  -9.91856  -9.91856  -9.91856
  -9.87093  -9.87093  -9.87093  -9.87093  -9.87093
  -9.83906  -9.83906  -9.83906  -9.83906  -9.83906
  -9.82015  -9.82015  -9.82015  -9.82015  -9.82015
  -9.81184  -9.81184  -9.81184  -9.81184  -9.81184
  -9.81279  -9.81279  -9.81279  -9.81279  -9.81279
  -9.81863  -9.81863  -9.81863  -9.81863  -9.81863
  -9.82467  -9.82467  -9.82467  -9.82467  -9.82467
 --------------------/ IPRT= 1  / IGRD= 1  /IONIS   / Z1=26   / DATE= 17.01.97  
 -40.00000 -40.00000 -40.00000 -40.00000 -40.00000
 -40.00002 -40.00002 -40.00002 -40.00002 -40.00002
 -39.99994 -39.99994 -39.99994 -39.99994 -39.99994
 -40.00022 -40.00022 -40.00022 -40.00022 -40.00022
 -39.99928 -39.99928 -39.99928 -39.99928 -39.99928
 -40.00174 -40.00174 -40.00174 -40.00174 -40.00174
 -39.99756 -39.99756 -39.99756 -39.99756 -39.99756
 -39.99438 -39.99439 -39.99438 -39.99438 -39.99438
 -40.06219 -40.06219 -40.06219 -40.06219 -40.06219
 -39.49935 -39.49935 -39.49935 -39.49935 -39.49935
 -34.92863 -34.92864 -34.92863 -34.92863 -34.92863
 -27.88450 -27.88451 -27.88450 -27.88450 -27.88450
 -23.26124 -23.26124 -23.26124 -23.26124 -23.26124
 -19.96102 -19.96102 -19.96102 -19.96102 -19.96102
 -17.41464 -17.41464 -17.41464 -17.41464 -17.41464
 -15.58747 -15.58747 -15.58747 -15.58747 -15.58747
 -14.21869 -14.21869 -14.21868 -14.21868 -14.21869
 -13.20896 -13.20896 -13.20896 -13.20896 -13.20896
 -12.45716 -12.45716 -12.45716 -12.45716 -12.45716
 -11.89389 -11.89389 -11.89389 -11.89389 -11.89389
 -11.46439 -11.46439 -11.46439 -11.46439 -11.46439
 -11.12746 -11.12746 -11.12746 -11.12746 -11.12746
 -10.85621 -10.85621 -10.85621 -10.85621 -10.85621
 -10.63550 -10.63550 -10.63550 -10.63550 -10.63550
 -10.45730 -10.45730 -10.45730 -10.45730 -10.45730
 -10.31615 -10.31615 -10.31615 -10.31615 -10.31615
 -10.20681 -10.20681 -10.20681 -10.20681 -10.20681
 -10.12433 -10.12433 -10.12433 -10.12433 -10.12433
 -10.06414 -10.06414 -10.06414 -10.06414 -10.06414
 -10.02224 -10.02224 -10.02224 -10.02224 -10.02224
  -9.99532  -9.99532  -9.99532  -9.99532  -9.99532
  -9.98055  -9.98054  -9.98054  -9.98054  -9.98055
  -9.97628  -9.97628  -9.97628  -9.97628  -9.97628
  -9.97755  -9.97755  -9.97755  -9.97755  -9.97755
  -9.97904  -9.97905  -9.97905  -9.97905  -9.97904
 --------------------/ IPRT= 1  / IGRD= 1  /IONIS   / Z1=27   / DATE= 17.01.97  
 -40.00000 -40.00000 -40.00000 -40.00000 -40.00000
 -40.00000 -40.00000 -40.00000 -40.00000 -40.00000
 -40.00001 -40.00001 -40.00001 -40.00001 -40.00001
 -39.99998 -39.99998 -39.99998 -39.99998 -39.99998
 -40.00009 -40.00009 -40.00009 -40.00009 -40.00009
 -39.99978 -39.99978 -39.99978 -39.99978 -39.99978
 -40.00038 -40.00038 -40.00038 -40.00038 -40.00038
 -40.00028 -40.00028 -40.00028 -40.00028 -40.00028
 -39.99417 -39.99417 -39.99417 -39.99417 -39.99417
 -40.02918 -40.02918 -40.02918 -40.02918 -40.02918
 -39.90430 -39.90430 -39.90430 -39.90430 -39.90430
 -40.20999 -40.20998 -40.20998 -40.20998 -40.20999
 -38.96911 -38.96909 -38.96909 -38.96909 -38.96911
 -33.28779 -33.28779 -33.28779 -33.28779 -33.28780
 -27.00302 -27.00302 -27.00302 -27.00302 -27.00302
 -22.53517 -22.53516 -22.53517 -22.53516 -22.53516
 -19.28541 -19.28541 -19.28541 -19.28541 -19.28541
 -16.89712 -16.89712 -16.89712 -16.89713 -16.89712
 -15.12074 -15.12073 -15.12073 -15.12073 -15.12074
 -13.80421 -13.80421 -13.80421 -13.80421 -13.80421
 -12.82573 -12.82573 -12.82573 -12.82574 -12.82573
 -12.09673 -12.09673 -12.09673 -12.09673 -12.09673
 -11.55275 -11.55275 -11.55275 -11.55275 -11.55275
 -11.14626 -11.14626 -11.14626 -11.14626 -11.14626
 -10.84223 -10.84223 -10.84223 -10.84224 -10.84224
 -10.61517 -10.61517 -10.61517 -10.61517 -10.61517
 -10.44621 -10.44622 -10.44622 -10.44621 -10.44621
 -10.32144 -10.32145 -10.32145 -10.32144 -10.32144
 -10.23055 -10.23055 -10.23055 -10.23055 -10.23055
 -10.16587 -10.16587 -10.16587 -10.16587 -10.16587
 -10.12170 -10.12170 -10.12170 -10.12170 -10.12170
 -10.09360 -10.09360 -10.09360 -10.09360 -10.09360
 -10.07897 -10.07897 -10.07897 -10.07897 -10.07897
 -10.07135 -10.07135 -10.07135 -10.07135 -10.07135
 -10.06401 -10.06401 -10.06401 -10.06401 -10.06401
 --------------------/ IPRT= 1  / IGRD= 1  /IONIS   / Z1=28   / DATE= 17.01.97  
 -40.00000 -40.00000 -40.00000 -40.00000 -40.00000
 -40.00000 -40.00000 -40.00000 -40.00000 -40.00000
 -40.00002 -40.00002 -40.00002 -40.00002 -40.00002
 -39.99995 -39.99995 -39.99995 -39.99995 -39.99995
 -40.00017 -40.00017 -40.00017 -40.00017 -40.00017
 -39.99955 -39.99955 -39.99955 -39.99955 -39.99955
 -40.00081 -40.00081 -40.00081 -40.00081 -40.00081
 -40.00017 -40.00017 -40.00017 -40.00017 -40.00017
 -39.99037 -39.99037 -39.99037 -39.99037 -39.99037
 -40.04951 -40.04951 -40.04951 -40.04951 -40.04951
 -39.84242 -39.84242 -39.84242 -39.84242 -39.84242
 -40.33853 -40.33853 -40.33853 -40.33853 -40.33853
 -39.72598 -39.72598 -39.72598 -39.72598 -39.72598
 -34.29488 -34.29487 -34.29487 -34.29487 -34.29487
 -27.82104 -27.82102 -27.82102 -27.82102 -27.82102
 -23.15040 -23.15038 -23.15038 -23.15038 -23.15038
 -19.77095 -19.77094 -19.77095 -19.77095 -19.77094
 -17.27876 -17.27876 -17.27877 -17.27877 -17.27876
 -15.42709 -15.42709 -15.42709 -15.42709 -15.42710
 -14.05475 -14.05475 -14.05475 -14.05476 -14.05476
 -13.03458 -13.03458 -13.03458 -13.03458 -13.03458
 -12.27471 -12.27471 -12.27471 -12.27471 -12.27471
 -11.70773 -11.70773 -11.70773 -11.70773 -11.70773
 -11.28410 -11.28410 -11.28410 -11.28410 -11.28410
 -10.96724 -10.96724 -10.96724 -10.96724 -10.96724
 -10.73050 -10.73050 -10.73050 -10.73050 -10.73050
 -10.55423 -10.55423 -10.55423 -10.55424 -10.55423
 -10.42387 -10.42387 -10.42387 -10.42387 -10.42387
 -10.32866 -10.32866 -10.32866 -10.32865 -10.32866
 -10.26063 -10.26063 -10.26063 -10.26063 -10.26063
 -10.21385 -10.21385 -10.21385 -10.21385 -10.21385
 -10.18365 -10.18365 -10.18365 -10.18365 -10.18365
 -10.16738 -10.16738 -10.16738 -10.16738 -10.16738
 -10.15831 -10.15831 -10.15831 -10.15831 -10.15831
 -10.14954 -10.14954 -10.14954 -10.14954 -10.14954
 --------------------/ IPRT= 1  / IGRD= 1  /IONIS   / Z1=29   / DATE= 17.01.97  
 -40.00000 -40.00000 -40.00000 -40.00000 -40.00000
 -40.00000 -40.00000 -40.00000 -40.00000 -40.00000
 -40.00002 -40.00002 -40.00002 -40.00002 -40.00002
 -39.99995 -39.99995 -39.99995 -39.99995 -39.99995
 -40.00017 -40.00017 -40.00017 -40.00017 -40.00017
 -39.99956 -39.99956 -39.99956 -39.99956 -39.99956
 -40.00078 -40.00078 -40.00078 -40.00078 -40.00078
 -40.00016 -40.00016 -40.00016 -40.00016 -40.00016
 -39.99069 -39.99069 -39.99069 -39.99069 -39.99069
 -40.04795 -40.04795 -40.04795 -40.04795 -40.04795
 -39.84746 -39.84746 -39.84745 -39.84746 -39.84746
 -40.32736 -40.32736 -40.32737 -40.32736 -40.32736
 -39.73687 -39.73687 -39.73688 -39.73687 -39.73687
 -34.43351 -34.43351 -34.43351 -34.43351 -34.43351
 -27.98413 -27.98413 -27.98414 -27.98413 -27.98412
 -23.28556 -23.28556 -23.28556 -23.28556 -23.28555
 -19.90523 -19.90523 -19.90523 -19.90524 -19.90523
 -17.40734 -17.40734 -17.40734 -17.40735 -17.40734
 -15.55118 -15.55118 -15.55118 -15.55118 -15.55118
 -14.17356 -14.17356 -14.17356 -14.17356 -14.17356
 -13.14744 -13.14744 -13.14744 -13.14744 -13.14744
 -12.38171 -12.38171 -12.38171 -12.38171 -12.38171
 -11.80929 -11.80929 -11.80929 -11.80929 -11.80929
 -11.38096 -11.38096 -11.38096 -11.38096 -11.38096
 -11.06016 -11.06018 -11.06018 -11.06018 -11.06018
 -10.82024 -10.82025 -10.82025 -10.82025 -10.82025
 -10.64141 -10.64141 -10.64141 -10.64141 -10.64141
 -10.50899 -10.50899 -10.50899 -10.50899 -10.50899
 -10.41217 -10.41217 -10.41217 -10.41217 -10.41217
 -10.34287 -10.34287 -10.34287 -10.34287 -10.34287
 -10.29506 -10.29505 -10.29505 -10.29505 -10.29505
 -10.26403 -10.26403 -10.26403 -10.26403 -10.26403
 -10.24709 -10.24709 -10.24709 -10.24709 -10.24709
 -10.23744 -10.23744 -10.23744 -10.23744 -10.23744
 -10.22809 -10.22809 -10.22809 -10.22809 -10.22809
 --------------------/ IPRT= 1  / IGRD= 1  /IONIS   / Z1=30   / DATE= 17.01.97  
 -40.00000 -40.00000 -40.00000 -40.00000 -40.00000
 -40.00000 -40.00000 -40.00000 -40.00000 -40.00000
 -40.00001 -40.00001 -40.00001 -40.00001 -40.00001
 -39.99995 -39.99995 -39.99995 -39.99995 -39.99995
 -40.00014 -40.00014 -40.00014 -40.00014 -40.00014
 -39.99965 -39.99965 -39.99965 -39.99965 -39.99965
 -40.00063 -40.00063 -40.00063 -40.00063 -40.00063
 -40.00011 -40.00011 -40.00011 -40.00011 -40.00011
 -39.99255 -39.99255 -39.99255 -39.99255 -39.99255
 -40.03842 -40.03842 -40.03842 -40.03842 -40.03842
 -39.87804 -39.87804 -39.87804 -39.87804 -39.87804
 -40.25936 -40.25936 -40.25936 -40.25936 -40.25936
 -39.80409 -39.80408 -39.80409 -39.80409 -39.80409
 -35.25114 -35.25114 -35.25114 -35.25114 -35.25114
 -28.84788 -28.84788 -28.84788 -28.84788 -28.84788
 -23.86926 -23.86926 -23.86926 -23.86926 -23.86926
 -20.40228 -20.40227 -20.40228 -20.40228 -20.40228
 -17.80477 -17.80476 -17.80477 -17.80477 -17.80477
 -15.87974 -15.87974 -15.87974 -15.87974 -15.87974
 -14.44994 -14.44994 -14.44994 -14.44994 -14.44994
 -13.38309 -13.38309 -13.38309 -13.38309 -13.38309
 -12.58668 -12.58668 -12.58668 -12.58668 -12.58668
 -11.99075 -11.99075 -11.99075 -11.99075 -11.99075
 -11.54464 -11.54464 -11.54464 -11.54464 -11.54464
 -11.21034 -11.21034 -11.21034 -11.21034 -11.21034
 -10.96015 -10.96015 -10.96015 -10.96015 -10.96015
 -10.77349 -10.77349 -10.77349 -10.77351 -10.77351
 -10.63511 -10.63511 -10.63511 -10.63511 -10.63511
 -10.53366 -10.53366 -10.53366 -10.53365 -10.53365
 -10.46074 -10.46074 -10.46074 -10.46074 -10.46074
 -10.41010 -10.41010 -10.41010 -10.41010 -10.41010
 -10.37683 -10.37683 -10.37683 -10.37683 -10.37683
 -10.35811 -10.35811 -10.35811 -10.35811 -10.35811
 -10.34692 -10.34692 -10.34692 -10.34692 -10.34692
 -10.33603 -10.33603 -10.33603 -10.33603 -10.33603
 --------------------/ IPRT= 1  / IGRD= 1  /IONIS   / Z1=31   / DATE= 17.01.97  
 -40.00000 -40.00000 -40.00000 -40.00000 -40.00000
 -40.00000 -40.00000 -40.00000 -40.00000 -40.00000
 -40.00001 -40.00001 -40.00001 -40.00001 -40.00001
 -39.99998 -39.99998 -39.99998 -39.99998 -39.99998
 -40.00005 -40.00005 -40.00005 -40.00005 -40.00005
 -39.99984 -39.99984 -39.99984 -39.99984 -39.99984
 -40.00030 -40.00030 -40.00030 -40.00030 -40.00030
 -39.99999 -39.99999 -39.99999 -39.99999 -39.99999
 -39.99691 -39.99691 -39.99691 -39.99691 -39.99691
 -40.01618 -40.01618 -40.01618 -40.01618 -40.01618
 -39.94945 -39.94945 -39.94945 -39.94945 -39.94945
 -40.10053 -40.10053 -40.10053 -40.10053 -40.10053
 -39.96133 -39.96133 -39.96133 -39.96132 -39.96133
 -37.15384 -37.15384 -37.15384 -37.15385 -37.15384
 -30.83053 -30.83053 -30.83053 -30.83054 -30.83053
 -25.16586 -25.16586 -25.16586 -25.16586 -25.16586
 -21.46932 -21.46932 -21.46932 -21.46932 -21.46932
 -18.61549 -18.61549 -18.61549 -18.61549 -18.61549
 -16.51347 -16.51347 -16.51347 -16.51347 -16.51347
 -14.95379 -14.95379 -14.95379 -14.95379 -14.95379
 -13.79034 -13.79034 -13.79034 -13.79034 -13.79034
 -12.92484 -12.92484 -12.92484 -12.92484 -12.92484
 -12.27836 -12.27836 -12.27836 -12.27836 -12.27837
 -11.79557 -11.79557 -11.79557 -11.79557 -11.79558
 -11.43433 -11.43432 -11.43432 -11.43433 -11.43432
 -11.16421 -11.16420 -11.16420 -11.16421 -11.16420
 -10.96269 -10.96269 -10.96269 -10.96268 -10.96269
 -10.81308 -10.81308 -10.81308 -10.81307 -10.81308
 -10.70309 -10.70309 -10.70309 -10.70309 -10.70309
 -10.62360 -10.62360 -10.62360 -10.62360 -10.62360
 -10.56783 -10.56783 -10.56783 -10.56783 -10.56783
 -10.53053 -10.53053 -10.53053 -10.53053 -10.53053
 -10.50864 -10.50864 -10.50864 -10.50864 -10.50864
 -10.49470 -10.49470 -10.49470 -10.49470 -10.49470
 -10.48109 -10.48109 -10.48109 -10.48109 -10.48109
 --------------------/ IPRT= 1  / IGRD= 1  /IONIS   / Z1=32   / DATE= 17.01.97  
 -40.00000 -40.00000 -40.00000 -40.00000 -40.00000
 -40.00000 -40.00000 -40.00000 -40.00000 -40.00000
 -40.00000 -40.00000 -40.00000 -40.00000 -40.00000
 -39.99999 -39.99999 -39.99999 -39.99999 -39.99999
 -40.00003 -40.00003 -40.00003 -40.00003 -40.00003
 -39.99992 -39.99992 -39.99992 -39.99992 -39.99992
 -40.00014 -40.00014 -40.00014 -40.00014 -40.00014
 -39.99996 -39.99996 -39.99996 -39.99996 -39.99996
 -39.99875 -39.99875 -39.99875 -39.99875 -39.99875
 -40.00674 -40.00674 -40.00674 -40.00674 -40.00674
 -39.97963 -39.97963 -39.97963 -39.97963 -39.97963
 -40.03448 -40.03448 -40.03448 -40.03448 -40.03448
 -40.02110 -40.02110 -40.02110 -40.02110 -40.02110
 -38.08894 -38.08894 -38.08894 -38.08894 -38.08894
 -32.29184 -32.29184 -32.29184 -32.29184 -32.29184
 -26.51291 -26.51290 -26.51290 -26.51290 -26.51291
 -22.51603 -22.51603 -22.51603 -22.51603 -22.51603
 -19.38791 -19.38791 -19.38791 -19.38791 -19.38791
 -17.12254 -17.12253 -17.12253 -17.12253 -17.12254
 -15.44245 -15.44245 -15.44245 -15.44245 -15.44245
 -14.19051 -14.19051 -14.19051 -14.19051 -14.19051
 -13.26268 -13.26268 -13.26268 -13.26268 -13.26268
 -12.57095 -12.57095 -12.57095 -12.57095 -12.57095
 -12.05542 -12.05542 -12.05542 -12.05542 -12.05542
 -11.67014 -11.67014 -11.67014 -11.67014 -11.67014
 -11.38229 -11.38229 -11.38229 -11.38229 -11.38229
 -11.16754 -11.16754 -11.16754 -11.16754 -11.16754
 -11.00798 -11.00798 -11.00798 -11.00798 -11.00798
 -10.89042 -10.89042 -10.89042 -10.89042 -10.89042
 -10.80511 -10.80511 -10.80511 -10.80511 -10.80511
 -10.74481 -10.74481 -10.74481 -10.74482 -10.74482
 -10.70395 -10.70395 -10.70395 -10.70395 -10.70395
 -10.67926 -10.67926 -10.67926 -10.67926 -10.67926
 -10.66290 -10.66290 -10.66290 -10.66290 -10.66290
 -10.64689 -10.64689 -10.64689 -10.64689 -10.64689
 --------------------/ IPRT= 1  / IGRD= 1  /IONIS   / Z1=33   / DATE= 17.01.97  
 -40.00000 -40.00000 -40.00000 -40.00000 -40.00000
 -40.00000 -40.00000 -40.00000 -40.00000 -40.00000
 -40.00000 -40.00000 -40.00000 -40.00000 -40.00000
 -40.00000 -40.00000 -40.00000 -40.00000 -40.00000
 -39.99998 -39.99998 -39.99998 -39.99998 -39.99998
 -40.00004 -40.00004 -40.00004 -40.00004 -40.00004
 -39.99994 -39.99994 -39.99994 -39.99994 -39.99994
 -39.99988 -39.99988 -39.99988 -39.99988 -39.99988
 -40.00136 -40.00136 -40.00136 -40.00136 -40.00136
 -39.99342 -39.99342 -39.99342 -39.99342 -39.99342
 -40.02244 -40.02244 -40.02244 -40.02244 -40.02244
 -39.93903 -39.93903 -39.93903 -39.93903 -39.93903
 -40.11680 -40.11680 -40.11680 -40.11680 -40.11680
 -39.20075 -39.20075 -39.20075 -39.20075 -39.20075
 -33.34147 -33.34147 -33.34147 -33.34146 -33.34147
 -27.09838 -27.09838 -27.09838 -27.09838 -27.09838
 -22.99628 -22.99628 -22.99628 -22.99628 -22.99628
 -19.75904 -19.75904 -19.75904 -19.75904 -19.75904
 -17.43029 -17.43029 -17.43029 -17.43029 -17.43029
 -15.71093 -15.71093 -15.71093 -15.71093 -15.71093
 -14.43268 -14.43268 -14.43268 -14.43268 -14.43268
 -13.48793 -13.48793 -13.48793 -13.48793 -13.48793
 -12.78452 -12.78452 -12.78452 -12.78452 -12.78452
 -12.26096 -12.26096 -12.26096 -12.26096 -12.26096
 -11.86999 -11.86999 -11.86999 -11.86999 -11.86999
 -11.57796 -11.57796 -11.57796 -11.57796 -11.57796
 -11.35980 -11.35980 -11.35980 -11.35980 -11.35980
 -11.19686 -11.19686 -11.19686 -11.19685 -11.19686
 -11.07537 -11.07537 -11.07537 -11.07537 -11.07537
 -10.98528 -10.98528 -10.98528 -10.98528 -10.98528
 -10.91942 -10.91941 -10.91941 -10.91941 -10.91941
 -10.87248 -10.87248 -10.87248 -10.87248 -10.87248
 -10.84159 -10.84159 -10.84159 -10.84159 -10.84159
 -10.81909 -10.81909 -10.81909 -10.81909 -10.81909
 -10.79693 -10.79693 -10.79693 -10.79693 -10.79693
 --------------------/ IPRT= 1  / IGRD= 1  /IONIS   / Z1=34   / DATE= 17.01.97  
 -40.00000 -40.00000 -40.00000 -40.00000 -40.00000
 -40.00000 -40.00000 -40.00000 -40.00000 -40.00000
 -39.99999 -39.99999 -39.99999 -39.99999 -39.99999
 -40.00001 -40.00001 -40.00001 -40.00001 -40.00001
 -39.99994 -39.99994 -39.99994 -39.99994 -39.99994
 -40.00015 -40.00015 -40.00015 -40.00015 -40.00015
 -39.99976 -39.99976 -39.99976 -39.99976 -39.99976
 -39.99983 -39.99983 -39.99983 -39.99983 -39.99983
 -40.00368 -40.00368 -40.00368 -40.00368 -40.00368
 -39.98155 -39.98155 -39.98155 -39.98155 -39.98155
 -40.06047 -40.06047 -40.06047 -40.06047 -40.06047
 -39.85508 -39.85508 -39.85508 -39.85508 -39.85508
 -40.19648 -40.19648 -40.19648 -40.19648 -40.19648
 -40.29313 -40.29313 -40.29313 -40.29313 -40.29313
 -34.76795 -34.76795 -34.76795 -34.76795 -34.76795
 -28.22343 -28.22343 -28.22343 -28.22343 -28.22343
 -23.90835 -23.90835 -23.90835 -23.90835 -23.90835
 -20.52174 -20.52174 -20.52175 -20.52175 -20.52175
 -18.07973 -18.07973 -18.07973 -18.07973 -18.07972
 -16.27738 -16.27738 -16.27738 -16.27738 -16.27737
 -14.93855 -14.93855 -14.93855 -14.93855 -14.93855
 -13.94908 -13.94908 -13.94908 -13.94908 -13.94908
 -13.21275 -13.21275 -13.21275 -13.21275 -13.21276
 -12.66482 -12.66483 -12.66482 -12.66482 -12.66482
 -12.25575 -12.25576 -12.25575 -12.25575 -12.25575
 -11.95010 -11.95011 -11.95010 -11.95010 -11.95010
 -11.72133 -11.72131 -11.72133 -11.72133 -11.72132
 -11.54944 -11.54943 -11.54944 -11.54944 -11.54944
 -11.41964 -11.41964 -11.41964 -11.41964 -11.41964
 -11.32128 -11.32128 -11.32128 -11.32128 -11.32128
 -11.24711 -11.24712 -11.24712 -11.24712 -11.24712
 -11.19201 -11.19201 -11.19201 -11.19201 -11.19201
 -11.15341 -11.15341 -11.15341 -11.15341 -11.15341
 -11.12357 -11.12357 -11.12357 -11.12357 -11.12357
 -11.09410 -11.09409 -11.09409 -11.09409 -11.09409
 --------------------/ IPRT= 1  / IGRD= 1  /IONIS   / Z1=35   / DATE= 17.01.97  
 -40.00000 -40.00000 -40.00000 -40.00000 -40.00000
 -40.00000 -40.00000 -40.00000 -40.00000 -40.00000
 -40.00000 -40.00000 -40.00000 -40.00000 -40.00000
 -40.00000 -40.00000 -40.00000 -40.00000 -40.00000
 -40.00000 -40.00000 -40.00000 -40.00000 -40.00000
 -40.00000 -40.00000 -40.00000 -40.00000 -40.00000
 -40.00000 -40.00000 -40.00000 -40.00000 -40.00000
 -40.00000 -40.00000 -40.00000 -40.00000 -40.00000
 -40.00002 -40.00002 -40.00002 -40.00002 -40.00002
 -39.99990 -39.99990 -39.99990 -39.99990 -39.99990
 -40.00031 -40.00031 -40.00031 -40.00031 -40.00031
 -39.99928 -39.99928 -39.99928 -39.99928 -39.99928
 -40.00074 -40.00074 -40.00074 -40.00074 -40.00074
 -40.00300 -40.00300 -40.00300 -40.00300 -40.00300
 -39.97788 -39.97788 -39.97788 -39.97788 -39.97788
 -40.08158 -40.08158 -40.08158 -40.08158 -40.08158
 -39.78110 -39.78110 -39.78110 -39.78110 -39.78110
 -40.41284 -40.41285 -40.41285 -40.41285 -40.41285
 -39.73085 -39.73086 -39.73086 -39.73086 -39.73086
 -32.66429 -32.66429 -32.66430 -32.66430 -32.66429
 -26.94317 -26.94316 -26.94317 -26.94317 -26.94316
 -23.15192 -23.15192 -23.15192 -23.15192 -23.15192
 -20.11127 -20.11127 -20.11127 -20.11127 -20.11127
 -17.96085 -17.96085 -17.96085 -17.96085 -17.96085
 -16.34710 -16.34710 -16.34710 -16.34710 -16.34710
 -15.15732 -15.15732 -15.15732 -15.15732 -15.15733
 -14.27484 -14.27484 -14.27484 -14.27484 -14.27484
 -13.61783 -13.61782 -13.61782 -13.61782 -13.61783
 -13.12853 -13.12853 -13.12853 -13.12852 -13.12853
 -12.76307 -12.76307 -12.76307 -12.76306 -12.76306
 -12.49029 -12.49029 -12.49029 -12.49029 -12.49029
 -12.28650 -12.28650 -12.28650 -12.28650 -12.28650
 -12.13738 -12.13738 -12.13738 -12.13738 -12.13738
 -12.01565 -12.01563 -12.01563 -12.01563 -12.01563
 -11.89503 -11.89500 -11.89500 -11.89500 -11.89500
 --------------------/ IPRT= 1  / IGRD= 1  /IONIS   / Z1=36   / DATE= 17.01.97  
 -40.00000 -40.00000 -40.00000 -40.00000 -40.00000
 -40.00000 -40.00000 -40.00000 -40.00000 -40.00000
 -40.00000 -40.00000 -40.00000 -40.00000 -40.00000
 -40.00000 -40.00000 -40.00000 -40.00000 -40.00000
 -40.00000 -40.00000 -40.00000 -40.00000 -40.00000
 -40.00000 -40.00000 -40.00000 -40.00000 -40.00000
 -40.00000 -40.00000 -40.00000 -40.00000 -40.00000
 -40.00000 -40.00000 -40.00000 -40.00000 -40.00000
 -40.00001 -40.00001 -40.00001 -40.00001 -40.00001
 -39.99992 -39.99992 -39.99992 -39.99992 -39.99992
 -40.00026 -40.00026 -40.00026 -40.00026 -40.00026
 -39.99939 -39.99939 -39.99939 -39.99939 -39.99939
 -40.00063 -40.00063 -40.00063 -40.00063 -40.00063
 -40.00252 -40.00252 -40.00252 -40.00252 -40.00252
 -39.98134 -39.98134 -39.98134 -39.98134 -39.98134
 -40.06880 -40.06880 -40.06880 -40.06880 -40.06880
 -39.81545 -39.81545 -39.81545 -39.81545 -39.81545
 -40.34764 -40.34764 -40.34764 -40.34764 -40.34764
 -39.77495 -39.77495 -39.77495 -39.77495 -39.77495
 -33.63396 -33.63396 -33.63396 -33.63396 -33.63396
 -27.90398 -27.90398 -27.90399 -27.90399 -27.90398
 -23.85122 -23.85121 -23.85122 -23.85122 -23.85122
 -20.74778 -20.74777 -20.74777 -20.74777 -20.74778
 -18.50470 -18.50470 -18.50470 -18.50470 -18.50470
 -16.83636 -16.83637 -16.83636 -16.83636 -16.83636
 -15.60383 -15.60383 -15.60383 -15.60383 -15.60383
 -14.68980 -14.68980 -14.68980 -14.68981 -14.68980
 -14.00992 -14.00992 -14.00992 -14.00992 -14.00992
 -13.50345 -13.50345 -13.50345 -13.50344 -13.50345
 -13.12532 -13.12531 -13.12532 -13.12532 -13.12532
 -12.84306 -12.84305 -12.84304 -12.84306 -12.84306
 -12.63209 -12.63208 -12.63208 -12.63209 -12.63209
 -12.47759 -12.47759 -12.47759 -12.47759 -12.47759
 -12.35138 -12.35138 -12.35138 -12.35138 -12.35138
 -12.22632 -12.22632 -12.22632 -12.22632 -12.22632
