    6    5   30    1    6     /CARBON             /DICKSON ET AL 1992          
================================================================================
    4    2    2    1    2    1    1                                             
================================================================================
  11.00000  12.00000  13.00000  14.00000  15.00000
   0.00000   0.13793   0.27586   0.41379   0.55172   0.68966   0.82759   0.96552
   1.10345   1.24138   1.37931   1.51724   1.65517   1.79310   1.93103   2.06897
   2.20690   2.34483   2.48276   2.62069   2.75862   2.89655   3.03448   3.17241
   3.31034   3.44828   3.58621   3.72414   3.86207   4.00000
---------------------/ IPRT= 1  / IGRD= 1  /--------/ Z1= 1   / DATE= 16/11/93  
 -12.53799 -12.26333 -11.84989 -11.39656 -11.03170
 -11.21521 -10.98404 -10.64281 -10.27183  -9.97475
 -10.23651 -10.04795  -9.75757  -9.43676  -9.17869
  -9.50976  -9.35177  -9.09883  -8.81549  -8.58658
  -8.96399  -8.82817  -8.60361  -8.34934  -8.14321
  -8.54718  -8.43052  -8.22918  -7.99805  -7.80988
  -8.22284  -8.12456  -7.94384  -7.73234  -7.55915
  -7.96630  -7.88406  -7.72221  -7.52915  -7.37008
  -7.76108  -7.69146  -7.54710  -7.37243  -7.22773
  -7.59705  -7.53735  -7.40850  -7.25099  -7.11993
  -7.46740  -7.41570  -7.30001  -7.15734  -7.03818
  -7.36557  -7.32040  -7.21589  -7.08600  -6.97720
  -7.28643  -7.24668  -7.15197  -7.03346  -6.93386
  -7.22639  -7.19121  -7.10529  -6.99711  -6.90578
  -7.18307  -7.15164  -7.07327  -6.97402  -6.88977
  -7.15411  -7.12566  -7.05344  -6.96149  -6.88294
  -7.13455  -7.10865  -7.04172  -6.95601  -6.88232
  -7.11934  -7.09587  -7.03400  -6.95429  -6.88525
  -7.10647  -7.08542  -7.02861  -6.95489  -6.89047
  -7.09516  -7.07653  -7.02480  -6.95708  -6.89730
  -7.08506  -7.06886  -7.02218  -6.96047  -6.90533
  -7.07583  -7.06205  -7.02044  -6.96473  -6.91423
  -7.06723  -7.05588  -7.01933  -6.96962  -6.92376
  -7.05909  -7.05017  -7.01869  -6.97496  -6.93374
  -7.05129  -7.04479  -7.01837  -6.98064  -6.94406
  -7.04372  -7.03965  -7.01830  -6.98657  -6.95463
  -7.03634  -7.03469  -7.01840  -6.99268  -6.96537
  -7.02909  -7.02986  -7.01864  -6.99891  -6.97624
  -7.02192  -7.02512  -7.01897  -7.00523  -6.98720
  -7.01483  -7.02046  -7.01937  -7.01162  -6.99824
---------------------/ IPRT= 2  / IGRD= 1  /--------/ Z1= 1   / DATE= 16/11/93  
 -15.74241 -15.70355 -15.59544 -15.43725 -15.25865
 -13.71930 -13.68398 -13.58429 -13.43765 -13.27114
 -12.13595 -12.10422 -12.01341 -11.87928 -11.72644
 -10.99842 -10.96951 -10.88622 -10.76327 -10.62357
 -10.18142 -10.15471 -10.07745  -9.96389  -9.83602
  -9.56829  -9.54334  -9.47072  -9.36459  -9.24663
  -9.08769  -9.06431  -8.99539  -8.89523  -8.78543
  -8.71371  -8.69181  -8.62669  -8.53243  -8.43017
  -8.42784  -8.40740  -8.34669  -8.25904  -8.16435
  -8.20828  -8.18915  -8.13295  -8.05196  -7.96451
  -8.03785  -8.01982  -7.96776  -7.89284  -7.81180
  -7.90552  -7.88852  -7.84026  -7.77084  -7.69539
  -7.80375  -7.78803  -7.74344  -7.67901  -7.60844
  -7.72718  -7.71303  -7.67199  -7.61217  -7.54586
  -7.67169  -7.65904  -7.62128  -7.56555  -7.50282
  -7.63364  -7.62207  -7.58711  -7.53489  -7.47511
  -7.60717  -7.59638  -7.56388  -7.51485  -7.45760
  -7.58653  -7.57644  -7.54633  -7.50040  -7.44560
  -7.56930  -7.55992  -7.53218  -7.48934  -7.43699
  -7.55441  -7.54573  -7.52039  -7.48064  -7.43073
  -7.54129  -7.53332  -7.51037  -7.47371  -7.42626
  -7.52945  -7.52218  -7.50162  -7.46805  -7.42305
  -7.51854  -7.51198  -7.49381  -7.46333  -7.42077
  -7.50831  -7.50246  -7.48667  -7.45929  -7.41918
  -7.49857  -7.49343  -7.48003  -7.45574  -7.41808
  -7.48919  -7.48476  -7.47374  -7.45254  -7.41734
  -7.48007  -7.47634  -7.46771  -7.44961  -7.41685
  -7.47115  -7.46812  -7.46187  -7.44686  -7.41655
  -7.46236  -7.46004  -7.45618  -7.44425  -7.41639
  -7.45367  -7.45206  -7.45059  -7.44175  -7.41634
---------------------/ IPRT= 1  / IGRD= 2  /--------/ Z1= 1   / DATE= 16/11/93  
 -11.75295 -11.49351 -11.11499 -10.70349 -10.37003
 -10.56901 -10.35473 -10.04714  -9.71530  -9.44775
  -9.68172  -9.51268  -9.25897  -8.98059  -8.75548
  -9.01452  -8.87941  -8.66851  -8.43403  -8.24423
  -8.50758  -8.39758  -8.22139  -8.02396  -7.86426
  -8.11766  -8.02812  -7.88107  -7.71493  -7.58029
  -7.81395  -7.74232  -7.62031  -7.48064  -7.36662
  -7.57458  -7.51777  -7.41694  -7.29973  -7.20298
  -7.38458  -7.33924  -7.25587  -7.15765  -7.07560
  -7.23433  -7.19768  -7.12828  -7.04558  -6.97573
  -7.11696  -7.08694  -7.02838  -6.95787  -6.89783
  -7.02577  -7.00080  -6.95070  -6.88985  -6.83771
  -6.95529  -6.93421  -6.89106  -6.83828  -6.79279
  -6.90188  -6.88391  -6.84670  -6.80095  -6.76117
  -6.86414  -6.84864  -6.81606  -6.77574  -6.74046
  -6.84055  -6.82705  -6.79754  -6.76069  -6.72836
  -6.82630  -6.81451  -6.78710  -6.75244  -6.72209
  -6.81611  -6.80598  -6.78043  -6.74765  -6.71907
  -6.80802  -6.79954  -6.77583  -6.74492  -6.71809
  -6.80132  -6.79447  -6.77262  -6.74360  -6.71852
  -6.79568  -6.79049  -6.77049  -6.74334  -6.72002
  -6.79082  -6.78729  -6.76913  -6.74386  -6.72229
  -6.78652  -6.78463  -6.76832  -6.74494  -6.72512
  -6.78263  -6.78238  -6.76793  -6.74642  -6.72836
  -6.77903  -6.78044  -6.76783  -6.74821  -6.73190
  -6.77565  -6.77871  -6.76795  -6.75021  -6.73565
  -6.77243  -6.77713  -6.76823  -6.75236  -6.73956
  -6.76932  -6.77567  -6.76862  -6.75463  -6.74358
  -6.76630  -6.77429  -6.76909  -6.75698  -6.74768
  -6.76333  -6.77298  -6.76963  -6.75940  -6.75186
---------------------/ IPRT= 2  / IGRD= 2  /--------/ Z1= 1   / DATE= 16/11/93  
 -18.56218 -17.52518 -16.44645 -15.45532 -14.71322
 -16.74673 -15.71168 -14.63692 -13.65100 -12.91416
 -15.36552 -14.33753 -13.27390 -12.30107 -11.57638
 -14.40476 -13.38113 -12.32810 -11.36913 -10.65732
 -13.74519 -12.72437 -11.68197 -10.73754 -10.03874
 -13.27742 -12.26006 -11.22986 -10.30147  -9.61579
 -12.93567 -11.92308 -10.90657  -9.99520  -9.32218
 -12.69821 -11.69049 -10.68711  -9.79151  -9.12938
 -12.54983 -11.54616 -10.55375  -9.67109  -9.01715
 -12.47123 -11.47070 -10.48680  -9.61394  -8.96560
 -12.44749 -11.44917 -10.47129  -9.60512  -8.96002
 -12.46971 -11.47280 -10.49869  -9.63648  -8.99262
 -12.53255 -11.53623 -10.56401  -9.70350  -9.05928
 -12.63051 -11.63411 -10.66210  -9.80132  -9.15533
 -12.75461 -11.75759 -10.78414  -9.92101  -9.27167
 -12.89624 -11.89828 -10.92185 -10.05427  -9.39992
 -13.04871 -12.04960 -11.06926 -10.19597  -9.53556
 -13.20663 -12.20633 -11.22185 -10.34254  -9.67582
 -13.36769 -12.36621 -11.37758 -10.49222  -9.81919
 -13.53090 -12.52824 -11.53547 -10.64409  -9.96475
 -13.69576 -12.69193 -11.69500 -10.79760 -10.11195
 -13.86181 -12.85680 -11.85573 -10.95229 -10.26033
 -14.02871 -13.02252 -12.01731 -11.10783 -10.40958
 -14.19624 -13.18886 -12.17950 -11.26400 -10.55943
 -14.36423 -13.35567 -12.34216 -11.42064 -10.70975
 -14.53255 -13.52281 -12.50515 -11.57760 -10.86041
 -14.70110 -13.69017 -12.66838 -11.73479 -11.01130
 -14.86983 -13.85772 -12.83179 -11.89217 -11.16237
 -15.03869 -14.02541 -12.99532 -12.04968 -11.31357
 -15.20765 -14.19318 -13.15894 -12.20728 -11.46486
---------------------/ IPRT= 1  / IGRD= 3  /--------/ Z1= 1   / DATE= 16/11/93  
 -11.35303 -11.14056 -10.69703 -10.16050  -9.71770
 -10.23974 -10.06524  -9.72043  -9.30962  -8.97313
  -9.39628  -9.26110  -8.98905  -8.66352  -8.39712
  -8.76331  -8.65451  -8.43584  -8.17445  -7.96112
  -8.28459  -8.19308  -8.01372  -7.80094  -7.62805
  -7.91885  -7.84148  -7.69252  -7.51674  -7.37426
  -7.63630  -7.57262  -7.44842  -7.30131  -7.18180
  -7.41490  -7.36305  -7.25902  -7.13475  -7.03329
  -7.23960  -7.19689  -7.10924  -7.00380  -6.91731
  -7.10108  -7.06552  -6.99115  -6.90117  -6.82699
  -6.99299  -6.96338  -6.89983  -6.82236  -6.75814
  -6.90943  -6.88467  -6.82993  -6.76261  -6.70647
  -6.84574  -6.82476  -6.77717  -6.71824  -6.66885
  -6.79877  -6.78057  -6.73877  -6.68683  -6.64319
  -6.76645  -6.75036  -6.71304  -6.66657  -6.62746
  -6.74679  -6.73246  -6.69843  -6.65583  -6.61989
  -6.73546  -6.72272  -6.69128  -6.65156  -6.61792
  -6.72796  -6.71677  -6.68774  -6.65067  -6.61914
  -6.72254  -6.71291  -6.68627  -6.65183  -6.62238
  -6.71852  -6.71044  -6.68619  -6.65441  -6.62706
  -6.71556  -6.70903  -6.68719  -6.65805  -6.63280
  -6.71338  -6.70840  -6.68897  -6.66246  -6.63931
  -6.71176  -6.70833  -6.69130  -6.66743  -6.64638
  -6.71054  -6.70866  -6.69404  -6.67282  -6.65387
  -6.70962  -6.70930  -6.69708  -6.67850  -6.66165
  -6.70891  -6.71015  -6.70032  -6.68439  -6.66964
  -6.70837  -6.71115  -6.70373  -6.69044  -6.67778
  -6.70794  -6.71227  -6.70726  -6.69661  -6.68605
  -6.70759  -6.71348  -6.71087  -6.70287  -6.69439
  -6.70731  -6.71474  -6.71453  -6.70917  -6.70280
---------------------/ IPRT= 2  / IGRD= 3  /--------/ Z1= 1   / DATE= 16/11/93  
 -18.21564 -17.19012 -16.14482 -15.20010 -14.50448
 -16.56317 -15.54028 -14.50118 -13.56461 -12.87672
 -15.32685 -14.31110 -13.28333 -12.36000 -11.68416
 -14.45788 -13.44598 -12.42674 -11.51428 -10.84835
 -13.85246 -12.84222 -11.82974 -10.92644 -10.26838
 -13.42261 -12.41407 -11.40862 -10.51442  -9.86299
 -13.11337 -12.10737 -11.10974 -10.22483  -9.57897
 -12.90071 -11.89730 -10.90682 -10.02989  -9.38786
 -12.76833 -11.76687 -10.78178  -9.91049  -9.27019
 -12.69993 -11.69973 -10.71812  -9.85013  -9.20985
 -12.68348 -11.68387 -10.70388  -9.83704  -9.19548
 -12.71082 -11.71121 -10.73114  -9.86343  -9.21936
 -12.77661 -11.77655 -10.79487  -9.92442  -9.27658
 -12.87581 -11.87488 -10.89026 -10.01535  -9.36252
 -13.00048 -11.99824 -11.00950 -10.12875  -9.46987
 -13.14303 -12.13904 -11.14526 -10.25756  -9.59180
 -13.29676 -12.29072 -11.29137 -10.39610  -9.72301
 -13.45601 -12.44785 -11.44280 -10.53984  -9.85928
 -13.61841 -12.60814 -11.59738 -10.68671  -9.99868
 -13.78297 -12.77057 -11.75413 -10.83575 -10.14025
 -13.94917 -12.93466 -11.91251 -10.98643 -10.28346
 -14.11656 -13.09993 -12.07208 -11.13830 -10.42786
 -14.28480 -13.26606 -12.23251 -11.29102 -10.57311
 -14.45366 -13.43281 -12.39355 -11.44436 -10.71898
 -14.62299 -13.60002 -12.55507 -11.59817 -10.86532
 -14.79265 -13.76756 -12.71691 -11.75230 -11.01199
 -14.96255 -13.93533 -12.87899 -11.90668 -11.15889
 -15.13262 -14.10328 -13.04124 -12.06122 -11.30597
 -15.30282 -14.27137 -13.20363 -12.21590 -11.45318
 -15.47312 -14.43955 -13.36610 -12.37067 -11.60048
---------------------/ IPRT= 1  / IGRD= 4  /--------/ Z1= 1   / DATE= 16/11/93  
 -11.30117 -11.16374 -10.78468 -10.28705  -9.84325
 -10.21758 -10.12974  -9.88576  -9.56151  -9.26408
  -9.42748  -9.37262  -9.21404  -8.99993  -8.79838
  -8.84899  -8.81306  -8.70671  -8.56177  -8.42336
  -8.42655  -8.40044  -8.32420  -8.22073  -8.12241
  -8.11818  -8.09790  -8.04010  -7.96241  -7.88978
  -7.89215  -7.87663  -7.83212  -7.77252  -7.71745
  -7.72488  -7.71308  -7.67856  -7.63230  -7.58979
  -7.59947  -7.59037  -7.56368  -7.52796  -7.49526
  -7.50599  -7.49896  -7.47849  -7.45117  -7.42626
  -7.43751  -7.43220  -7.41675  -7.39618  -7.37750
  -7.38869  -7.38478  -7.37336  -7.35817  -7.34445
  -7.35539  -7.35255  -7.34433  -7.33343  -7.32361
  -7.33474  -7.33262  -7.32689  -7.31936  -7.31255
  -7.32505  -7.32344  -7.31952  -7.31442  -7.30977
  -7.32473  -7.32358  -7.32082  -7.31725  -7.31396
  -7.33053  -7.32982  -7.32785  -7.32526  -7.32284
  -7.33910  -7.33881  -7.33757  -7.33581  -7.33415
  -7.34915  -7.34929  -7.34875  -7.34782  -7.34691
  -7.36019  -7.36075  -7.36092  -7.36082  -7.36067
  -7.37197  -7.37297  -7.37384  -7.37458  -7.37519
  -7.38431  -7.38573  -7.38732  -7.38889  -7.39026
  -7.39705  -7.39890  -7.40119  -7.40360  -7.40572
  -7.41007  -7.41234  -7.41535  -7.41860  -7.42147
  -7.42331  -7.42600  -7.42972  -7.43380  -7.43742
  -7.43670  -7.43982  -7.44424  -7.44915  -7.45354
  -7.45019  -7.45374  -7.45887  -7.46462  -7.46977
  -7.46377  -7.46774  -7.47358  -7.48017  -7.48607
  -7.47741  -7.48181  -7.48836  -7.49578  -7.50243
  -7.49109  -7.49592  -7.50318  -7.51143  -7.51883
---------------------/ IPRT= 2  / IGRD= 4  /--------/ Z1= 1   / DATE= 16/11/93  
 -13.36572 -13.17734 -12.74653 -12.20866 -11.74890
 -11.83738 -11.69046 -11.35716 -10.94183 -10.58705
 -10.70021 -10.59504 -10.32697  -9.98479  -9.69127
  -9.84395  -9.76342  -9.54504  -9.26305  -9.02052
  -9.19250  -9.12514  -8.94573  -8.71471  -8.51584
  -8.69205  -8.63471  -8.48683  -8.29741  -8.13415
  -8.30361  -8.25697  -8.13531  -7.97898  -7.84382
  -7.99868  -7.96154  -7.86143  -7.73185  -7.61937
  -7.75724  -7.72713  -7.64445  -7.53699  -7.44336
  -7.56583  -7.54091  -7.47225  -7.38283  -7.30463
  -7.41496  -7.39418  -7.33673  -7.26174  -7.19588
  -7.29668  -7.27922  -7.23071  -7.16718  -7.11104
  -7.20496  -7.19017  -7.14876  -7.09434  -7.04592
  -7.13545  -7.12277  -7.08702  -7.03986  -6.99760
  -7.08502  -7.07395  -7.04260  -7.00106  -6.96348
  -7.05062  -7.04078  -7.01272  -6.97535  -6.94119
  -7.02669  -7.01784  -6.99242  -6.95838  -6.92688
  -7.00755  -6.99963  -6.97670  -6.94578  -6.91676
  -6.99099  -6.98400  -6.96355  -6.93574  -6.90917
  -6.97617  -6.97009  -6.95213  -6.92744  -6.90336
  -6.96267  -6.95752  -6.94205  -6.92047  -6.89885
  -6.95013  -6.94591  -6.93293  -6.91447  -6.89532
  -6.93828  -6.93499  -6.92451  -6.90915  -6.89248
  -6.92694  -6.92457  -6.91658  -6.90435  -6.89013
  -6.91597  -6.91454  -6.90903  -6.89991  -6.88816
  -6.90527  -6.90477  -6.90174  -6.89574  -6.88646
  -6.89476  -6.89519  -6.89465  -6.89176  -6.88496
  -6.88440  -6.88575  -6.88770  -6.88793  -6.88360
  -6.87415  -6.87641  -6.88086  -6.88421  -6.88235
  -6.86396  -6.86716  -6.87409  -6.88055  -6.88116
---------------------/ IPRT= 1  / IGRD= 1  /--------/ Z1= 2   / DATE= 16/11/93  
 -18.62403 -18.38796 -17.95124 -17.29650 -16.43581
 -15.69008 -15.58166 -15.33190 -14.86646 -14.14842
 -13.52326 -13.48705 -13.35215 -13.01993 -12.43033
 -11.93846 -11.94141 -11.87391 -11.63529 -11.16058
 -10.77774 -10.79794 -10.76604 -10.59144 -10.21413
  -9.92375  -9.94826  -9.93327  -9.80156  -9.50131
  -9.29471  -9.31760  -9.30971  -9.20654  -8.96455
  -8.83184  -8.85281  -8.84904  -8.76582  -8.56603
  -8.49108  -8.51086  -8.51011  -8.44099  -8.27090
  -8.23958  -8.25843  -8.25963  -8.20039  -8.05145
  -8.05337  -8.07119  -8.07349  -8.02146  -7.88847
  -7.91532  -7.93231  -7.93542  -7.88890  -7.76819
  -7.81320  -7.82985  -7.83398  -7.79206  -7.68094
  -7.73910  -7.75571  -7.76086  -7.72264  -7.61901
  -7.68787  -7.70427  -7.70995  -7.67441  -7.57655
  -7.65483  -7.67091  -7.67668  -7.64295  -7.54948
  -7.63578  -7.65169  -7.65763  -7.62528  -7.53501
  -7.62751  -7.64364  -7.65020  -7.61918  -7.53116
  -7.62856  -7.64516  -7.65255  -7.62270  -7.53610
  -7.63778  -7.65485  -7.66298  -7.63394  -7.54808
  -7.65338  -7.67078  -7.67937  -7.65078  -7.56518
  -7.67221  -7.68990  -7.69885  -7.67056  -7.58507
  -7.69256  -7.71053  -7.71985  -7.69184  -7.60643
  -7.71384  -7.73211  -7.74179  -7.71408  -7.62876
  -7.73586  -7.75441  -7.76446  -7.73705  -7.65181
  -7.75842  -7.77725  -7.78767  -7.76055  -7.67539
  -7.78136  -7.80047  -7.81126  -7.78442  -7.69934
  -7.80457  -7.82397  -7.83512  -7.80858  -7.72359
  -7.82799  -7.84767  -7.85919  -7.83294  -7.74803
  -7.85155  -7.87153  -7.88341  -7.85745  -7.77262
---------------------/ IPRT= 2  / IGRD= 1  /--------/ Z1= 2   / DATE= 16/11/93  
 -23.84907 -23.34305 -22.87929 -22.43506 -21.99590
 -20.05367 -19.70891 -19.29736 -18.84565 -18.38390
 -17.10807 -16.91626 -16.60271 -16.19968 -15.74500
 -14.78005 -14.69879 -14.51709 -14.22004 -13.80791
 -12.99390 -12.98118 -12.91059 -12.71622 -12.35643
 -11.69471 -11.71565 -11.69792 -11.55806 -11.23942
 -10.75322 -10.78681 -10.78481 -10.66738 -10.37989
 -10.05062 -10.08913 -10.09480  -9.99278  -9.73171
  -9.52025  -9.56040  -9.57241  -9.48434  -9.24638
  -9.12131  -9.16108  -9.17716  -9.10033  -8.88231
  -8.82290  -8.86144  -8.87899  -8.81013  -8.60909
  -8.59989  -8.63678  -8.65423  -8.59109  -8.40457
  -8.43267  -8.46779  -8.48480  -8.42638  -8.25237
  -8.30807  -8.34151  -8.35815  -8.30376  -8.14035
  -8.21682  -8.24892  -8.26527  -8.21418  -8.05939
  -8.15175  -8.18284  -8.19901  -8.15053  -8.00257
  -8.10724  -8.13754  -8.15352  -8.10712  -7.96458
  -8.07884  -8.10847  -8.12427  -8.07950  -7.94130
  -8.06389  -8.09297  -8.10862  -8.06513  -7.93035
  -8.06008  -8.08877  -8.10435  -8.06188  -7.92971
  -8.06454  -8.09301  -8.10861  -8.06698  -7.93684
  -8.07316  -8.10146  -8.11712  -8.07627  -7.94795
  -8.08372  -8.11185  -8.12758  -8.08751  -7.96097
  -8.09548  -8.12343  -8.13924  -8.09994  -7.97520
  -8.10816  -8.13594  -8.15181  -8.11329  -7.99034
  -8.12151  -8.14913  -8.16507  -8.12732  -8.00616
  -8.13535  -8.16280  -8.17881  -8.14183  -8.02247
  -8.14954  -8.17682  -8.19289  -8.15669  -8.03913
  -8.16399  -8.19110  -8.20724  -8.17181  -8.05605
  -8.17863  -8.20556  -8.22178  -8.18712  -8.07315
---------------------/ IPRT= 1  / IGRD= 2  /--------/ Z1= 2   / DATE= 16/11/93  
 -16.16872 -16.37626 -16.52925 -16.35312 -15.65332
 -13.89025 -14.02917 -14.12750 -13.99637 -13.50215
 -12.21504 -12.28751 -12.32859 -12.22696 -11.90464
 -10.98805 -11.02880 -11.04934 -10.98385 -10.78635
 -10.09723 -10.12551 -10.14306 -10.10829  -9.99186
  -9.46006  -9.47931  -9.49247  -9.47279  -9.40128
  -9.00777  -9.01989  -9.02751  -9.01289  -8.96352
  -8.68763  -8.69575  -8.70022  -8.68837  -8.65132
  -8.46231  -8.46878  -8.47232  -8.46285  -8.43326
  -8.30474  -8.31046  -8.31383  -8.30617  -8.28139
  -8.19522  -8.20008  -8.20293  -8.19652  -8.17569
  -8.12070  -8.12458  -8.12675  -8.12124  -8.10386
  -8.07212  -8.07525  -8.07693  -8.07224  -8.05776
  -8.04307  -8.04567  -8.04706  -8.04316  -8.03109
  -8.02904  -8.03122  -8.03239  -8.02916  -8.01910
  -8.02663  -8.02843  -8.02941  -8.02672  -8.01837
  -8.03322  -8.03474  -8.03556  -8.03334  -8.02641
  -8.04696  -8.04827  -8.04901  -8.04721  -8.04143
  -8.06679  -8.06794  -8.06863  -8.06718  -8.06235
  -8.09186  -8.09286  -8.09349  -8.09229  -8.08823
  -8.12098  -8.12183  -8.12235  -8.12134  -8.11792
  -8.15232  -8.15300  -8.15342  -8.15256  -8.14973
  -8.18484  -8.18536  -8.18566  -8.18496  -8.18270
  -8.21813  -8.21849  -8.21867  -8.21813  -8.21646
  -8.25200  -8.25220  -8.25228  -8.25189  -8.25080
  -8.28631  -8.28634  -8.28631  -8.28608  -8.28557
  -8.32092  -8.32080  -8.32065  -8.32057  -8.32064
  -8.35576  -8.35547  -8.35520  -8.35528  -8.35594
  -8.39076  -8.39031  -8.38993  -8.39017  -8.39141
  -8.42587  -8.42526  -8.42477  -8.42517  -8.42698
---------------------/ IPRT= 2  / IGRD= 2  /--------/ Z1= 2   / DATE= 16/11/93  
 -19.31648 -19.33692 -19.19012 -18.64059 -17.53604
 -16.26147 -16.30560 -16.22173 -15.79926 -14.89953
 -14.01004 -14.04787 -13.98420 -13.64638 -12.92051
 -12.35154 -12.38963 -12.34769 -12.08143 -11.49510
 -11.12770 -11.16824 -11.14569 -10.93712 -10.46031
 -10.22246 -10.26137 -10.24965 -10.08294  -9.69108
  -9.54878  -9.58375  -9.57732  -9.44110  -9.11552
  -9.04276  -9.07440  -9.07199  -8.96006  -8.68757
  -8.65985  -8.68908  -8.69020  -8.59805  -8.36836
  -8.36866  -8.39577  -8.39946  -8.32305  -8.12789
  -8.14671  -8.17157  -8.17668  -8.11258  -7.94540
  -7.97787  -8.00059  -8.00649  -7.95196  -7.80712
  -7.85063  -7.87159  -7.87820  -7.83127  -7.70384
  -7.75631  -7.77589  -7.78311  -7.74212  -7.62816
  -7.68843  -7.70687  -7.71433  -7.67780  -7.57440
  -7.64149  -7.65900  -7.66643  -7.63321  -7.53815
  -7.61077  -7.62763  -7.63507  -7.60450  -7.51605
  -7.59264  -7.60915  -7.61692  -7.58869  -7.50553
  -7.58550  -7.60178  -7.60995  -7.58369  -7.50470
  -7.58808  -7.60406  -7.61239  -7.58756  -7.51183
  -7.59824  -7.61375  -7.62188  -7.59797  -7.52481
  -7.61208  -7.62706  -7.63488  -7.61170  -7.54089
  -7.62755  -7.64199  -7.64948  -7.62702  -7.55853
  -7.64400  -7.65791  -7.66509  -7.64333  -7.57716
  -7.66120  -7.67458  -7.68144  -7.66040  -7.59655
  -7.67896  -7.69182  -7.69834  -7.67802  -7.61650
  -7.69713  -7.70945  -7.71565  -7.69604  -7.63685
  -7.71558  -7.72737  -7.73325  -7.71435  -7.65748
  -7.73424  -7.74550  -7.75106  -7.73288  -7.67833
  -7.75306  -7.76379  -7.76903  -7.75156  -7.69934
---------------------/ IPRT= 1  / IGRD= 1  /--------/ Z1= 3   / DATE= 16/11/93  
 -29.44610 -29.19555 -28.49262 -27.40638 -26.17608
 -23.73802 -23.55790 -23.07421 -22.30555 -21.36590
 -19.55326 -19.42859 -19.11510 -18.59379 -17.88444
 -16.48202 -16.39648 -16.19992 -15.85001 -15.30639
 -14.22809 -14.16925 -14.04967 -13.81483 -13.39039
 -12.57714 -12.53647 -12.46693 -12.30993 -11.97553
 -11.36734 -11.33900 -11.30091 -11.19571 -10.93031
 -10.47642 -10.45657 -10.43693 -10.36431 -10.14995
  -9.81704  -9.80320  -9.79377  -9.74084  -9.56341
  -9.32767  -9.31804  -9.31457  -9.27432  -9.12425
  -8.96369  -8.95706  -8.95785  -8.92712  -8.79816
  -8.69278  -8.68823  -8.69221  -8.66879  -8.55607
  -8.49151  -8.48847  -8.49497  -8.47738  -8.37737
  -8.34287  -8.34098  -8.34962  -8.33690  -8.24703
  -8.23434  -8.23340  -8.24390  -8.23529  -8.15377
  -8.15678  -8.15664  -8.16879  -8.16375  -8.08926
  -8.10338  -8.10394  -8.11759  -8.11566  -8.04704
  -8.06887  -8.07002  -8.08507  -8.08590  -8.02214
  -8.04912  -8.05077  -8.06711  -8.07041  -8.01067
  -8.04082  -8.04288  -8.06042  -8.06595  -8.00959
  -8.04181  -8.04421  -8.06291  -8.07048  -8.01701
  -8.05156  -8.05431  -8.07420  -8.08374  -8.03265
  -8.06871  -8.07188  -8.09305  -8.10452  -8.05538
  -8.09088  -8.09451  -8.11705  -8.13042  -8.08298
  -8.11511  -8.11922  -8.14312  -8.15841  -8.11260
  -8.14033  -8.14491  -8.17019  -8.18739  -8.14321
  -8.16633  -8.17138  -8.19803  -8.21715  -8.17460
  -8.19287  -8.19840  -8.22642  -8.24745  -8.20654
  -8.21981  -8.22582  -8.25520  -8.27814  -8.23886
  -8.24704  -8.25352  -8.28428  -8.30914  -8.27148
---------------------/ IPRT= 1  / IGRD= 2  /--------/ Z1= 3   / DATE= 16/11/93  
 -26.59622 -26.32732 -25.63963 -24.60658 -23.46187
 -21.66433 -21.46883 -20.99288 -20.26265 -19.39566
 -18.04460 -17.90650 -17.59123 -17.09128 -16.44031
 -15.38278 -15.28493 -15.07634 -14.73030 -14.23074
 -13.42278 -13.35291 -13.21337 -12.96853 -12.57673
 -11.97945 -11.92986 -11.83742 -11.66382 -11.35599
 -10.91440 -10.87955 -10.81961 -10.69742 -10.45730
 -10.12415 -10.09924 -10.05997  -9.97263  -9.78468
  -9.53496  -9.51645  -9.48931  -9.42444  -9.27536
  -9.09501  -9.08090  -9.06127  -9.01144  -8.89154
  -8.76668  -8.75596  -8.74174  -8.70293  -8.60526
  -8.52242  -8.51424  -8.50384  -8.47305  -8.39207
  -8.34229  -8.33582  -8.32812  -8.30318  -8.23466
  -8.21057  -8.20522  -8.19937  -8.17872  -8.11953
  -8.11406  -8.10962  -8.10505  -8.08744  -8.03529
  -8.04369  -8.04013  -8.03654  -8.02119  -7.97458
  -7.99470  -7.99180  -7.98923  -7.97610  -7.93421
  -7.96353  -7.96096  -7.95965  -7.94915  -7.91163
  -7.94661  -7.94424  -7.94426  -7.93635  -7.90261
  -7.94086  -7.93888  -7.94003  -7.93410  -7.90318
  -7.94413  -7.94285  -7.94482  -7.94002  -7.91085
  -7.95544  -7.95485  -7.95755  -7.95361  -7.92566
  -7.97328  -7.97320  -7.97667  -7.97369  -7.94683
  -7.99544  -7.99570  -7.99999  -7.99817  -7.97240
  -8.01937  -8.01993  -8.02507  -8.02445  -7.99975
  -8.04417  -8.04502  -8.05101  -8.05158  -8.02796
  -8.06963  -8.07079  -8.07761  -8.07937  -8.05683
  -8.09557  -8.09702  -8.10468  -8.10764  -8.08618
  -8.12184  -8.12360  -8.13210  -8.13625  -8.11586
  -8.14836  -8.15043  -8.15978  -8.16512  -8.14581
---------------------/ IPRT= 1  / IGRD= 1  /--------/ Z1= 4   / DATE= 16/11/93  
 -37.07155 -36.92467 -36.46454 -35.53224 -34.28896
 -29.42367 -29.30602 -28.91825 -28.12061 -27.03900
 -23.84076 -23.75176 -23.43518 -22.77018 -21.84809
 -19.76564 -19.70190 -19.44934 -18.90464 -18.12889
 -16.78577 -16.74092 -16.53890 -16.09110 -15.43659
 -14.60255 -14.57105 -14.40659 -14.03224 -13.47327
 -13.00010 -12.97890 -12.84279 -12.52348 -12.03903
 -11.82148 -11.80955 -11.69581 -11.41793 -10.99151
 -10.95275 -10.94868 -10.85256 -10.60641 -10.22599
 -10.31108 -10.31242 -10.22971 -10.00909  -9.66678
  -9.83585  -9.84058  -9.76819  -9.56878  -9.25873
  -9.48289  -9.49016  -9.42629  -9.24481  -8.96202
  -9.22052  -9.22988  -9.17332  -9.00716  -8.74745
  -9.02636  -9.03713  -8.98656  -8.83344  -8.59335
  -8.88431  -8.89558  -8.84962  -8.70763  -8.48444
  -8.78189  -8.79309  -8.75073  -8.61840  -8.40991
  -8.70947  -8.72059  -8.68147  -8.55781  -8.36223
  -8.65997  -8.67117  -8.63516  -8.51955  -8.33552
  -8.62861  -8.63960  -8.60633  -8.49826  -8.32495
  -8.61185  -8.62222  -8.59126  -8.49029  -8.32708
  -8.60701  -8.61661  -8.58770  -8.49343  -8.33967
  -8.61216  -8.62117  -8.59432  -8.50638  -8.36121
  -8.62574  -8.63434  -8.60958  -8.52772  -8.39053
  -8.64633  -8.65444  -8.63170  -8.55589  -8.42648
  -8.67237  -8.67972  -8.65885  -8.58917  -8.46771
  -8.70157  -8.70799  -8.68890  -8.62543  -8.51202
  -8.73209  -8.73755  -8.72024  -8.66298  -8.55764
  -8.76334  -8.76786  -8.75231  -8.70125  -8.60400
  -8.79512  -8.79868  -8.78490  -8.74006  -8.65087
  -8.82729  -8.82991  -8.81789  -8.77927  -8.69815
---------------------/ IPRT= 2  / IGRD= 1  /--------/ Z1= 4   / DATE= 16/11/93  
 -40.00000 -40.00000 -40.00000 -40.00000 -40.00000
 -40.00000 -40.00000 -40.00000 -40.00000 -40.00000
 -40.00000 -40.00000 -40.00000 -40.00000 -40.00000
 -40.00000 -40.00000 -40.00000 -40.00000 -40.00000
 -40.00000 -40.00000 -40.00000 -40.00000 -40.00000
 -40.00000 -40.00000 -40.00000 -40.00000 -40.00000
 -34.01715 -33.98759 -33.92368 -33.81352 -33.67304
 -26.21310 -26.19480 -26.15050 -26.07059 -25.96676
 -22.31283 -22.29965 -22.26522 -22.20101 -22.11665
 -19.39050 -19.38066 -19.35365 -19.30215 -19.23396
 -16.69087 -16.68395 -16.66382 -16.62474 -16.57252
 -14.62647 -14.62174 -14.60713 -14.57820 -14.53913
 -13.25035 -13.24714 -13.23648 -13.21495 -13.18553
 -12.31390 -12.31170 -12.30387 -12.28767 -12.26526
 -11.60402 -11.60259 -11.59685 -11.58461 -11.56747
 -11.03529 -11.03441 -11.03020 -11.02095 -11.00782
 -10.60305 -10.60244 -10.59927 -10.59221 -10.58212
 -10.29175 -10.29118 -10.28867 -10.28318 -10.27534
 -10.06286 -10.06231 -10.06025 -10.05589 -10.04969
  -9.88924  -9.88875  -9.88704  -9.88352  -9.87851
  -9.75831  -9.75787  -9.75646  -9.75360  -9.74955
  -9.66266  -9.66222  -9.66105  -9.65882  -9.65566
  -9.59586  -9.59541  -9.59445  -9.59281  -9.59045
  -9.55189  -9.55152  -9.55078  -9.54955  -9.54772
  -9.52517  -9.52503  -9.52455  -9.52352  -9.52184
  -9.50952  -9.50972  -9.50950  -9.50855  -9.50682
  -9.50017  -9.50071  -9.50076  -9.49987  -9.49805
  -9.49496  -9.49583  -9.49615  -9.49533  -9.49342
  -9.49274  -9.49396  -9.49455  -9.49379  -9.49180
  -9.49276  -9.49432  -9.49518  -9.49448  -9.49241
---------------------/ IPRT= 1  / IGRD= 1  /--------/ Z1= 5   / DATE= 16/11/93  
 -40.00000 -40.00000 -40.00000 -40.00000 -40.00000
 -40.00000 -40.00000 -40.00000 -40.00000 -40.00000
 -40.00000 -40.00000 -40.00000 -40.00000 -40.00000
 -40.00000 -40.00000 -40.00000 -40.00000 -40.00000
 -40.00000 -40.00000 -40.00000 -40.00000 -40.00000
 -40.00000 -40.00000 -40.00000 -40.00000 -40.00000
 -35.66539 -35.56345 -35.40466 -35.17529 -34.85891
 -28.72500 -28.64502 -28.51921 -28.33860 -28.08836
 -23.64615 -23.58641 -23.48983 -23.34879 -23.14921
 -19.92030 -19.87774 -19.80509 -19.69354 -19.52908
 -17.18006 -17.15085 -17.09743 -17.00999 -16.87487
 -15.15896 -15.13913 -15.10072 -15.03456 -14.92811
 -13.66227 -13.64873 -13.62152 -13.57317 -13.49276
 -12.54900 -12.53953 -12.52022 -12.48568 -12.42680
 -11.71689 -11.70988 -11.69592 -11.67173 -11.63003
 -11.09200 -11.08637 -11.07604 -11.05948 -11.03105
 -10.62183 -10.61699 -10.60917 -10.59812 -10.57952
 -10.26748 -10.26319 -10.25708 -10.24981 -10.23804
 -10.00126  -9.99749  -9.99258  -9.98773  -9.98038
  -9.80189  -9.79854  -9.79445  -9.79120  -9.78680
  -9.65303  -9.64990  -9.64637  -9.64434  -9.64228
  -9.54339  -9.54035  -9.53723  -9.53620  -9.53604
  -9.46477  -9.46186  -9.45913  -9.45889  -9.46010
  -9.41104  -9.40837  -9.40605  -9.40639  -9.40847
  -9.37748  -9.37500  -9.37300  -9.37375  -9.37640
  -9.35978  -9.35734  -9.35547  -9.35649  -9.35966
  -9.35314  -9.35057  -9.34865  -9.34986  -9.35358
  -9.35232  -9.34958  -9.34756  -9.34894  -9.35323
  -9.35489  -9.35198  -9.34986  -9.35140  -9.35625
  -9.35978  -9.35670  -9.35448  -9.35619  -9.36159
---------------------/ IPRT= 1  / IGRD= 2  /--------/ Z1= 5   / DATE= 16/11/93  
 -40.00000 -40.00000 -40.00000 -40.00000 -40.00000
 -38.65794 -38.56384 -38.29364 -37.67748 -36.64353
 -30.62815 -30.55382 -30.32648 -29.79602 -28.89539
 -24.77945 -24.72481 -24.54015 -24.09518 -23.32756
 -20.51513 -20.47857 -20.33393 -19.96996 -19.32916
 -17.39695 -17.37423 -17.26247 -16.96757 -16.43718
 -15.10928 -15.09566 -15.00828 -14.76722 -14.32540
 -13.42776 -13.42081 -13.35175 -13.15120 -12.77676
 -12.19090 -12.19063 -12.13655 -11.96546 -11.63845
 -11.27991 -11.28674 -11.24542 -11.09533 -10.79992
 -10.60651 -10.61948 -10.58827 -10.45363 -10.18092
 -10.10701 -10.12443 -10.10075  -9.97815  -9.72383
  -9.73578  -9.75640  -9.73850  -9.62555  -9.38642
  -9.45988  -9.48286  -9.46963  -9.36469  -9.13819
  -9.25496  -9.27966  -9.27010  -9.17178  -8.95588
  -9.10341  -9.12924  -9.12236  -9.02940  -8.82256
  -8.99206  -9.01861  -9.01369  -8.92518  -8.72635
  -8.91035  -8.93742  -8.93425  -8.84990  -8.65848
  -8.85102  -8.87852  -8.87720  -8.79702  -8.61270
  -8.80987  -8.83757  -8.83787  -8.76160  -8.58397
  -8.78426  -8.81180  -8.81299  -8.73989  -8.56839
  -8.77098  -8.79816  -8.79977  -8.72931  -8.56347
  -8.76691  -8.79380  -8.79587  -8.72799  -8.56754
  -8.77002  -8.79680  -8.79966  -8.73457  -8.57939
  -8.78006  -8.80672  -8.81039  -8.74808  -8.59801
  -8.79664  -8.82296  -8.82717  -8.76739  -8.62224
  -8.81811  -8.84386  -8.84828  -8.79076  -8.65038
  -8.84156  -8.86667  -8.87123  -8.81590  -8.68025
  -8.86585  -8.89033  -8.89502  -8.84188  -8.71095
  -8.89067  -8.91451  -8.91934  -8.86839  -8.74220
---------------------/ IPRT= 1  / IGRD= 1  /--------/ Z1= 6   / DATE= 16/11/93  
 -40.00000 -40.00000 -40.00000 -40.00000 -40.00000
 -40.00000 -40.00000 -40.00000 -40.00000 -40.00000
 -40.00000 -40.00000 -40.00000 -40.00000 -40.00000
 -40.00000 -40.00000 -40.00000 -40.00000 -40.00000
 -40.00000 -40.00000 -40.00000 -40.00000 -40.00000
 -40.00000 -40.00000 -40.00000 -40.00000 -40.00000
 -40.00000 -40.00000 -40.00000 -40.00000 -40.00000
 -34.08229 -33.95827 -33.72974 -33.35764 -32.80610
 -27.41197 -27.32166 -27.14771 -26.85749 -26.42079
 -22.46460 -22.40180 -22.27621 -22.06771 -21.75743
 -19.08387 -19.03021 -18.92685 -18.76913 -18.55243
 -16.70185 -16.65223 -16.56240 -16.43962 -16.29025
 -14.89742 -14.85630 -14.78415 -14.69270 -14.59244
 -13.53298 -13.50159 -13.44711 -13.38148 -13.31531
 -12.53501 -12.51063 -12.46879 -12.42073 -12.37637
 -11.80998 -11.79005 -11.75641 -11.71940 -11.68820
 -11.27739 -11.26060 -11.23263 -11.20301 -11.18011
 -10.87763 -10.86354 -10.84029 -10.81659 -10.80011
 -10.57827 -10.56647 -10.54712 -10.52817 -10.51661
 -10.35653 -10.34652 -10.33021 -10.31485 -10.30680
 -10.19385 -10.18513 -10.17104 -10.15828 -10.15274
 -10.07518 -10.06732 -10.05474 -10.04385 -10.04031
  -9.98966  -9.98237  -9.97083  -9.96133  -9.95941
  -9.92944  -9.92268  -9.91205  -9.90365  -9.90288
  -9.88875  -9.88266  -9.87305  -9.86566  -9.86554
  -9.86385  -9.85841  -9.84990  -9.84355  -9.84394
  -9.85163  -9.84664  -9.83918  -9.83394  -9.83505
  -9.84863  -9.84388  -9.83738  -9.83334  -9.83544
  -9.85106  -9.84649  -9.84090  -9.83808  -9.84128
  -9.85646  -9.85207  -9.84739  -9.84579  -9.85009
