    7    5   35    1    7     /NITROGEN           /GCR PROJECT                 
================================================================================
  11.00000  12.00000  13.00000  14.00000  15.00000
   0.00000   0.13535   0.27071   0.40606   0.54142   0.67677   0.81213   0.94748
   1.08284   1.21819   1.35355   1.48890   1.62426   1.75961   1.89497   2.03032
   2.16568   2.30103   2.43638   2.57174   2.70709   2.84245   2.97780   3.11316
   3.24851   3.38387   3.51922   3.65458   3.78993   3.92529   4.06064   4.19600
   4.33135   4.46671   4.60206
---------------------/ IGRD= 1  / IPRT= 1  /--------/ Z1= 1   / DATE= 04/11/99  
 -13.46738 -13.42554 -13.03509 -12.31256 -11.70232
 -11.82941 -11.79743 -11.48156 -10.89361 -10.42109
 -10.64677 -10.61755 -10.35582  -9.88291  -9.52768
  -9.79332  -9.76730  -9.54692  -9.16164  -8.88996
  -9.17052  -9.14539  -8.95904  -8.63654  -8.41732
  -8.70465  -8.67975  -8.51979  -8.23898  -8.05013
  -8.34374  -8.31904  -8.17862  -7.92252  -7.75333
  -8.05657  -8.03245  -7.90790  -7.67140  -7.51764
  -7.82418  -7.80163  -7.69271  -7.47640  -7.33535
  -7.63419  -7.61550  -7.52118  -7.32493  -7.19436
  -7.47993  -7.46523  -7.38364  -7.20601  -7.08520
  -7.35622  -7.34289  -7.27332  -7.11270  -7.00130
  -7.25612  -7.24495  -7.18535  -7.04048  -6.93589
  -7.17704  -7.16842  -7.11749  -6.98741  -6.88655
  -7.11774  -7.11074  -7.06764  -6.95006  -6.85331
  -7.07590  -7.06981  -7.03308  -6.92465  -6.83338
  -7.04651  -7.04191  -7.00996  -6.91013  -6.82101
  -7.02389  -7.02032  -6.99289  -6.90336  -6.81595
  -7.00500  -7.00178  -6.97789  -6.89468  -6.81120
  -6.98849  -6.98550  -6.96486  -6.88686  -6.80785
  -6.97366  -6.97093  -6.95365  -6.88137  -6.80657
  -6.96006  -6.95758  -6.94360  -6.87688  -6.80633
  -6.94735  -6.94511  -6.93442  -6.87324  -6.80693
  -6.93530  -6.93329  -6.92588  -6.87025  -6.80812
  -6.92372  -6.92194  -6.91777  -6.86768  -6.80973
  -6.91248  -6.91092  -6.90997  -6.86542  -6.81161
  -6.90149  -6.90013  -6.90239  -6.86337  -6.81366
  -6.89067  -6.88950  -6.89495  -6.86145  -6.81580
  -6.87999  -6.87899  -6.88761  -6.85962  -6.81799
  -6.86938  -6.86856  -6.88032  -6.85782  -6.82019
  -6.85884  -6.85818  -6.87305  -6.85603  -6.82235
  -6.84833  -6.84782  -6.86578  -6.85424  -6.82446
  -6.83783  -6.83747  -6.85852  -6.85245  -6.82656
  -6.82732  -6.82712  -6.85126  -6.85066  -6.82867
  -6.81682  -6.81677  -6.84400  -6.84886  -6.83077
---------------------/ IGRD= 1  / IPRT= 1  /--------/ Z1= 2   / DATE= 04/11/99  
 -21.12028 -21.07330 -20.66383 -19.52233 -18.39094
 -17.64977 -17.61694 -17.41088 -16.50800 -15.44917
 -15.07963 -15.05319 -14.94086 -14.27427 -13.30889
 -13.16714 -13.14268 -13.07473 -12.60824 -11.76968
 -11.74408 -11.72139 -11.67376 -11.35380 -10.65978
 -10.68429 -10.66475 -10.62627 -10.40305  -9.84928
  -9.89061  -9.87388  -9.83967  -9.68127  -9.24738
  -9.28772  -9.27307  -9.24503  -9.12951  -8.79270
  -8.82591  -8.81415  -8.79206  -8.70592  -8.44471
  -8.47168  -8.46299  -8.44520  -8.38032  -8.17567
  -8.19971  -8.19283  -8.17911  -8.12911  -7.96630
  -7.99122  -7.98590  -7.97500  -7.93575  -7.80348
  -7.83186  -7.82842  -7.81867  -7.78870  -7.67781
  -7.71173  -7.70833  -7.70096  -7.67646  -7.58254
  -7.62253  -7.61939  -7.61439  -7.59322  -7.51259
  -7.55862  -7.55713  -7.55268  -7.53538  -7.46383
  -7.51616  -7.51398  -7.51072  -7.49585  -7.43229
  -7.49021  -7.48802  -7.48497  -7.47223  -7.41510
  -7.47766  -7.47612  -7.47303  -7.46218  -7.40957
  -7.47604  -7.47492  -7.47269  -7.46300  -7.41520
  -7.48345  -7.48238  -7.48113  -7.47220  -7.42895
  -7.49735  -7.49621  -7.49492  -7.48693  -7.44666
  -7.51310  -7.51190  -7.51050  -7.50344  -7.46684
  -7.52990  -7.52869  -7.52722  -7.52108  -7.48861
  -7.54769  -7.54647  -7.54494  -7.53971  -7.51141
  -7.56621  -7.56499  -7.56338  -7.55906  -7.53492
  -7.58526  -7.58404  -7.58234  -7.57894  -7.55896
  -7.60470  -7.60347  -7.60169  -7.59921  -7.58338
  -7.62441  -7.62318  -7.62131  -7.61975  -7.60808
  -7.64433  -7.64310  -7.64113  -7.64049  -7.63298
  -7.66440  -7.66317  -7.66109  -7.66137  -7.65802
  -7.68456  -7.68331  -7.68115  -7.68234  -7.68314
  -7.70473  -7.70347  -7.70122  -7.70333  -7.70827
  -7.72489  -7.72363  -7.72129  -7.72431  -7.73341
  -7.74506  -7.74379  -7.74137  -7.74529  -7.75854
---------------------/ IGRD= 1  / IPRT= 1  /--------/ Z1= 3   / DATE= 04/11/99  
 -28.87297 -28.82484 -28.76133 -28.04883 -26.51583
 -23.00939 -22.93456 -22.92934 -22.73161 -21.73671
 -18.87701 -18.80602 -18.78906 -18.72742 -18.18837
 -15.97664 -15.91246 -15.89692 -15.84527 -15.51670
 -13.89739 -13.84699 -13.82559 -13.77963 -13.53603
 -12.34559 -12.30491 -12.28242 -12.23401 -12.04874
 -11.16979 -11.13566 -11.11369 -11.06835 -10.92130
 -10.29669 -10.26672 -10.24666 -10.20516 -10.08099
  -9.65689  -9.63246  -9.61368  -9.57526  -9.46883
  -9.18312  -9.16435  -9.14622  -9.11073  -9.01503
  -8.82769  -8.81206  -8.79564  -8.76333  -8.68277
  -8.56003  -8.54720  -8.53280  -8.50434  -8.43760
  -8.35824  -8.34829  -8.33533  -8.30845  -8.21208
  -8.20710  -8.19936  -8.18782  -8.16369  -8.06856
  -8.09462  -8.08838  -8.07847  -8.05862  -8.00241
  -8.01239  -8.00736  -7.99881  -7.98193  -7.94317
  -7.95439  -7.95000  -7.94252  -7.92740  -7.88809
  -7.91567  -7.91190  -7.90547  -7.89212  -7.85770
  -7.89312  -7.88998  -7.88432  -7.87231  -7.84147
  -7.88499  -7.88210  -7.87695  -7.86627  -7.83820
  -7.88880  -7.88594  -7.88117  -7.87180  -7.84653
  -7.90095  -7.89834  -7.89399  -7.88546  -7.86206
  -7.91709  -7.91475  -7.91093  -7.90284  -7.88185
  -7.93571  -7.93364  -7.93009  -7.92263  -7.90352
  -7.95592  -7.95409  -7.95076  -7.94396  -7.92644
  -7.97709  -7.97535  -7.97246  -7.96614  -7.95058
  -7.99904  -7.99732  -7.99496  -7.98904  -7.97563
  -8.02165  -8.01996  -8.01812  -8.01260  -8.00130
  -8.04470  -8.04303  -8.04172  -8.03661  -8.02744
  -8.06807  -8.06643  -8.06564  -8.06094  -8.05390
  -8.09169  -8.09007  -8.08982  -8.08552  -8.08062
  -8.11546  -8.11385  -8.11414  -8.11023  -8.10748
  -8.13925  -8.13765  -8.13848  -8.13496  -8.13437
  -8.16304  -8.16145  -8.16282  -8.15968  -8.16125
  -8.18682  -8.18525  -8.18715  -8.18441  -8.18814
---------------------/ IGRD= 1  / IPRT= 1  /--------/ Z1= 4   / DATE= 04/11/99  
 -40.44195 -40.06351 -39.65055 -39.12026 -38.40923
 -32.14600 -31.83468 -31.48804 -31.02961 -30.38382
 -25.80155 -25.57926 -25.33713 -24.97695 -24.40511
 -21.14778 -20.98892 -20.83745 -20.58105 -20.10550
 -17.71088 -17.58977 -17.49105 -17.31575 -16.94778
 -15.22934 -15.13443 -15.06247 -14.93607 -14.65727
 -13.41458 -13.33853 -13.28522 -13.18899 -12.97708
 -12.07558 -12.01664 -11.97429 -11.90032 -11.73622
 -11.08656 -11.03989 -11.00577 -10.94831 -10.81915
 -10.35475 -10.31624 -10.28949 -10.24325 -10.14126
  -9.81030  -9.77893  -9.75703  -9.71957  -9.63726
  -9.40386  -9.37721  -9.35966  -9.33031  -9.26081
  -9.10077  -9.07810  -9.06405  -9.04076  -8.98346
  -8.87673  -8.85768  -8.84615  -8.82656  -8.77934
  -8.71190  -8.69646  -8.68671  -8.66996  -8.62939
  -8.59132  -8.57959  -8.57135  -8.55740  -8.52159
  -8.50411  -8.49553  -8.48879  -8.47613  -8.44474
  -8.44197  -8.43550  -8.42996  -8.41834  -8.39037
  -8.39669  -8.39172  -8.38678  -8.37628  -8.35164
  -8.36188  -8.35814  -8.35364  -8.34482  -8.32278
  -8.33457  -8.33163  -8.32783  -8.32058  -8.30056
  -8.31333  -8.31078  -8.30773  -8.30122  -8.28345
  -8.29620  -8.29447  -8.29140  -8.28588  -8.27051
  -8.28236  -8.28078  -8.27855  -8.27354  -8.26027
  -8.27078  -8.26921  -8.26726  -8.26281  -8.25172
  -8.26082  -8.25938  -8.25758  -8.25404  -8.24435
  -8.25209  -8.25099  -8.24965  -8.24663  -8.23795
  -8.24409  -8.24392  -8.24235  -8.23915  -8.23243
  -8.23677  -8.23760  -8.23571  -8.23223  -8.22760
  -8.22998  -8.23176  -8.22960  -8.22589  -8.22328
  -8.22358  -8.22632  -8.22388  -8.21992  -8.21935
  -8.21742  -8.22112  -8.21841  -8.21420  -8.21566
  -8.21129  -8.21595  -8.21296  -8.20851  -8.21199
  -8.20516  -8.21078  -8.20752  -8.20283  -8.20833
  -8.19903  -8.20562  -8.20208  -8.19714  -8.20467
---------------------/ IGRD= 1  / IPRT= 1  /--------/ Z1= 5   / DATE= 04/11/99  
 -47.35419 -46.91506 -46.46665 -45.92231 -45.20668
 -36.89566 -36.48331 -36.08253 -35.61546 -35.00369
 -29.73398 -29.33039 -28.95085 -28.52600 -27.98427
 -24.33956 -23.95214 -23.59906 -23.21848 -22.75203
 -20.38509 -20.01735 -19.68503 -19.33531 -18.91804
 -17.50117 -17.17457 -16.86960 -16.55064 -16.17509
 -15.32626 -15.06364 -14.79657 -14.50873 -14.16803
 -13.67184 -13.47755 -13.25721 -13.00399 -12.69390
 -12.42560 -12.28621 -12.11175 -11.89591 -11.61568
 -11.49626 -11.39466 -11.25808 -11.07645 -10.82536
 -10.80227 -10.72744 -10.62027 -10.46823 -10.24431
 -10.27579 -10.22115 -10.13756 -10.01296  -9.81503
  -9.87824  -9.83612  -9.77143  -9.66851  -9.49552
  -9.57795  -9.54506  -9.49401  -9.40934  -9.25791
  -9.35016  -9.32484  -9.28342  -9.21413  -9.08062
  -9.17722  -9.15733  -9.12363  -9.06506  -8.94792
  -9.04421  -9.02873  -9.00078  -8.95007  -8.84822
  -8.94082  -8.92736  -8.90409  -8.86206  -8.77319
  -8.85907  -8.84699  -8.82996  -8.79319  -8.71507
  -8.79450  -8.78577  -8.77136  -8.73954  -8.67082
  -8.74458  -8.73887  -8.72548  -8.69854  -8.63791
  -8.70764  -8.70189  -8.69201  -8.66823  -8.61468
  -8.68294  -8.67775  -8.66860  -8.64850  -8.60239
  -8.66969  -8.66490  -8.65673  -8.63915  -8.59807
  -8.66415  -8.66011  -8.65202  -8.63753  -8.60072
  -8.66339  -8.65947  -8.65218  -8.63987  -8.60707
  -8.66441  -8.66101  -8.65574  -8.64377  -8.61410
  -8.66578  -8.66424  -8.65968  -8.64860  -8.62215
  -8.67061  -8.66794  -8.66337  -8.65451  -8.63219
  -8.67755  -8.67211  -8.66745  -8.66137  -8.64366
  -8.68485  -8.67694  -8.67232  -8.66898  -8.65587
  -8.69253  -8.68212  -8.67756  -8.67705  -8.66859
  -8.70026  -8.68734  -8.68285  -8.68518  -8.68138
  -8.70799  -8.69255  -8.68814  -8.69331  -8.69417
  -8.71572  -8.69777  -8.69344  -8.70143  -8.70697
---------------------/ IGRD= 1  / IPRT= 1  /--------/ Z1= 6   / DATE= 04/11/99  
 -74.00000 -74.00000 -74.00000 -74.00000 -74.00000
 -73.10848 -73.11249 -73.11498 -73.11842 -73.12623
 -71.52909 -71.51972 -71.51419 -71.50693 -71.49141
 -72.41879 -72.47770 -72.50802 -72.54177 -72.59757
 -70.26208 -70.07370 -69.97950 -69.87967 -69.73093
 -60.81177 -60.26318 -59.96480 -59.62717 -59.06167
 -47.59551 -47.43272 -47.26966 -47.03644 -46.52563
 -37.45320 -37.42704 -37.33204 -37.16300 -36.72954
 -30.40961 -30.33750 -30.25452 -30.11052 -29.73336
 -24.90809 -24.88744 -24.85063 -24.77038 -24.50512
 -20.96056 -20.94404 -20.91632 -20.86063 -20.66352
 -18.03939 -18.02886 -18.00833 -17.96717 -17.81885
 -15.87279 -15.86536 -15.84930 -15.81734 -15.70585
 -14.26460 -14.25958 -14.24627 -14.21964 -14.13636
 -13.06331 -13.05955 -13.04911 -13.02784 -12.96461
 -12.16470 -12.16094 -12.15324 -12.13849 -12.08941
 -11.48952 -11.48718 -11.48095 -11.47035 -11.43394
 -10.98373 -10.97917 -10.97467 -10.96784 -10.93996
 -10.59939 -10.59728 -10.59374 -10.58832 -10.56788
 -10.30873 -10.30847 -10.30573 -10.30071 -10.28640
 -10.08986 -10.08947 -10.08806 -10.08328 -10.07339
  -9.92440  -9.92458  -9.92393  -9.92007  -9.91272
  -9.80324  -9.80302  -9.79995  -9.79959  -9.79247
  -9.71560  -9.71307  -9.71200  -9.71047  -9.70637
  -9.65477  -9.65299  -9.65273  -9.65100  -9.64735
  -9.61613  -9.61618  -9.61423  -9.61423  -9.61073
  -9.59229  -9.59232  -9.59058  -9.59032  -9.58855
  -9.57788  -9.57785  -9.57739  -9.57617  -9.57412
  -9.57419  -9.57418  -9.57270  -9.57240  -9.57066
  -9.57956  -9.57964  -9.57865  -9.57878  -9.57730
  -9.58974  -9.58998  -9.59181  -9.59107  -9.58923
  -9.60148  -9.60187  -9.60620  -9.60479  -9.60267
  -9.61339  -9.61394  -9.62071  -9.61866  -9.61629
  -9.62531  -9.62600  -9.63521  -9.63252  -9.62990
  -9.63723  -9.63807  -9.64972  -9.64639  -9.64352
---------------------/ IGRD= 1  / IPRT= 1  /--------/ Z1= 7   / DATE= 04/11/99  
 -73.99978 -73.99978 -73.99978 -73.99978 -73.99978
 -74.00000 -74.00000 -74.00000 -74.00000 -74.00000
 -73.31729 -73.31826 -73.31970 -73.32148 -73.32374
 -72.34632 -72.34888 -72.35256 -72.35703 -72.36264
 -72.01924 -72.01484 -72.00858 -72.00117 -71.99184
 -68.42487 -68.38500 -68.32647 -68.25425 -68.16315
 -55.70381 -55.59514 -55.43264 -55.22788 -54.96897
 -43.30662 -43.21477 -43.07066 -42.88152 -42.63995
 -34.63527 -34.57764 -34.47936 -34.34341 -34.16518
 -28.14166 -28.09236 -28.00584 -27.88443 -27.72078
 -23.38645 -23.35275 -23.29001 -23.19751 -23.06841
 -19.88816 -19.86382 -19.81567 -19.74187 -19.63641
 -17.31065 -17.29284 -17.25587 -17.19868 -17.11421
 -15.41230 -15.39914 -15.37130 -15.32742 -15.26042
 -14.00611 -13.99708 -13.97647 -13.94162 -13.88835
 -12.96396 -12.95843 -12.94314 -12.91548 -12.87368
 -12.19056 -12.18612 -12.17422 -12.15343 -12.12040
 -11.61457 -11.61122 -11.60157 -11.58617 -11.55980
 -11.18480 -11.18225 -11.17492 -11.16281 -11.14202
 -10.86373 -10.86238 -10.85664 -10.84652 -10.83016
 -10.62454 -10.62381 -10.61894 -10.61057 -10.59755
 -10.44664 -10.44516 -10.44120 -10.43466 -10.42395
 -10.31463 -10.31382 -10.31106 -10.30507 -10.29559
 -10.21929 -10.21900 -10.21682 -10.21165 -10.20351
 -10.15076 -10.15027 -10.14826 -10.14420 -10.13721
 -10.09956 -10.09892 -10.09740 -10.09402 -10.08806
 -10.06020 -10.05962 -10.05857 -10.05557 -10.05039
 -10.02946 -10.02902 -10.02793 -10.02550 -10.02034
 -10.00447 -10.00434 -10.00346 -10.00186  -9.99662
  -9.98338  -9.98339  -9.98322  -9.98252  -9.97827
  -9.96679  -9.96677  -9.96692  -9.96655  -9.96336
  -9.95386  -9.95386  -9.95355  -9.95280  -9.94972
  -9.94139  -9.94142  -9.94055  -9.93934  -9.93622
  -9.92893  -9.92899  -9.92754  -9.92587  -9.92273
  -9.91646  -9.91655  -9.91454  -9.91241  -9.90924
