    6    5   30    1    6
******************************************
  11.00000  12.00000  13.00000  14.00000  15.00000
   0.00000   0.13793   0.27586   0.41379   0.55172   0.68966   0.82759   0.96552
   1.10345   1.24138   1.37931   1.51724   1.65517   1.79310   1.93103   2.06897
   2.20690   2.34483   2.48276   2.62069   2.75862   2.89655   3.03448   3.17241
   3.31034   3.44828   3.58621   3.72414   3.86207   4.00000
**** 0**************************************
 -12.53772 -12.26317 -11.84981 -11.39652 -11.03167
 -11.21385 -10.98317 -10.64231 -10.27153  -9.97453
 -10.23107 -10.04415  -9.75517  -9.43519  -9.17746
  -9.49589  -9.34142  -9.09180  -8.81062  -8.58261
  -8.93843  -8.80816  -8.58926  -8.33892  -8.13449
  -8.50766  -8.39826  -8.20497  -7.97977  -7.79428
  -8.16727  -8.07733  -7.90689  -7.70347  -7.53409
  -7.89483  -7.82122  -7.67121  -7.48805  -7.33382
  -7.67636  -7.61506  -7.48315  -7.31942  -7.18018
  -7.50196  -7.44994  -7.33346  -7.18723  -7.06187
  -7.36398  -7.31920  -7.21547  -7.08404  -6.97058
  -7.25551  -7.21649  -7.12335  -7.00443  -6.90116
  -7.17120  -7.13693  -7.05292  -6.94491  -6.85052
  -7.10725  -7.07702  -7.00107  -6.90277  -6.81621
  -7.06098  -7.03408  -6.96500  -6.87498  -6.79504
  -7.02977  -7.00546  -6.94196  -6.85870  -6.78403
  -7.00848  -6.98634  -6.92761  -6.85010  -6.77992
  -6.99190  -6.97179  -6.91760  -6.84560  -6.77967
  -6.97791  -6.95982  -6.91013  -6.84359  -6.78187
  -6.96568  -6.94960  -6.90441  -6.84329  -6.78577
  -6.95480  -6.94072  -6.89998  -6.84428  -6.79094
  -6.94490  -6.93280  -6.89651  -6.84619  -6.79700
  -6.93569  -6.92559  -6.89373  -6.84877  -6.80371
  -6.92701  -6.91889  -6.89145  -6.85181  -6.81087
  -6.91870  -6.91255  -6.88951  -6.85520  -6.81834
  -6.91065  -6.90648  -6.88784  -6.85882  -6.82604
  -6.90281  -6.90061  -6.88634  -6.86260  -6.83388
  -6.89512  -6.89488  -6.88498  -6.86649  -6.84180
  -6.88752  -6.88924  -6.88370  -6.87045  -6.84977
  -6.88000  -6.88369  -6.88249  -6.87445  -6.85778
**** 1**************************************
 -17.84325 -17.88901 -17.76783 -17.23672 -16.39694
 -15.09438 -15.10921 -15.06906 -14.74277 -14.07715
 -13.11901 -13.10626 -13.07729 -12.85710 -12.34224
 -11.61323 -11.60257 -11.59203 -11.44547 -11.05637
 -10.50432 -10.50161 -10.50385 -10.40220 -10.10346
  -9.71289  -9.71553  -9.72021  -9.63885  -9.39555
  -9.13851  -9.14454  -9.14742  -9.07480  -8.86649
  -8.71019  -8.71947  -8.72144  -8.65529  -8.47246
  -8.38731  -8.39955  -8.40179  -8.34197  -8.17935
  -8.13960  -8.15377  -8.15761  -8.10405  -7.95725
  -7.95070  -7.96582  -7.97065  -7.92222  -7.78848
  -7.80709  -7.82261  -7.82811  -7.78392  -7.66098
  -7.69865  -7.71451  -7.72078  -7.68033  -7.56627
  -7.61834  -7.63449  -7.64152  -7.60423  -7.49741
  -7.56118  -7.57739  -7.58484  -7.54997  -7.44897
  -7.52269  -7.53883  -7.54638  -7.51327  -7.41691
  -7.49885  -7.51497  -7.52267  -7.49096  -7.39819
  -7.48650  -7.50281  -7.51094  -7.48054  -7.39053
  -7.48414  -7.50074  -7.50943  -7.48016  -7.39214
  -7.49050  -7.50736  -7.51649  -7.48803  -7.40139
  -7.50361  -7.52061  -7.52996  -7.50201  -7.41630
  -7.52008  -7.53719  -7.54669  -7.51912  -7.43420
  -7.53810  -7.55529  -7.56493  -7.53774  -7.45362
  -7.55704  -7.57432  -7.58410  -7.55730  -7.47400
  -7.57669  -7.59403  -7.60395  -7.57757  -7.49509
  -7.59685  -7.61425  -7.62430  -7.59832  -7.51669
  -7.61735  -7.63480  -7.64499  -7.61942  -7.53865
  -7.63809  -7.65558  -7.66589  -7.64075  -7.56087
  -7.65899  -7.67652  -7.68696  -7.66225  -7.58327
  -7.67999  -7.69755  -7.70811  -7.68384  -7.60577
**** 2**************************************
 -28.76506 -28.51312 -27.84741 -26.80195 -25.62459
 -22.87947 -22.68847 -22.23346 -21.49776 -20.60932
 -18.58817 -18.44743 -18.14828 -17.64640 -16.98059
 -15.69799 -15.59774 -15.40175 -15.05510 -14.54185
 -13.66283 -13.59236 -13.46534 -13.22157 -12.81504
 -12.16398 -12.11501 -12.03516 -11.86429 -11.54119
 -11.05046 -11.01635 -10.96780 -10.84891 -10.59388
 -10.22936 -10.20472 -10.17533 -10.09116  -9.88865
  -9.62263  -9.60372  -9.58518  -9.52319  -9.35958
  -9.17100  -9.15566  -9.14347  -9.09629  -8.96195
  -8.83355  -8.82069  -8.81285  -8.77667  -8.66500
  -8.58198  -8.57085  -8.56601  -8.53803  -8.44401
  -8.39564  -8.38572  -8.38302  -8.36195  -8.28059
  -8.25845  -8.25017  -8.24943  -8.23272  -8.16105
  -8.15797  -8.15098  -8.15170  -8.13830  -8.07414
  -8.08519  -8.07927  -8.08120  -8.07042  -8.01229
  -8.03471  -8.02960  -8.03270  -8.02440  -7.97136
  -8.00240  -7.99780  -8.00222  -7.99658  -7.94808
  -7.98452  -7.98030  -7.98604  -7.98294  -7.93832
  -7.97789  -7.97415  -7.98104  -7.98000  -7.93839
  -7.98038  -7.97729  -7.98512  -7.98548  -7.94598
  -7.99115  -7.98869  -7.99740  -7.99897  -7.96105
  -8.00875  -8.00680  -8.01644  -8.01927  -7.98269
  -8.03091  -8.02934  -8.03997  -8.04419  -8.00887
  -8.05495  -8.05372  -8.06536  -8.07101  -8.03691
  -8.07989  -8.07900  -8.09165  -8.09872  -8.06584
  -8.10554  -8.10499  -8.11863  -8.12712  -8.09547
  -8.13169  -8.13147  -8.14611  -8.15602  -8.12559
  -8.15819  -8.15831  -8.17395  -8.18528  -8.15605
  -8.18495  -8.18541  -8.20206  -8.21480  -8.18679
**** 3**************************************
 -37.07104 -36.92430 -36.46441 -35.53223 -34.28896
 -29.42367 -29.30602 -28.91825 -28.12061 -27.03900
 -23.84076 -23.75176 -23.43518 -22.77018 -21.84809
 -19.76564 -19.70190 -19.44934 -18.90464 -18.12889
 -16.78577 -16.74092 -16.53890 -16.09110 -15.43659
 -14.60255 -14.57105 -14.40659 -14.03224 -13.47327
 -13.00010 -12.97890 -12.84279 -12.52348 -12.03903
 -11.82148 -11.80955 -11.69581 -11.41793 -10.99151
 -10.95275 -10.94868 -10.85256 -10.60641 -10.22599
 -10.31108 -10.31242 -10.22971 -10.00909  -9.66678
  -9.83585  -9.84058  -9.76819  -9.56878  -9.25873
  -9.48289  -9.49016  -9.42629  -9.24481  -8.96202
  -9.22048  -9.22984  -9.17328  -9.00713  -8.74743
  -9.02614  -9.03690  -8.98635  -8.83329  -8.59326
  -8.88348  -8.89473  -8.84884  -8.70705  -8.48408
  -8.77947  -8.79061  -8.74845  -8.61668  -8.40882
  -8.70396  -8.71493  -8.67625  -8.55382  -8.35962
  -8.64995  -8.66088  -8.62562  -8.51213  -8.33056
  -8.61292  -8.62349  -8.59132  -8.48640  -8.31684
  -8.58951  -8.59932  -8.56982  -8.47307  -8.31505
  -8.57739  -8.58632  -8.55921  -8.47021  -8.32309
  -8.57512  -8.58335  -8.55859  -8.47684  -8.33970
  -8.58154  -8.58926  -8.56679  -8.49186  -8.36395
  -8.59545  -8.60262  -8.58230  -8.51392  -8.39481
  -8.61533  -8.62175  -8.60338  -8.54138  -8.43097
  -8.63876  -8.64433  -8.62777  -8.57201  -8.47015
  -8.66369  -8.66843  -8.65363  -8.60395  -8.51048
  -8.68943  -8.69338  -8.68029  -8.63654  -8.55131
  -8.71571  -8.71888  -8.70748  -8.66954  -8.59235
  -8.74234  -8.74477  -8.73502  -8.70275  -8.63347
**** 4**************************************
 -40.00000 -40.00000 -40.00000 -40.00000 -40.00000
 -40.00000 -40.00000 -40.00000 -40.00000 -40.00000
 -40.00000 -40.00000 -40.00000 -40.00000 -40.00000
 -40.00000 -40.00000 -40.00000 -40.00000 -40.00000
 -40.00000 -40.00000 -40.00000 -40.00000 -40.00000
 -40.00000 -40.00000 -40.00000 -40.00000 -40.00000
 -35.66526 -35.56330 -35.40455 -35.17520 -34.85880
 -28.68193 -28.59686 -28.48052 -28.30362 -28.04077
 -22.63524 -22.52104 -22.50155 -22.39117 -22.06525
 -19.17875 -19.07885 -19.06773 -18.97725 -18.69424
 -16.91749 -16.85219 -16.83018 -16.74990 -16.53877
 -14.95010 -14.89828 -14.88403 -14.81902 -14.63641
 -13.41816 -13.36855 -13.36648 -13.31355 -13.13390
 -12.32457 -12.28188 -12.28509 -12.24079 -12.07342
 -11.54955 -11.51709 -11.52044 -11.48411 -11.34105
 -10.96924 -10.94492 -10.94745 -10.91807 -10.79886
 -10.52293 -10.50352 -10.50595 -10.48162 -10.37848
 -10.18376 -10.16772 -10.17018 -10.14934 -10.05742
  -9.92931  -9.91596  -9.91834  -9.89991  -9.81652
  -9.73877  -9.72740  -9.72962  -9.71286  -9.63588
  -9.59597  -9.58582  -9.58786  -9.57238  -9.50030
  -9.49044  -9.48101  -9.48291  -9.46847  -9.40034
  -9.41374  -9.40483  -9.40678  -9.39306  -9.32769
  -9.36063  -9.35217  -9.35435  -9.34121  -9.27800
  -9.32991  -9.32169  -9.32394  -9.31197  -9.25236
  -9.31670  -9.30842  -9.31044  -9.30003  -9.24744
  -9.31361  -9.30571  -9.30743  -9.29819  -9.25063
  -9.31570  -9.30803  -9.30944  -9.30121  -9.25803
  -9.32076  -9.31326  -9.31440  -9.30705  -9.26780
  -9.32783  -9.32047  -9.32135  -9.31483  -9.27918
**** 5**************************************
 -40.00000 -40.00000 -40.00000 -40.00000 -40.00000
 -40.00000 -40.00000 -40.00000 -40.00000 -40.00000
 -40.00000 -40.00000 -40.00000 -40.00000 -40.00000
 -40.00000 -40.00000 -40.00000 -40.00000 -40.00000
 -40.00000 -40.00000 -40.00000 -40.00000 -40.00000
 -40.00000 -40.00000 -40.00000 -40.00000 -40.00000
 -40.00000 -40.00000 -40.00000 -40.00000 -40.00000
 -34.08229 -33.95827 -33.72974 -33.35764 -32.80610
 -27.41197 -27.32166 -27.14771 -26.85749 -26.42079
 -22.46460 -22.40180 -22.27621 -22.06771 -21.75743
 -19.08387 -19.03021 -18.92685 -18.76913 -18.55243
 -16.70185 -16.65223 -16.56240 -16.43962 -16.29025
 -14.89742 -14.85630 -14.78415 -14.69270 -14.59244
 -13.53298 -13.50159 -13.44711 -13.38148 -13.31531
 -12.53501 -12.51063 -12.46879 -12.42073 -12.37637
 -11.80998 -11.79005 -11.75641 -11.71940 -11.68820
 -11.27739 -11.26060 -11.23263 -11.20301 -11.18011
 -10.87763 -10.86354 -10.84029 -10.81659 -10.80011
 -10.57827 -10.56647 -10.54712 -10.52817 -10.51661
 -10.35653 -10.34652 -10.33021 -10.31485 -10.30680
 -10.19385 -10.18513 -10.17104 -10.15828 -10.15274
 -10.07518 -10.06732 -10.05474 -10.04385 -10.04031
  -9.98966  -9.98237  -9.97083  -9.96133  -9.95941
  -9.92944  -9.92268  -9.91205  -9.90365  -9.90288
  -9.88875  -9.88266  -9.87305  -9.86566  -9.86554
  -9.86385  -9.85841  -9.84990  -9.84355  -9.84394
  -9.85163  -9.84664  -9.83918  -9.83394  -9.83505
  -9.84863  -9.84388  -9.83738  -9.83334  -9.83544
  -9.85106  -9.84649  -9.84090  -9.83808  -9.84128
  -9.85646  -9.85207  -9.84739  -9.84579  -9.85009
